1.19448e-05 3.79708e+07 453.554
1.42678e-05 3.14045e+07 448.074
1.70426e-05 2.597e+07 442.596
2.03571e-05 2.14724e+07 437.115
2.43161e-05 1.7751e+07 431.634
2.90451e-05 1.46721e+07 426.152
3.46937e-05 1.21252e+07 420.669
4.1441e-05 1.00187e+07 415.186
4.95004e-05 8.27675e+06 409.702
5.91272e-05 6.83638e+06 404.216
7.06263e-05 5.64565e+06 398.731
8.43616e-05 4.66139e+06 393.243
0.000100768 3.84799e+06 387.756
0.000120366 3.17589e+06 382.268
0.000143774 2.62063e+06 376.779
0.000171735 2.16198e+06 371.289
0.000205134 1.7832e+06 365.796
0.000245029 1.47046e+06 360.305
0.000292682 1.21228e+06 354.812
0.000349603 999189 349.319
0.000417593 823353 343.827
0.000498807 678282 338.331
0.000595814 558622 332.835
0.000711688 459946 327.338
0.000850097 378594 321.842
0.00101542 311538 316.343
0.0012129 256281 310.844
0.00144879 210758 305.344
0.00173055 173266 299.844
0.0020671 142393 294.342
0.00246911 116981 288.84
0.00294931 96069.1 283.337
0.00352289 78865.3 277.833
0.00420801 64716.6 272.329
0.00502639 53084.4 266.823
0.00600392 43524.3 261.316
0.00717156 35670.1 255.81
0.00856628 29219.4 250.301
0.0102322 23923.7 244.793
0.0122222 19577.7 239.283
0.0145992 16012.7 233.773
0.0174384 13089.6 228.261
0.0208298 10693.8 222.749
0.0248808 8731.07 217.236
0.0297196 7124.02 211.723
0.0354995 5808.76 206.208
0.0424034 4732.94 200.693
0.05065 3853.45 195.177
0.0605004 3134.87 189.661
0.0722665 2548.11 184.143
0.0863209 2069.3 178.624
0.103109 1678.86 173.105
0.123161 1360.7 167.585
0.147113 1101.63 162.065
0.175724 890.851 156.544
0.209899 719.5 151.022
0.25072 580.327 145.499
0.299479 467.401 139.977
0.357722 375.861 134.454
0.427292 301.741 128.931
0.510391 241.793 123.409
0.609652 193.367 117.887
0.728217 154.305 112.367
0.86984 122.837 106.849
1.03901 97.5302 101.335
1.24107 77.2112 95.8247
1.48244 60.928 90.3218
1.77074 47.9057 84.8285
2.11511 37.5148 79.3479
2.52646 29.2449 73.8859
3.0178 22.6815 68.4482
3.6047 17.4891 63.0431
4.30574 13.3965 57.6821
5.14312 10.1842 52.3786
6.14336 7.67504 47.1505
7.33811 5.72641 42.021
8.76523 4.22311 37.0165
10.4699 3.07273 32.1712
12.5061 2.20085 27.5239
14.9382 1.54767 23.1195
17.8434 1.06524 19.0075
21.3136 0.714973 15.2386
25.4587 0.465972 11.863
30.4099 0.293434 8.92328
36.3239 0.177535 6.44878
43.3882 0.102542 4.44911
51.8263 0.0561346 2.90925
61.9055 0.0288914 1.78853
73.9449 0.0138548 1.02449
88.3256 0.00612851 0.541305
105.503 0.00247208 0.260812
126.021 0.000897422 0.113094
150.53 0.000288679 0.0434549
179.805 8.07742e-05 0.0145236
214.773 1.92275e-05 0.00412955
256.542 3.79195e-06 0.000972795
306.435 6.0045e-07 0.000183999
366.03 7.358e-08 2.69325e-05
437.215 6.68089e-09 2.92099e-06
522.245 4.26328e-10 2.22648e-07
