1.19339e-05 3.7691e+07 449.799
1.42417e-05 3.12004e+07 444.349
1.69959e-05 2.58236e+07 438.896
2.02827e-05 2.13701e+07 433.444
2.42051e-05 1.76818e+07 427.99
2.88861e-05 1.46277e+07 422.537
3.44723e-05 1.2099e+07 417.081
4.11389e-05 1.00058e+07 411.626
4.90946e-05 8.27318e+06 406.168
5.85889e-05 6.83938e+06 400.712
6.99192e-05 5.65301e+06 395.254
8.34408e-05 4.6715e+06 389.794
9.95772e-05 3.85967e+06 384.335
0.000118834 3.18826e+06 378.875
0.000141815 2.6331e+06 373.413
0.000169241 2.17412e+06 367.95
0.00020197 1.79476e+06 362.487
0.000241028 1.48125e+06 357.023
0.00028764 1.22222e+06 351.558
0.000343266 1.00824e+06 346.093
0.000409649 831508 340.626
0.00048887 685583 335.161
0.000583412 565112 329.693
0.000696236 465680 324.224
0.00083088 383634 318.754
0.000991561 315950 313.284
0.00118332 260127 307.812
0.00141216 214099 302.341
0.00168525 176157 296.869
0.00201116 144889 291.395
0.00240009 119129 285.921
0.00286424 97912.9 280.446
0.00341814 80444.2 274.97
0.00407917 66065.7 269.493
0.00486803 54234.5 264.015
0.00580945 44502.8 258.537
0.00693292 36501 253.058
0.00827366 29923.6 247.578
0.00987369 24519.5 242.098
0.0117831 20080.8 236.615
0.0140618 16436.9 231.133
0.0167812 13446.6 225.65
0.0200265 10993.7 220.166
0.0238994 8982.73 214.682
0.0285212 7334.73 209.196
0.0340369 5984.97 203.71
0.0406192 4880.03 198.223
0.0484745 3976.01 192.735
0.0578488 3236.82 187.246
0.0690361 2632.77 181.756
0.0823868 2139.5 176.267
0.0983194 1736.94 170.775
0.117333 1408.67 165.283
0.140024 1141.16 159.79
0.167103 923.37 154.298
0.199418 746.19 148.804
0.237983 602.187 143.311
0.284007 485.258 137.817
0.33893 390.411 132.322
0.404475 313.562 126.828
0.482695 251.368 121.334
0.576042 201.098 115.841
0.687442 160.523 110.35
0.820385 127.82 104.861
0.979037 101.505 99.377
1.16837 80.3663 93.8976
1.39432 63.4186 88.4258
1.66396 49.8597 82.9647
1.98575 39.0371 77.5181
2.36977 30.4211 72.0912
2.82806 23.5818 66.6906
3.37497 18.1707 61.3254
4.02765 13.9058 56.0077
4.80654 10.5588 50.7515
5.73607 7.94571 45.5771
6.84535 5.91738 40.5065
8.16916 4.35408 35.5691
9.74897 3.15932 30.8001
11.6343 2.2553 26.2389
13.8842 1.57958 21.9313
16.5693 1.08195 17.9272
19.7736 0.722011 14.2767
23.5975 0.467329 11.0278
28.161 0.291899 8.22016
33.607 0.174915 5.87838
40.1062 0.0998919 4.00628
47.8622 0.0539636 2.58281
57.1181 0.0273473 1.56203
68.1641 0.0128802 0.877965
81.3462 0.00557943 0.453865
97.0775 0.00219672 0.213252
115.851 0.000775451 0.0898369
138.255 0.000241523 0.0333919
164.992 6.5118e-05 0.010744
196.9 1.48552e-05 0.00292498
234.977 2.7907e-06 0.000655752
280.419 4.18119e-07 0.000117249
334.649 4.81122e-08 1.61007e-05
399.366 4.06448e-09 1.62321e-06
476.598 2.37994e-10 1.13428e-07
