1.19437e-05 525558 6.27712
1.42652e-05 440089 6.27798
1.7038e-05 368477 6.27811
2.03497e-05 308517 6.27824
2.43052e-05 258356 6.27939
2.90294e-05 216304 6.27916
3.46719e-05 181132 6.28018
4.14112e-05 151658 6.28033
4.94603e-05 126990 6.28096
5.9074e-05 106330 6.28136
7.05564e-05 89032.7 6.28183
8.42706e-05 74549.1 6.28229
0.00010065 62421.7 6.28277
0.000120214 52266.9 6.28322
0.00014358 43764.3 6.2837
0.000171488 36644.8 6.28416
0.000204821 30683.3 6.28459
0.000244632 25692.1 6.28513
0.000292182 21512.3 6.28552
0.000348974 18012.8 6.286
0.000416805 15082.5 6.28646
0.000497821 12628.9 6.28694
0.000594583 10574.5 6.28739
0.000710153 8854.23 6.28787
0.000848187 7413.85 6.28833
0.00101305 6207.87 6.28889
0.00120996 5197.96 6.28933
0.00144514 4352.27 6.28965
0.00172604 3644.3 6.2902
0.00206153 3051.44 6.29064
0.00246224 2555.04 6.29112
0.00294083 2139.39 6.29157
0.00351244 1791.36 6.29206
0.00419516 1499.93 6.29247
0.00501059 1255.93 6.29296
0.00598451 1051.62 6.29344
0.00714773 880.547 6.29391
0.00853705 737.301 6.29437
0.0101964 617.356 6.29482
0.0121783 516.926 6.29529
0.0145454 432.834 6.29575
0.0173727 362.42 6.2962
0.0207494 303.462 6.29667
0.0247825 254.095 6.29712
0.0295996 212.759 6.29757
0.0353529 178.147 6.298
0.0422245 149.165 6.29842
0.0504318 124.901 6.29898
0.0602343 104.585 6.29962
0.0719422 87.5647 6.29959
0.0859258 73.3175 6.29986
0.102627 61.3906 6.30035
0.122575 51.4013 6.30053
0.1464 43.0369 6.30062
0.174857 36.0331 6.30063
0.208844 30.1683 6.30046
0.249437 25.2571 6.30007
0.297921 21.1444 6.29936
0.355829 17.7001 6.29819
0.424992 14.8154 6.29644
0.507598 12.3993 6.29389
0.606261 10.3755 6.29025
0.724102 8.67992 6.28514
0.864847 7.25915 6.27806
1.03295 6.06839 6.26834
1.23373 5.07009 6.2551
1.47353 4.23284 6.23721
1.75994 3.53035 6.2132
2.10202 2.94058 6.18116
2.5106 2.44511 6.13869
2.99859 2.02857 6.08285
3.58143 1.6781 6.00999
4.27756 1.38298 5.91576
5.109 1.13431 5.79521
6.10205 0.92468 5.64244
7.28812 0.748027 5.45171
8.70472 0.599332 5.21702
10.3967 0.474502 4.93324
12.4175 0.370199 4.59695
14.8311 0.283698 4.20755
17.7139 0.212748 3.76859
21.157 0.155446 3.28877
25.2693 0.110116 2.78254
30.1809 0.0752041 2.26973
36.0473 0.0492079 1.77381
43.0539 0.0306344 1.31893
51.4223 0.018007 0.925961
61.4174 0.00991041 0.608671
73.3552 0.00506039 0.371206
87.6134 0.00237321 0.207925
104.643 0.00101078 0.105771
124.983 0.000385963 0.0482387
149.276 0.000130149 0.0194282
178.291 3.80645e-05 0.00678655
212.946 9.44903e-06 0.00201213
254.337 1.94007e-06 0.00049343
303.772 3.19519e-07 9.7061e-05
362.817 4.07155e-08 1.47723e-05
433.339 3.84751e-09 1.66728e-06
517.568 2.56197e-10 1.326e-07
