1.19328e-05 1.51267e+06 18.0504
1.42392e-05 1.26779e+06 18.0523
1.69913e-05 1.06251e+06 18.0535
2.02754e-05 890470 18.0546
2.41943e-05 746294 18.056
2.88705e-05 625464 18.0575
3.44506e-05 524187 18.0586
4.11093e-05 439319 18.0601
4.90549e-05 368184 18.0612
5.85362e-05 308573 18.0627
6.98501e-05 258612 18.0641
8.33507e-05 216738 18.0652
9.94608e-05 181646 18.0666
0.000118685 152236 18.068
0.000141624 127587 18.0694
0.000168997 106928 18.0705
0.000201661 89615.2 18.0719
0.000240638 75105.5 18.0732
0.000287149 62944.8 18.0745
0.000342649 52753.3 18.0759
0.000408876 44212.4 18.0774
0.000487904 37053.8 18.0787
0.000582206 31054.2 18.0799
0.000694735 26026.1 18.0812
0.000829013 21812.3 18.0827
0.000989245 18280.5 18.0838
0.00118045 15320.5 18.0851
0.0014086 12840.1 18.0866
0.00168086 10761.1 18.088
0.00200574 9018.72 18.0892
0.0023934 7558.49 18.0905
0.002856 6334.68 18.0919
0.00340801 5309.02 18.0932
0.00406671 4449.42 18.0945
0.00485273 3729 18.0958
0.00579066 3125.22 18.0971
0.00690989 2619.22 18.0985
0.00824543 2195.12 18.0997
0.00983911 1839.7 18.101
0.0117408 1541.83 18.1023
0.0140101 1292.17 18.1034
0.016718 1082.95 18.1047
0.0199492 907.601 18.1059
0.023805 760.637 18.107
0.028406 637.467 18.1079
0.0338964 534.242 18.1088
0.0404478 447.726 18.1095
0.0482656 375.216 18.11
0.0575944 314.444 18.1102
0.0687263 263.511 18.1101
0.0820097 220.826 18.1099
0.0978606 185.042 18.1083
0.116775 155.05 18.106
0.139345 129.912 18.1027
0.166278 108.84 18.0977
0.198416 91.1757 18.0908
0.236766 76.3665 18.081
0.282529 63.9504 18.0678
0.337136 53.5391 18.05
0.402298 44.8081 18.0262
0.480054 37.4846 17.9946
0.572839 31.3408 17.9532
0.683557 26.1851 17.899
0.815675 21.8576 17.8287
0.973329 18.224 17.738
1.16145 15.1722 17.6218
1.38594 12.608 17.4739
1.65382 10.4528 17.287
1.97347 8.64099 17.0527
2.3549 7.11767 16.7614
2.81005 5.83708 16.4025
3.35318 4.76111 15.9648
4.00128 3.85808 15.4373
4.77465 3.1016 14.8091
5.6975 2.4698 14.0717
6.79871 1.94441 13.2195
8.11277 1.5102 12.2519
9.68081 1.15433 11.1749
11.5519 0.865877 10.0025
13.7847 0.63536 8.75823
16.449 0.454405 7.4745
19.6282 0.315465 6.19202
23.422 0.211612 4.95637
27.949 0.136453 3.81373
33.351 0.0841003 2.80483
39.7971 0.0492308 1.95924
47.4891 0.0271816 1.29083
56.6678 0.0140468 0.796003
67.6205 0.006737 0.45556
80.6902 0.00297049 0.23969
96.2861 0.00119126 0.114702
114.896 0.000429118 0.0493041
137.103 0.000136806 0.0187565
163.603 3.79169e-05 0.00620331
195.224 8.94126e-06 0.00174555
232.957 1.7481e-06 0.000407233
277.983 2.74781e-07 7.63846e-05
331.712 3.34891e-08 1.11087e-05
395.825 3.03148e-09 1.19994e-06
472.33 1.93378e-10 9.13382e-08
