1.19328e-05 493984 5.89462
1.42392e-05 414039 5.89558
1.69913e-05 347003 5.89604
2.02754e-05 290803 5.89616
2.41943e-05 243729 5.89684
2.88705e-05 204266 5.89728
3.44506e-05 171189 5.89756
4.11093e-05 143474 5.8981
4.90549e-05 120243 5.89849
5.85362e-05 100774 5.89894
6.98501e-05 84457.6 5.89937
8.33507e-05 70782.9 5.89981
9.94608e-05 59322.3 5.90024
0.000118685 49717.3 5.90067
0.000141624 41667.7 5.90114
0.000168997 34920.8 5.90152
0.000201661 29266.8 5.90198
0.000240638 24528.3 5.90245
0.000287149 20556.6 5.90281
0.000342649 17228.4 5.90327
0.000408876 14438.9 5.90372
0.000487904 12101.1 5.90416
0.000582206 10141.7 5.90458
0.000694735 8499.68 5.90502
0.000829013 7123.52 5.90549
0.000989245 5970.02 5.90582
0.00118045 5003.38 5.90622
0.0014086 4193.35 5.90677
0.00168086 3514.38 5.90718
0.00200574 2945.36 5.90761
0.0023934 2468.47 5.90805
0.002856 2068.79 5.90848
0.00340801 1733.83 5.90892
0.00406671 1453.1 5.90935
0.00485273 1217.83 5.90979
0.00579066 1020.65 5.91022
0.00690989 855.39 5.91065
0.00824543 716.894 5.9111
0.00983911 600.818 5.91152
0.0117408 503.538 5.91195
0.0140101 422.008 5.91237
0.016718 353.68 5.9128
0.0199492 296.414 5.91323
0.023805 248.421 5.91365
0.028406 208.197 5.91406
0.0338964 174.487 5.91447
0.0404478 146.233 5.91482
0.0482656 122.555 5.91517
0.0575944 102.709 5.91547
0.0687263 86.08 5.91596
0.0820097 72.146 5.91667
0.0978606 60.4594 5.9166
0.116775 50.6675 5.9167
0.139345 42.4614 5.9168
0.166278 35.5835 5.91676
0.198416 29.8188 5.91654
0.236766 24.987 5.91609
0.282529 20.9371 5.91532
0.337136 17.5421 5.91408
0.402298 14.6962 5.91225
0.480054 12.3103 5.9096
0.572839 10.3098 5.90585
0.683557 8.63222 5.90061
0.815675 7.22518 5.8934
0.973329 6.04474 5.88352
1.16145 5.05412 5.87013
1.38594 4.22245 5.85207
1.65382 3.52392 5.82791
1.97347 2.93685 5.79577
2.3549 2.44313 5.75333
2.81005 2.02761 5.69769
3.35318 1.6776 5.62531
4.00128 1.38257 5.53204
4.77465 1.13369 5.41297
5.6975 0.923735 5.26298
6.79871 0.746656 5.0763
8.11277 0.597527 4.8476
9.68081 0.472312 4.57236
11.5519 0.367716 4.24782
13.7847 0.281045 3.87412
16.449 0.210065 3.45536
19.6282 0.152874 3.00065
23.422 0.107775 2.52431
27.949 0.0731902 2.04559
33.351 0.0475741 1.58664
39.7971 0.0293909 1.16967
47.4891 0.0171242 0.813213
56.6678 0.00932993 0.528706
67.6205 0.00470964 0.318468
80.6902 0.00218018 0.175919
96.2861 0.000915044 0.088106
114.896 0.000343684 0.039488
137.103 0.000113767 0.0155979
163.603 3.2593e-05 0.00533231
195.224 7.90771e-06 0.00154377
232.957 1.58329e-06 0.000368839
277.983 2.53736e-07 7.05342e-05
331.712 3.13998e-08 1.04157e-05
395.825 2.87623e-09 1.13848e-06
472.33 1.85174e-10 8.74633e-08
