1.20683e-05 16749.7 0.20214
1.45643e-05 13880.1 0.202154
1.75766e-05 11502 0.202167
2.1212e-05 9531.82 0.202189
2.55992e-05 7898.74 0.202201
3.08938e-05 6545.45 0.202214
3.72835e-05 5424.24 0.202235
4.49948e-05 4494.88 0.202246
5.43009e-05 3724.93 0.202267
6.55319e-05 3086.72 0.202279
7.90857e-05 2557.96 0.202298
9.54428e-05 2119.69 0.202309
0.000115183 1756.58 0.202328
0.000139006 1455.67 0.202347
0.000167756 1206.25 0.202357
0.000202453 999.613 0.202375
0.000244326 828.37 0.202392
0.000294859 686.461 0.202409
0.000355844 568.861 0.202426
0.000429443 471.39 0.202435
0.000518264 390.633 0.202451
0.000625455 323.711 0.202467
0.000754816 268.263 0.202489
0.000910933 222.304 0.202504
0.00109934 184.218 0.202518
0.00132671 152.657 0.202533
0.00160111 126.503 0.202546
0.00193227 104.833 0.202566
0.00233192 86.8723 0.202579
0.00281422 71.9907 0.202598
0.00339628 59.6564 0.20261
0.00409872 49.4367 0.202628
0.00494645 40.9677 0.202645
0.00596952 33.9494 0.202661
0.00720418 28.1333 0.202677
0.0086942 23.3135 0.202693
0.0104924 19.3194 0.202707
0.0126625 16.0095 0.202721
0.0152815 13.2667 0.202734
0.0184421 10.994 0.202752
0.0222565 9.11057 0.202769
0.0268597 7.54957 0.202779
0.032415 6.25615 0.202793
0.0391194 5.18428 0.202806
0.0472103 4.29601 0.202816
0.0569747 3.55998 0.202829
0.0687587 2.94994 0.202834
0.0829799 2.44444 0.202839
0.100142 2.02551 0.202839
0.120855 1.67832 0.202832
0.145851 1.39057 0.202816
0.176017 1.15212 0.202793
0.212422 0.95446 0.202748
0.256357 0.790647 0.202688
0.309378 0.654871 0.202603
0.373366 0.542301 0.202477
0.450589 0.448981 0.202306
0.543783 0.371608 0.202074
0.656252 0.307435 0.201755
0.791983 0.254208 0.201329
0.955788 0.21005 0.200763
1.15347 0.173401 0.200014
1.39204 0.142976 0.199028
1.67995 0.117711 0.197748
2.02741 0.0967184 0.196088
2.44674 0.0792743 0.193964
2.95279 0.0647725 0.19126
3.56351 0.0527164 0.187856
4.30055 0.0426955 0.183614
5.19002 0.0343711 0.178387
6.26346 0.0274664 0.172035
7.55891 0.0217521 0.164422
9.12231 0.0170404 0.155448
11.0091 0.0131762 0.145057
13.286 0.010031 0.133272
16.0339 0.00749707 0.120208
19.3502 0.0054832 0.106101
23.3524 0.00390994 0.0913063
28.1823 0.0027072 0.0762952
34.0112 0.00181178 0.0616208
41.0456 0.00116603 0.0478606
49.535 0.00071766 0.0355493
59.7802 0.000419839 0.0250981
72.1444 0.000231919 0.0167317
87.0659 0.000120116 0.010458
105.073 5.78962e-05 0.00608335
126.806 2.57711e-05 0.00326792
153.032 1.05114e-05 0.00160858
184.684 3.89796e-06 0.000719891
222.882 1.30403e-06 0.000290645
268.98 3.90506e-07 0.000105038
324.612 1.03834e-07 3.37057e-05
391.751 2.43004e-08 9.5197e-06
472.776 4.95641e-09 2.34327e-06
570.559 8.71295e-10 4.97125e-07
688.566 1.30427e-10 8.98076e-08
830.981 1.64273e-11 1.36508e-08
1002.85 1.72321e-12 1.72812e-09
1210.27 1.49608e-13 1.81065e-10
1460.59 1.07369e-14 1.56821e-11
