1.19448e-05 534013 6.37867
1.42678e-05 447106 6.37922
1.70426e-05 374331 6.37959
2.03571e-05 313397 6.37984
2.43161e-05 262411 6.38081
2.90451e-05 219680 6.38061
3.46937e-05 183944 6.38172
4.1441e-05 153999 6.38185
4.95004e-05 128937 6.38245
5.91272e-05 107952 6.38289
7.06263e-05 90382.5 6.38338
8.43616e-05 75672.3 6.38384
0.000100768 63356.2 6.38429
0.000120366 53045.1 6.3848
0.000143774 44411.7 6.38526
0.000171735 37183.4 6.38571
0.000205134 31131.8 6.3862
0.000245029 26065.1 6.38671
0.000292682 21822.7 6.38711
0.000349603 18271.1 6.38761
0.000417593 15297.4 6.38808
0.000498807 12807.7 6.38856
0.000595814 10723.2 6.38902
0.000711688 8977.94 6.3895
0.000850097 7516.74 6.38996
0.00101542 6293.5 6.39057
0.0012129 5269.14 6.39095
0.00144879 4411.51 6.39134
0.00173055 3693.55 6.39186
0.0020671 3092.41 6.39234
0.00246911 2589.11 6.3928
0.00294931 2167.72 6.39326
0.00352289 1814.92 6.39376
0.00420801 1519.53 6.39421
0.00502639 1272.23 6.39472
0.00600392 1065.17 6.39517
0.00717156 891.807 6.39565
0.00856628 746.659 6.39609
0.0102322 625.138 6.39656
0.0122222 523.395 6.39704
0.0145992 438.212 6.39753
0.0174384 366.89 6.39798
0.0208298 307.177 6.39845
0.0248808 257.182 6.39891
0.0297196 215.325 6.39936
0.0354995 180.279 6.3998
0.0424034 150.937 6.40024
0.05065 126.374 6.40084
0.0605004 105.809 6.40151
0.0722665 88.5813 6.40146
0.0863209 74.1611 6.40165
0.103109 62.0917 6.40218
0.123161 51.9837 6.40237
0.147113 43.5207 6.40247
0.175724 36.4349 6.40248
0.209899 30.5019 6.40231
0.25072 25.5341 6.4019
0.299479 21.3743 6.40117
0.357722 17.891 6.4
0.427292 14.9739 6.39821
0.510391 12.5308 6.39562
0.609652 10.4845 6.3919
0.728217 8.77033 6.3867
0.86984 7.33409 6.37948
1.03901 6.13046 6.36959
1.24107 5.12147 6.35612
1.48244 4.27531 6.33787
1.77074 3.56541 6.3134
2.11511 2.96946 6.28073
2.52646 2.46886 6.23746
3.0178 2.04803 6.18055
3.6047 1.69398 6.10628
4.30574 1.39586 6.01023
5.14312 1.1447 5.88732
6.14336 0.932982 5.73164
7.33811 0.754586 5.53724
8.76523 0.604441 5.29806
10.4699 0.478411 5.0089
12.5061 0.373123 4.6663
14.9382 0.285823 4.26969
17.8434 0.21424 3.82277
21.3136 0.156446 3.33444
25.4587 0.110749 2.81951
30.4099 0.0755746 2.29821
36.3239 0.0494021 1.79448
43.3882 0.0307195 1.33286
51.8263 0.018032 0.934531
61.9055 0.00990779 0.613347
73.9449 0.00504913 0.373357
88.3256 0.00236244 0.208664
105.503 0.00100343 0.105865
126.021 0.000381915 0.0481295
150.53 0.000128293 0.0193119
179.805 3.73529e-05 0.00671624
214.773 9.22339e-06 0.00198094
256.542 1.88198e-06 0.000482807
306.435 3.07686e-07 9.42855e-05
366.03 3.887e-08 1.42276e-05
437.215 3.63569e-09 1.58958e-06
522.245 2.39116e-10 1.24877e-07
