1.19443e-05 546753 6.53055
1.42665e-05 457792 6.5311
1.70403e-05 383293 6.53143
2.03534e-05 320909 6.53158
2.43106e-05 268722 6.53281
2.90372e-05 224971 6.53253
3.46828e-05 188380 6.53354
4.1426e-05 157721 6.53377
4.94803e-05 132060 6.53437
5.91006e-05 110571 6.53482
7.05912e-05 92579.2 6.53528
8.4316e-05 77515.6 6.53581
0.000100709 64902.4 6.53627
0.00012029 54341.7 6.53675
0.000143677 45499.7 6.53726
0.000171612 38095.9 6.5377
0.000204977 31897.1 6.53818
0.00024483 26707.2 6.53874
0.000292431 22361.2 6.53913
0.000349288 18722.7 6.53962
0.000417198 15676.4 6.54015
0.000498312 13125.5 6.54059
0.000595197 10989.8 6.54111
0.000710919 9201.57 6.54157
0.00084914 7704.31 6.54204
0.00101423 6450.85 6.54267
0.00121143 5401.13 6.54308
0.00144696 4522.21 6.54346
0.00172829 3786.41 6.54399
0.00206431 3170.31 6.54449
0.00246567 2654.44 6.54496
0.00294505 2222.52 6.54544
0.00351765 1860.88 6.54593
0.00420157 1558.09 6.54641
0.00501846 1304.56 6.54688
0.00599418 1092.29 6.54738
0.00715961 914.558 6.54787
0.00855162 765.741 6.54833
0.0102143 641.144 6.54882
0.0122002 536.82 6.5493
0.0145722 449.471 6.54979
0.0174054 376.334 6.55026
0.0207895 315.098 6.55074
0.0248315 263.827 6.55121
0.0296594 220.897 6.55168
0.035426 184.953 6.55213
0.0423137 154.858 6.5526
0.0505405 129.662 6.55321
0.0603669 108.567 6.55388
0.0721038 90.894 6.5538
0.0861226 76.1019 6.55409
0.102867 63.7194 6.55463
0.122867 53.3482 6.55474
0.146756 44.6648 6.55482
0.175289 37.3944 6.55481
0.209369 31.3064 6.55461
0.250076 26.2087 6.55417
0.298697 21.9399 6.55338
0.356772 18.365 6.55213
0.426138 15.3712 6.55023
0.50899 12.8637 6.54748
0.60795 10.7633 6.54356
0.726152 9.00372 6.53806
0.867334 7.52933 6.53045
1.03597 6.29365 6.52001
1.23738 5.25771 6.50582
1.47796 4.38889 6.48663
1.76532 3.6599 6.46089
2.10854 3.04787 6.42656
2.5185 2.5337 6.38112
3.00816 2.10141 6.32139
3.59302 1.73768 6.24351
4.2916 1.43138 6.1429
5.12599 1.17329 6.0143
6.12262 0.955726 5.85155
7.31302 0.772407 5.64862
8.73485 0.618137 5.39933
10.4331 0.488681 5.09847
12.4616 0.380585 4.7427
14.8845 0.291028 4.3318
17.7784 0.217676 3.86993
21.235 0.158548 3.36677
25.3636 0.111892 2.83799
30.2949 0.0760765 2.30473
36.185 0.0495156 1.79172
43.2203 0.0306336 1.32399
51.6235 0.0178743 0.922731
61.6604 0.00975258 0.601348
73.6488 0.00492954 0.363055
87.968 0.00228461 0.200973
105.071 0.00095968 0.100835
125.5 0.000360595 0.0452545
149.9 0.000119338 0.0178887
179.045 3.4151e-05 0.00611456
213.856 8.26626e-06 0.00176779
255.435 1.64832e-06 0.000421039
305.098 2.62443e-07 8.00708e-05
364.417 3.21596e-08 1.17195e-05
435.269 2.90395e-09 1.264e-06
519.896 1.83184e-10 9.52368e-08
