1.19328e-05 520846 6.21515
1.42392e-05 436555 6.21618
1.69913e-05 365873 6.21667
2.02754e-05 306615 6.21674
2.41943e-05 256991 6.21771
2.88705e-05 215371 6.21787
3.44506e-05 180500 6.21835
4.11093e-05 151276 6.21884
4.90549e-05 126782 6.21928
5.85362e-05 106255 6.21974
6.98501e-05 89050.6 6.22019
8.33507e-05 74632.3 6.22066
9.94608e-05 62548.4 6.22112
0.000118685 52421 6.22156
0.000141624 43933.8 6.22207
0.000168997 36819.9 6.22246
0.000201661 30858.4 6.22294
0.000240638 25862.3 6.22345
0.000287149 21674.6 6.22384
0.000342649 18165.3 6.22432
0.000408876 15224.1 6.22479
0.000487904 12759.2 6.22524
0.000582206 10693.3 6.22569
0.000694735 8961.93 6.22616
0.000829013 7510.88 6.22662
0.000989245 6294.69 6.22699
0.00118045 5275.46 6.2274
0.0014086 4421.41 6.22801
0.00168086 3705.51 6.22843
0.00200574 3105.53 6.22888
0.0023934 2602.71 6.22935
0.002856 2181.3 6.2298
0.00340801 1828.13 6.23027
0.00406671 1532.13 6.23072
0.00485273 1284.06 6.2312
0.00579066 1076.15 6.23164
0.00690989 901.909 6.23209
0.00824543 755.881 6.23257
0.00983911 633.492 6.233
0.0117408 530.922 6.23346
0.0140101 444.958 6.2339
0.016718 372.914 6.23436
0.0199492 312.534 6.23481
0.023805 261.93 6.23525
0.028406 219.52 6.23569
0.0338964 183.976 6.23612
0.0404478 154.185 6.23646
0.0482656 129.216 6.23671
0.0575944 108.293 6.23706
0.0687263 90.7615 6.2377
0.0820097 76.0699 6.23847
0.0978606 63.7486 6.23847
0.116775 53.4234 6.23852
0.139345 44.7708 6.23861
0.166278 37.519 6.23858
0.198416 31.4408 6.23838
0.236766 26.3463 6.23792
0.282529 22.0762 6.23715
0.337136 18.4967 6.23589
0.402298 15.4961 6.23402
0.480054 12.9805 6.23132
0.572839 10.8713 6.22748
0.683557 9.10256 6.22212
0.815675 7.61912 6.21473
0.973329 6.37461 6.2046
1.16145 5.33029 6.19088
1.38594 4.45353 6.17232
1.65382 3.71717 6.14751
1.97347 3.09835 6.11448
2.3549 2.57797 6.07084
2.81005 2.14003 6.0136
3.35318 1.77118 5.93909
4.00128 1.46028 5.84301
4.77465 1.19804 5.7202
5.6975 0.976819 5.56542
6.79871 0.790226 5.37252
8.11277 0.633062 5.13589
9.68081 0.501058 4.85064
11.5519 0.390732 4.5137
13.7847 0.299235 4.12486
16.449 0.224211 3.68804
19.6282 0.163656 3.21229
23.422 0.115795 2.71214
27.949 0.0789794 2.2074
33.351 0.051606 1.72111
39.7971 0.0320813 1.27674
47.4891 0.0188309 0.894261
56.6678 0.0103503 0.586528
67.6205 0.0052791 0.356975
80.6902 0.00247369 0.199603
96.2861 0.0010531 0.101399
114.896 0.000402131 0.0462034
137.103 0.000135687 0.0186032
163.603 3.97396e-05 0.00650151
195.224 9.88816e-06 0.00193041
232.957 2.03754e-06 0.000474659
277.983 3.37316e-07 9.37682e-05
331.712 4.32953e-08 1.43616e-05
395.825 4.13175e-09 1.63545e-06
472.33 2.78773e-10 1.31673e-07
