1.19333e-05 504598 6.02154
1.42405e-05 422918 6.02255
1.69936e-05 354425 6.02296
2.02791e-05 297010 6.02308
2.41997e-05 248924 6.02388
2.88783e-05 208608 6.02424
3.44615e-05 174820 6.02454
4.1124e-05 146511 6.02511
4.90747e-05 122782 6.0255
5.85625e-05 102898 6.02595
6.98846e-05 86233.6 6.0264
8.33956e-05 72268.2 6.02686
9.95188e-05 60564.1 6.02727
0.000118759 50756.1 6.02775
0.000141719 42536.3 6.02821
0.000169119 35647.1 6.02859
0.000201815 29874.2 6.02907
0.000240832 25036.2 6.02954
0.000287394 20981.4 6.02991
0.000342956 17583.6 6.0304
0.000409261 14735.9 6.03083
0.000488386 12349.4 6.03128
0.000582807 10349.5 6.03173
0.000695483 8673.33 6.03215
0.000829944 7268.76 6.03266
0.0009904 6091.45 6.03297
0.00118188 5104.91 6.03338
0.00141037 4278.27 6.03397
0.00168305 3585.39 6.03438
0.00200844 3004.73 6.03481
0.00239674 2518.12 6.03527
0.00286011 2110.31 6.03571
0.00341306 1768.54 6.03615
0.00407292 1482.13 6.0366
0.00486036 1242.1 6.03706
0.00580003 1040.94 6.03748
0.00692137 872.36 6.03793
0.0082595 731.081 6.03836
0.00985634 612.683 6.03881
0.0117619 513.457 6.03924
0.0140359 430.303 6.03968
0.0167495 360.616 6.04013
0.0199877 302.213 6.04055
0.023852 253.269 6.04099
0.0284635 212.252 6.04141
0.0339664 177.876 6.04182
0.0405333 149.067 6.04218
0.0483697 124.924 6.04255
0.0577212 104.691 6.04286
0.0688807 87.7366 6.04335
0.0821976 73.5313 6.0441
0.0980892 61.6178 6.04404
0.117053 51.6357 6.04412
0.139683 43.2708 6.04421
0.166689 36.2602 6.04418
0.198916 30.3846 6.04397
0.237373 25.46 6.04351
0.283265 21.3324 6.04273
0.33803 17.8726 6.04147
0.403382 14.9724 6.03962
0.48137 12.5411 6.03693
0.574435 10.5027 6.03311
0.685492 8.79339 6.0278
0.818021 7.35979 6.02047
0.976172 6.15715 6.01044
1.1649 5.14796 5.99685
1.39011 4.30071 5.97848
1.65887 3.58914 5.95391
1.97959 2.99115 5.92124
2.36231 2.48828 5.87809
2.81902 2.06508 5.82149
3.36403 1.70863 5.74787
4.01441 1.40817 5.65298
4.79053 1.15473 5.53179
5.71671 0.94095 5.37914
6.82194 0.760644 5.18907
8.14085 0.6088 4.95615
9.71475 0.481304 4.67575
11.5929 0.374798 4.34501
13.8343 0.286536 3.96401
16.5089 0.214241 3.53688
19.7006 0.155977 3.07284
23.5094 0.110017 2.58643
28.0546 0.0747564 2.09726
33.4785 0.048626 1.62792
39.951 0.0300651 1.20113
47.6748 0.0175334 0.835903
56.892 0.00956307 0.544062
67.8912 0.00483311 0.328125
81.0168 0.00224029 0.181502
96.6801 0.000941612 0.0910351
115.372 0.00035419 0.0408635
137.677 0.000117419 0.0161659
164.294 3.36859e-05 0.0055344
196.058 8.1821e-06 0.00160417
233.963 1.6393e-06 0.000383535
279.196 2.62677e-07 7.33383e-05
333.174 3.24626e-08 1.08157e-05
397.587 2.96431e-09 1.17857e-06
474.455 1.8976e-10 9.00326e-08
