1.19328e-05 3.5727e+07 426.324
1.42392e-05 2.95574e+07 420.873
1.69913e-05 2.4449e+07 415.422
2.02754e-05 2.02201e+07 409.971
2.41943e-05 1.67196e+07 404.518
2.88705e-05 1.38226e+07 399.066
3.44506e-05 1.14254e+07 393.611
4.11093e-05 9.44209e+06 388.157
4.90549e-05 7.80148e+06 382.701
5.85362e-05 6.44464e+06 377.245
6.98501e-05 5.32266e+06 371.788
8.33507e-05 4.39503e+06 366.329
9.94608e-05 3.62827e+06 360.871
0.000118685 2.99459e+06 355.412
0.000141624 2.47099e+06 349.952
0.000168997 2.03843e+06 344.489
0.000201661 1.68117e+06 339.027
0.000240638 1.38617e+06 333.565
0.000287149 1.14262e+06 328.101
0.000342649 941595 322.636
0.000408876 775719 317.173
0.000487904 638869 311.706
0.000582206 525998 306.239
0.000694735 432930 300.771
0.000829013 356211 295.304
0.000989245 292985 289.834
0.00118045 240895 284.363
0.0014086 197993 278.893
0.00168086 162668 273.422
0.00200574 133591 267.949
0.0023934 109666 262.476
0.002856 89986.5 257.002
0.00340801 73804.6 251.527
0.00406671 60503.7 246.051
0.00485273 49575.1 240.575
0.00579066 40599.3 235.097
0.00690989 33230.6 229.62
0.00824543 27183.6 224.14
0.00983911 22223.7 218.661
0.0117408 18157.3 213.181
0.0140101 14825 207.699
0.016718 12095.8 202.217
0.0199492 9861.8 196.735
0.023805 8034.09 191.251
0.028406 6539.69 185.767
0.0338964 5318.63 180.282
0.0404478 4321.54 174.797
0.0482656 3507.9 169.311
0.0575944 2844.45 163.824
0.0687263 2303.88 158.337
0.0820097 1863.81 152.85
0.0978606 1505.85 147.363
0.116775 1214.95 141.876
0.139345 978.793 136.39
0.166278 787.262 130.904
0.198416 632.114 125.422
0.236766 506.577 119.94
0.282529 405.138 114.463
0.337136 323.283 108.99
0.402298 257.333 103.525
0.480054 204.285 98.0677
0.572839 161.691 92.623
0.683557 127.559 87.1938
0.815675 100.267 81.7853
0.973329 78.4967 76.4031
1.16145 61.1779 71.0553
1.38594 47.4417 65.7513
1.65382 36.5837 60.5027
1.97347 28.0337 55.3235
2.3549 21.3303 50.2306
2.81005 16.1008 45.244
3.35318 12.0444 40.3871
4.00128 8.91888 35.687
4.77465 6.52895 31.1734
5.6975 4.71757 26.8783
6.79871 3.35887 22.836
8.11277 2.35195 19.0808
9.68081 1.61604 15.6446
11.5519 1.0869 12.5558
13.7847 0.713543 9.83595
16.449 0.455766 7.49688
19.6282 0.282232 5.53971
23.422 0.168752 3.95251
27.949 0.0969869 2.71069
33.351 0.0533124 1.77802
39.7971 0.0278742 1.10931
47.4891 0.0137783 0.654319
56.6678 0.00639551 0.362419
67.6205 0.00276647 0.18707
80.6902 0.00110552 0.0892045
96.2861 0.000403983 0.038898
114.896 0.00013336 0.0153226
137.103 3.91854e-05 0.00537245
163.603 1.00645e-05 0.00164659
195.224 2.2103e-06 0.000431504
232.957 4.04154e-07 9.41505e-05
277.983 5.96103e-08 1.65707e-05
331.712 6.83118e-09 2.26598e-06
395.825 5.81648e-10 2.30231e-07
472.33 3.48072e-11 1.64405e-08
