1.19437e-05 1.48207e+06 17.7015
1.42652e-05 1.24094e+06 17.7024
1.7038e-05 1.03908e+06 17.7039
2.03497e-05 870025 17.7048
2.43052e-05 728526 17.7069
2.90294e-05 609989 17.7076
3.46719e-05 510766 17.7092
4.14112e-05 427672 17.7104
4.94603e-05 358101 17.7118
5.9074e-05 299843 17.713
7.05564e-05 251067 17.7143
8.42706e-05 210224 17.7157
0.00010065 176024 17.7169
0.000120214 147389 17.7182
0.00014358 123412 17.7196
0.000171488 103336 17.7209
0.000204821 86525.6 17.7223
0.000244632 72450 17.7236
0.000292182 60663.7 17.7249
0.000348974 50795.1 17.7262
0.000416805 42531.8 17.7275
0.000497821 35612.7 17.7288
0.000594583 29819.3 17.73
0.000710153 24968.2 17.7313
0.000848187 20906.6 17.7327
0.00101305 17505.6 17.734
0.00120996 14657.7 17.7353
0.00144514 12273.2 17.7365
0.00172604 10276.7 17.738
0.00206153 8604.83 17.7391
0.00246224 7205.03 17.7405
0.00294083 6032.93 17.7418
0.00351244 5051.51 17.7431
0.00419516 4229.73 17.7444
0.00501059 3541.63 17.7457
0.00598451 2965.48 17.747
0.00714773 2483.08 17.7483
0.00853705 2079.12 17.7495
0.0101964 1740.9 17.7509
0.0121783 1457.67 17.752
0.0145454 1220.54 17.7533
0.0173727 1021.98 17.7545
0.0207494 855.715 17.7556
0.0247825 716.504 17.7568
0.0295996 599.932 17.7577
0.0353529 502.326 17.7587
0.0422245 420.594 17.7594
0.0504318 352.159 17.76
0.0602343 294.859 17.7606
0.0719422 246.869 17.7603
0.0859258 206.688 17.7598
0.102627 173.039 17.7586
0.122575 144.862 17.7565
0.1464 121.266 17.7533
0.174857 101.505 17.7488
0.208844 84.9543 17.7422
0.249437 71.0921 17.733
0.297921 59.4807 17.7205
0.355829 49.7532 17.7036
0.424992 41.6032 17.681
0.507598 34.7735 17.651
0.606261 29.0492 17.6114
0.724102 24.2501 17.5595
0.864847 20.2256 17.4921
1.03295 16.8497 17.4048
1.23373 14.0168 17.2928
1.47353 11.6388 17.1501
1.75994 9.64195 16.9692
2.10202 7.96474 16.7421
2.5106 6.5558 16.459
2.99859 5.37239 16.1096
3.58143 4.37891 15.6828
4.27756 3.54572 15.1671
5.109 2.84832 14.5521
6.10205 2.26621 13.8285
7.28812 1.7825 12.991
8.70472 1.383 12.0386
10.3967 1.05581 10.9769
12.4175 0.790803 9.81979
14.8311 0.579219 8.59047
17.7139 0.413316 7.32144
21.157 0.286122 6.05348
25.2693 0.191239 4.83248
30.1809 0.122755 3.70485
36.0473 0.0752217 2.71154
43.0539 0.0437133 1.88202
51.4223 0.0239147 1.22975
61.4174 0.0122175 0.750366
73.3552 0.00577656 0.423741
87.6134 0.00250255 0.219257
104.643 0.000982176 0.102778
124.983 0.000344641 0.0430742
149.276 0.000106448 0.0158902
178.291 2.84029e-05 0.00506398
212.946 6.40071e-06 0.00136301
254.337 1.18572e-06 0.000301571
303.772 1.74845e-07 5.31131e-05
362.817 1.97562e-08 7.16789e-06
433.339 1.63395e-09 7.08055e-07
517.568 9.3255e-11 4.82658e-08
