1.19328e-05 3.77063e+07 449.942
1.42392e-05 3.12163e+07 444.494
1.69913e-05 2.58393e+07 439.044
2.02754e-05 2.13853e+07 433.595
2.41943e-05 1.76961e+07 428.144
2.88705e-05 1.4641e+07 422.694
3.44506e-05 1.21112e+07 417.24
4.11093e-05 1.00169e+07 411.788
4.90549e-05 8.28323e+06 406.333
5.85362e-05 6.8484e+06 400.879
6.98501e-05 5.66104e+06 395.424
8.33507e-05 4.67862e+06 389.967
9.94608e-05 3.86595e+06 384.51
0.000118685 3.19378e+06 379.053
0.000141624 2.63793e+06 373.595
0.000168997 2.17834e+06 368.134
0.000201661 1.79843e+06 362.674
0.000240638 1.48444e+06 357.213
0.000287149 1.22498e+06 351.751
0.000342649 1.01062e+06 346.288
0.000408876 833569 340.826
0.000487904 687352 335.362
0.000582206 566632 329.896
0.000694735 466984 324.43
0.000829013 384752 318.964
0.000989245 316904 313.496
0.00118045 260941 308.027
0.0014086 214793 302.559
0.00168086 176749 297.089
0.00200574 145392 291.618
0.0023934 119556 286.146
0.002856 98275.2 280.674
0.00340801 80751.2 275.201
0.00406671 66325.6 269.727
0.00485273 54454.4 264.252
0.00579066 44688.5 258.776
0.00690989 36657.8 253.301
0.00824543 30055.8 247.823
0.00983911 24630.9 242.346
0.0117408 20174.7 236.867
0.0140101 16515.7 231.387
0.016718 13512.8 225.906
0.0199492 11049.4 220.426
0.023805 9029.36 214.944
0.028406 7373.81 209.461
0.0338964 6017.68 203.977
0.0404478 4907.39 198.493
0.0482656 3998.87 193.008
0.0575944 3255.9 187.522
0.0687263 2648.69 182.035
0.0820097 2152.77 176.548
0.0978606 1747.99 171.06
0.116775 1417.86 165.57
0.139345 1148.81 160.081
0.166278 929.711 154.591
0.198416 751.453 149.101
0.236766 606.543 143.609
0.282529 488.863 138.118
0.337136 393.39 132.626
0.402298 316.022 127.135
0.480054 253.396 121.644
0.572839 202.769 116.154
0.683557 161.896 110.665
0.815675 128.948 105.18
0.973329 102.429 99.697
1.16145 81.1224 94.22
1.38594 64.0363 88.7505
1.65382 50.3633 83.2916
1.97347 39.4468 77.8468
2.3549 30.7535 72.4214
2.81005 23.8508 67.022
3.35318 18.3877 61.6573
4.00128 14.0803 56.3393
4.77465 10.6987 51.0824
5.6975 8.05703 45.9049
6.79871 6.00558 40.8302
8.11277 4.42353 35.8871
9.68081 3.21347 31.109
11.5519 2.29713 26.5363
13.7847 1.61151 22.2142
16.449 1.10593 18.1914
19.6282 0.739689 14.5188
23.422 0.480069 11.2442
27.949 0.300825 8.40775
33.351 0.180961 6.03523
39.7971 0.103823 4.13187
47.4891 0.0563994 2.67836
56.6678 0.0287725 1.63048
67.6205 0.0136601 0.923702
80.6902 0.00597411 0.482052
96.2861 0.00237922 0.229086
114.896 0.000851456 0.0978291
137.103 0.000269575 0.0369597
163.603 7.41177e-05 0.0121259
195.224 1.73083e-05 0.003379
232.957 3.34372e-06 0.000778944
277.983 5.18017e-07 0.000144
331.712 6.20509e-08 2.0583e-05
395.825 5.50429e-09 2.17873e-06
472.33 3.42807e-10 1.61918e-07
