1.19437e-05 1.51489e+06 18.0934
1.42652e-05 1.26844e+06 18.0946
1.7038e-05 1.0621e+06 18.0961
2.03497e-05 889296 18.0969
2.43052e-05 744662 18.0991
2.90294e-05 623498 18.0998
3.46719e-05 522083 18.1016
4.14112e-05 437143 18.1026
4.94603e-05 366034 18.1041
5.9074e-05 306485 18.1053
7.05564e-05 256628 18.1067
8.42706e-05 214881 18.1081
0.00010065 179923 18.1093
0.000120214 150654 18.1107
0.00014358 126146 18.1121
0.000171488 105625 18.1135
0.000204821 88442.1 18.1148
0.000244632 74054.8 18.1162
0.000292182 62007.5 18.1175
0.000348974 51920.2 18.1188
0.000416805 43473.9 18.1201
0.000497821 36401.6 18.1215
0.000594583 30479.8 18.1228
0.000710153 25521.3 18.124
0.000848187 21369.7 18.1255
0.00101305 17893.3 18.1269
0.00120996 14982.4 18.1281
0.00144514 12545 18.1294
0.00172604 10504.3 18.1309
0.00206153 8795.43 18.1321
0.00246224 7364.62 18.1334
0.00294083 6166.56 18.1348
0.00351244 5163.4 18.1362
0.00419516 4323.42 18.1375
0.00501059 3620.08 18.1387
0.00598451 3031.17 18.1401
0.00714773 2538.08 18.1415
0.00853705 2125.17 18.1427
0.0101964 1779.46 18.1441
0.0121783 1489.96 18.1452
0.0145454 1247.57 18.1465
0.0173727 1044.61 18.1477
0.0207494 874.67 18.1489
0.0247825 732.376 18.1501
0.0295996 613.222 18.1511
0.0353529 513.454 18.1521
0.0422245 429.91 18.1528
0.0504318 359.961 18.1535
0.0602343 301.391 18.1541
0.0719422 252.339 18.1538
0.0859258 211.267 18.1533
0.102627 176.874 18.1521
0.122575 148.073 18.1501
0.1464 123.954 18.1469
0.174857 103.756 18.1424
0.208844 86.8391 18.1358
0.249437 72.6702 18.1267
0.297921 60.8019 18.1142
0.355829 50.8594 18.0972
0.424992 42.5293 18.0746
0.507598 35.5487 18.0445
0.606261 29.6981 18.0048
0.724102 24.7932 17.9528
0.864847 20.6801 17.8851
1.03295 17.2299 17.7976
1.23373 14.3348 17.6852
1.47353 11.9046 17.5418
1.75994 9.8641 17.3602
2.10202 8.15024 17.132
2.5106 6.71053 16.8475
2.99859 5.5013 16.4961
3.58143 4.48613 16.0668
4.27756 3.6347 15.5476
5.109 2.92194 14.9282
6.10205 2.32689 14.1988
7.28812 1.83227 13.3538
8.70472 1.42356 12.3917
10.3967 1.08859 11.3178
12.4175 0.817034 10.1455
14.8311 0.599934 8.89769
17.7139 0.429411 7.60653
21.157 0.298377 6.31275
25.2693 0.200343 5.06251
30.1809 0.129316 3.90288
36.0473 0.0797824 2.87594
43.0539 0.0467487 2.01271
51.4223 0.0258339 1.32844
61.4174 0.0133601 0.820541
73.3552 0.0064108 0.470266
87.6134 0.00282723 0.247703
104.643 0.00113359 0.118622
124.983 0.000408071 0.0510019
149.276 0.000129932 0.0193958
178.291 3.59403e-05 0.00640783
212.946 8.4504e-06 0.00179948
254.337 1.64532e-06 0.000418466
303.772 2.57156e-07 7.81169e-05
362.817 3.10996e-08 1.12835e-05
433.339 2.78621e-09 1.20737e-06
517.568 1.75312e-10 9.07359e-08
