1.20683e-05 22584.8 0.27256
1.45643e-05 18715.7 0.272582
1.75766e-05 15509.4 0.272603
2.1212e-05 12852.5 0.272626
2.55992e-05 10650.7 0.272648
3.08938e-05 8826.03 0.27267
3.72835e-05 7314 0.272692
4.49948e-05 6061.05 0.272715
5.43009e-05 5022.71 0.272738
6.55319e-05 4162.21 0.272758
7.90857e-05 3449.18 0.27278
9.54428e-05 2858.28 0.272802
0.000115183 2368.62 0.272824
0.000139006 1962.84 0.272847
0.000167756 1626.57 0.272868
0.000202453 1347.92 0.272891
0.000244326 1117.01 0.272913
0.000294859 925.643 0.272935
0.000355844 767.071 0.272958
0.000429443 635.659 0.272979
0.000518264 526.76 0.273001
0.000625455 436.518 0.273022
0.000754816 361.74 0.273047
0.000910933 299.767 0.273068
0.00109934 248.413 0.27309
0.00132671 205.856 0.273112
0.00160111 170.59 0.273133
0.00193227 141.366 0.273156
0.00233192 117.147 0.273178
0.00281422 97.0786 0.2732
0.00339628 80.4477 0.273223
0.00409872 66.6657 0.273244
0.00494645 55.2451 0.273267
0.00596952 45.7808 0.273289
0.00720418 37.9379 0.273312
0.0086942 31.4386 0.273333
0.0104924 26.0527 0.273355
0.0126625 21.5895 0.273377
0.0152815 17.8909 0.273399
0.0184421 14.8259 0.273422
0.0222565 12.286 0.273444
0.0268597 10.1812 0.273465
0.032415 8.43705 0.273487
0.0391194 6.99165 0.273509
0.0472103 5.79387 0.273531
0.0569747 4.8013 0.273553
0.0687587 3.97875 0.273573
0.0829799 3.29712 0.273595
0.100142 2.73226 0.273615
0.120855 2.26416 0.273634
0.145851 1.87625 0.273652
0.176017 1.55479 0.273669
0.212422 1.28839 0.273683
0.256357 1.06763 0.273694
0.309378 0.884683 0.273702
0.373366 0.733066 0.273702
0.450589 0.607415 0.273694
0.543783 0.50328 0.273675
0.656252 0.416972 0.273639
0.791983 0.345436 0.27358
0.955788 0.28614 0.273489
1.15347 0.236985 0.273356
1.39204 0.196231 0.273162
1.67995 0.162438 0.272888
2.02741 0.134409 0.272503
2.44674 0.111156 0.271969
2.95279 0.0918565 0.271233
3.56351 0.0758324 0.27023
4.30055 0.0625201 0.268871
5.19002 0.0514534 0.267044
6.26346 0.042247 0.264613
7.55891 0.0345822 0.261404
9.12231 0.0281962 0.257214
11.0091 0.0228727 0.251807
13.286 0.0184344 0.24492
16.0339 0.0147364 0.236283
19.3502 0.0116606 0.225636
23.3524 0.00911124 0.212769
28.1823 0.00701032 0.197567
34.0112 0.00529424 0.180063
41.0456 0.00391003 0.16049
49.535 0.00281246 0.139315
59.7802 0.00196133 0.117249
72.1444 0.00131958 0.0952001
87.0659 0.000852005 0.0741805
105.073 0.000525003 0.0551639
126.806 0.000306983 0.0389272
153.032 0.000169361 0.0259177
184.684 8.76677e-05 0.0161908
222.882 4.23559e-05 0.00944035
268.98 1.90083e-05 0.00511284
324.612 7.88862e-06 0.00256074
391.751 3.01458e-06 0.00118096
472.776 1.05584e-06 0.000499177
570.559 3.36967e-07 0.00019226
688.566 9.71954e-08 6.69255e-05
830.981 2.50342e-08 2.08029e-05
1002.85 5.65602e-09 5.67214e-06
1210.27 1.09282e-09 1.32261e-06
1460.59 1.74476e-10 2.54838e-07
