1.1863e-05 517371 6.13758
1.40731e-05 436148 6.13797
1.6695e-05 367685 6.1385
1.98053e-05 309959 6.13883
2.34951e-05 261304 6.13935
2.78723e-05 220282 6.13977
3.30649e-05 185701 6.14017
3.9225e-05 156549 6.14063
4.65327e-05 131973 6.14108
5.52018e-05 111255 6.14149
6.54861e-05 93790.1 6.14195
7.76863e-05 79066.9 6.14241
9.21594e-05 66654.1 6.1428
0.000109329 56190.5 6.14324
0.000129697 47369.2 6.14365
0.00015386 39933.2 6.14411
0.000182524 33664.3 6.14456
0.000216529 28379.5 6.145
0.000256869 23924.3 6.14542
0.000304724 20168.7 6.14588
0.000361495 17002.4 6.14629
0.000428842 14333.4 6.14675
0.000508737 12083.4 6.14729
0.000603515 10186.3 6.1476
0.000715952 8587.29 6.14809
0.000849335 7239.16 6.14847
0.00100757 6102.74 6.14892
0.00119528 5144.7 6.14936
0.00141796 4337.05 6.14978
0.00168213 3656.21 6.15024
0.00199552 3082.23 6.15065
0.00236729 2598.37 6.1511
0.00280832 2190.47 6.15153
0.00333152 1846.6 6.15197
0.00395218 1556.71 6.15241
0.00468848 1312.33 6.15285
0.00556196 1106.32 6.15328
0.00659817 932.643 6.15373
0.00782742 786.229 6.15414
0.00928568 662.804 6.15458
0.0110156 558.752 6.155
0.0130679 471.036 6.15543
0.0155024 397.089 6.15585
0.0183906 334.751 6.15626
0.0218168 282.196 6.15661
0.0258813 237.896 6.15706
0.030703 200.557 6.1577
0.0364231 169.062 6.15777
0.0432088 142.514 6.15788
0.0512587 120.141 6.15826
0.0608083 101.279 6.15859
0.072137 85.3759 6.15876
0.0855763 71.9685 6.1588
0.101519 60.6653 6.1587
0.120433 51.1357 6.1584
0.142869 43.1012 6.15784
0.169486 36.327 6.15693
0.201062 30.6151 6.15554
0.23852 25.7987 6.15352
0.282957 21.737 6.15065
0.335673 18.3114 6.14664
0.398209 15.4218 6.14113
0.472397 12.984 6.13361
0.560405 10.9268 6.12344
0.66481 9.19031 6.10981
0.788666 7.7239 6.09158
0.935596 6.4851 6.06744
1.1099 5.43799 6.03562
1.31668 4.55236 5.99398
1.56198 3.80277 5.93984
1.85298 3.16785 5.86995
2.19819 2.62967 5.78051
2.60772 2.17324 5.66718
3.09354 1.78591 5.52478
3.66987 1.45738 5.34839
4.35358 1.17897 5.13275
5.16466 0.943582 4.87328
6.12685 0.74536 4.56671
7.26829 0.579497 4.21195
8.62239 0.442011 3.81119
10.2288 0.329533 3.37071
12.1344 0.239119 2.90157
14.3951 0.168077 2.41948
17.0769 0.113833 1.94392
20.2584 0.0738467 1.49601
24.0325 0.0455913 1.09567
28.5099 0.0265977 0.758297
33.8213 0.0145504 0.492113
40.1223 0.00740158 0.296968
47.5972 0.00346878 0.165104
56.4646 0.00148227 0.083696
66.9841 0.000570703 0.0382281
79.4634 0.000195239 0.0155144
94.2676 5.83722e-05 0.00550261
111.83 1.49541e-05 0.00167231
132.664 3.20685e-06 0.000425434
157.38 5.60066e-07 8.8143e-05
186.7 7.71494e-08 1.44038e-05
221.482 8.07516e-09 1.78851e-06
262.745 6.14463e-10 1.61447e-07
