1.19339e-05 1.52792e+06 18.234
1.42417e-05 1.28045e+06 18.2359
1.69959e-05 1.07303e+06 18.2371
2.02827e-05 899202 18.2383
2.42051e-05 753548 18.2397
2.88861e-05 631482 18.2411
3.44723e-05 529187 18.2423
4.11389e-05 443468 18.2438
4.90946e-05 371629 18.245
5.85889e-05 311431 18.2464
6.99192e-05 260984 18.2478
8.34408e-05 218706 18.249
9.95772e-05 183279 18.2504
0.000118834 153591 18.2518
0.000141815 128711 18.2532
0.000169241 107860 18.2543
0.00020197 90388.5 18.2557
0.000241028 75746.6 18.2571
0.00028764 63476.6 18.2584
0.000343266 53194.2 18.2597
0.000409649 44577.3 18.261
0.00048887 37356.7 18.2626
0.000583412 31305.3 18.2639
0.000696236 26234.1 18.2652
0.00083088 21984.5 18.2665
0.000991561 18423.3 18.2678
0.00118332 15438.8 18.269
0.00141216 12938.1 18.2706
0.00168525 10842.3 18.272
0.00201116 9085.91 18.2732
0.00240009 7614.12 18.2746
0.00286424 6380.73 18.2759
0.00341814 5347.14 18.2773
0.00407917 4480.96 18.2786
0.00486803 3755.09 18.2799
0.00580945 3146.8 18.2812
0.00693292 2637.07 18.2826
0.00827366 2209.88 18.2838
0.00987369 1851.91 18.2852
0.0117831 1551.91 18.2863
0.0140618 1300.51 18.2876
0.0167812 1089.84 18.2888
0.0200265 913.287 18.29
0.0238994 765.341 18.2912
0.0285212 641.351 18.2921
0.0340369 537.448 18.2931
0.0406192 450.373 18.2938
0.0484745 377.4 18.2943
0.0578488 316.247 18.2945
0.0690361 264.997 18.2944
0.0823868 222.051 18.2941
0.0983194 186.053 18.2926
0.117333 155.883 18.2902
0.140024 130.597 18.2868
0.167103 109.404 18.2818
0.199418 91.6401 18.2747
0.237983 76.749 18.265
0.284007 64.2649 18.2517
0.33893 53.7976 18.2336
0.404475 45.0204 18.2096
0.482695 37.6588 18.1777
0.576042 31.4834 18.1358
0.687442 26.302 18.0811
0.820385 21.9531 18.01
0.979037 18.3021 17.9184
1.16837 15.2358 17.801
1.39432 12.6596 17.6516
1.66396 10.4947 17.4627
1.98575 8.67477 17.2259
2.36977 7.1448 16.9315
2.82806 5.85875 16.5689
3.37497 4.77832 16.1267
4.02765 3.87164 15.5936
4.80654 3.11219 14.9588
5.73607 2.478 14.214
6.84535 1.95069 13.3532
8.16916 1.51496 12.3759
9.74897 1.15791 11.2884
11.6343 0.868528 10.1047
13.8842 0.637307 8.84852
16.5693 0.455828 7.55273
19.7736 0.316497 6.25828
23.5975 0.212358 5.01113
28.161 0.136989 3.85776
33.607 0.0844816 2.83917
40.1062 0.0494964 1.98511
47.8622 0.0273608 1.30955
57.1181 0.0141623 0.808925
68.1641 0.006807 0.463993
81.3462 0.00300984 0.244839
97.0775 0.00121145 0.117604
115.851 0.00043843 0.0507926
138.255 0.000140602 0.019439
164.992 3.92591e-05 0.00647745
196.9 9.34379e-06 0.00183979
234.977 1.84788e-06 0.000434211
280.419 2.94614e-07 8.26155e-05
334.649 3.65405e-08 1.22283e-05
399.366 3.38036e-09 1.35e-06
476.598 2.21664e-10 1.05644e-07
