1.1863e-05 3.64924e+07 432.911
1.40731e-05 3.03871e+07 427.642
1.6695e-05 2.52992e+07 422.371
1.98053e-05 2.106e+07 417.1
2.34951e-05 1.75282e+07 411.827
2.78723e-05 1.45864e+07 406.555
3.30649e-05 1.21361e+07 401.28
3.9225e-05 1.00958e+07 396.007
4.65327e-05 8.3969e+06 390.73
5.52018e-05 6.98265e+06 385.455
6.54861e-05 5.8055e+06 380.179
7.76863e-05 4.82583e+06 374.901
9.21594e-05 4.01069e+06 369.623
0.000109329 3.33255e+06 364.344
0.000129697 2.76849e+06 359.065
0.00015386 2.29939e+06 353.785
0.000182524 1.90935e+06 348.504
0.000216529 1.58511e+06 343.222
0.000256869 1.31561e+06 337.939
0.000304724 1.09166e+06 332.655
0.000361495 905603 327.371
0.000428842 751062 322.087
0.000508737 622722 316.801
0.000603515 516166 311.514
0.000715952 427722 306.228
0.000849335 354323 300.939
0.00100757 293431 295.651
0.00119528 242923 290.361
0.00141796 201043 285.071
0.00168213 166325 279.781
0.00199552 137553 274.489
0.00236729 113715 269.197
0.00280832 93972.1 263.904
0.00333152 77625.2 258.609
0.00395218 64094.8 253.314
0.00468848 52899.8 248.02
0.00556196 43639.8 242.723
0.00659817 35983.7 237.427
0.00782742 29655.8 232.128
0.00928568 24427.9 226.83
0.0110156 20110.6 221.531
0.0130679 16546.7 216.231
0.0155024 13606.3 210.931
0.0183906 11181.2 205.629
0.0218168 9182.25 200.327
0.0258813 7535.35 195.025
0.030703 6179.24 189.721
0.0364231 5063.18 184.416
0.0432088 4145.23 179.11
0.0512587 3390.75 173.805
0.0608083 2770.99 168.499
0.072137 2262.25 163.192
0.0855763 1844.95 157.884
0.101519 1502.92 152.576
0.120433 1222.82 147.267
0.142869 993.624 141.959
0.169486 806.251 136.649
0.201062 653.227 131.339
0.23852 528.384 126.03
0.282957 426.643 120.722
0.335673 343.828 115.414
0.398209 276.509 110.108
0.472397 221.857 104.804
0.560405 177.558 99.5042
0.66481 141.709 94.2093
0.788666 112.749 88.9215
0.935596 89.4013 83.6435
1.1099 70.6172 78.378
1.31668 55.5414 73.1301
1.56198 43.4746 67.9063
1.85298 33.8448 62.7136
2.19819 26.1861 57.5619
2.60772 20.1187 52.4638
3.09354 15.3338 47.4357
3.66987 11.5799 42.4967
4.35358 8.65293 37.6712
5.16466 6.38737 32.9886
6.12685 4.64877 28.4823
7.26829 3.32837 24.1916
8.62239 2.33803 20.1594
10.2288 1.60635 16.431
12.1344 1.07556 13.0513
14.3951 0.698927 10.0611
17.0769 0.438701 7.49166
20.2584 0.264558 5.35952
24.0325 0.152361 3.66164
28.5099 0.0832374 2.37309
33.8213 0.042817 1.44813
40.1223 0.0205672 0.825204
47.5972 0.00914062 0.435068
56.4646 0.00371928 0.210008
66.9841 0.00136885 0.0916912
79.4634 0.000449236 0.0356979
94.2676 0.000129258 0.0121848
111.83 3.19562e-05 0.00357366
132.664 6.62865e-06 0.000879383
157.38 1.12187e-06 0.000176559
186.7 1.49959e-07 2.79974e-05
221.482 1.5242e-08 3.37584e-06
262.745 1.12595e-09 2.95838e-07
