1.19328e-05 3.77606e+07 450.589
1.42392e-05 3.12617e+07 445.142
1.69913e-05 2.58774e+07 439.692
2.02754e-05 2.14172e+07 434.243
2.41943e-05 1.77229e+07 428.792
2.88705e-05 1.46634e+07 423.341
3.44506e-05 1.21301e+07 417.888
4.11093e-05 1.00327e+07 412.436
4.90549e-05 8.29645e+06 406.981
5.85362e-05 6.85947e+06 401.527
6.98501e-05 5.67032e+06 396.073
8.33507e-05 4.6864e+06 390.615
9.94608e-05 3.87247e+06 385.159
0.000118685 3.19925e+06 379.701
0.000141624 2.64251e+06 374.243
0.000168997 2.18218e+06 368.782
0.000201661 1.80165e+06 363.322
0.000240638 1.48714e+06 357.861
0.000287149 1.22724e+06 352.399
0.000342649 1.01251e+06 346.937
0.000408876 835155 341.475
0.000487904 688682 336.01
0.000582206 567746 330.545
0.000694735 467918 325.079
0.000829013 385534 319.613
0.000989245 317560 314.145
0.00118045 261491 308.676
0.0014086 215254 303.208
0.00168086 177135 297.738
0.00200574 145715 292.267
0.0023934 119827 286.795
0.002856 98502.5 281.323
0.00340801 80941.7 275.85
0.00406671 66485.3 270.376
0.00485273 54588.2 264.902
0.00579066 44800.7 259.426
0.00690989 36751.7 253.95
0.00824543 30134.6 248.473
0.00983911 24696.9 242.995
0.0117408 20230 237.517
0.0140101 16562.1 232.036
0.016718 13551.7 226.556
0.0199492 11081.9 221.076
0.023805 9056.66 215.594
0.028406 7396.68 210.11
0.0338964 6036.85 204.627
0.0404478 4923.45 199.143
0.0482656 4012.33 193.658
0.0575944 3267.18 188.172
0.0687263 2658.15 182.685
0.0820097 2160.7 177.199
0.0978606 1754.64 171.71
0.116775 1423.43 166.221
0.139345 1153.48 160.732
0.166278 933.621 155.241
0.198416 754.73 149.751
0.236766 609.29 144.259
0.282529 491.164 138.768
0.337136 395.319 133.276
0.402298 317.638 127.785
0.480054 254.75 122.294
0.572839 203.903 116.804
0.683557 162.847 111.315
0.815675 129.744 105.829
0.973329 103.095 100.346
1.16145 81.6803 94.868
1.38594 64.5031 89.3975
1.65382 50.7537 83.9372
1.97347 39.773 78.4906
2.3549 31.0259 73.0628
2.81005 24.0779 67.6601
3.35318 18.5767 62.291
4.00128 14.2372 56.9672
4.77465 10.8286 51.7027
5.6975 8.16418 46.5154
6.79871 6.0935 41.428
8.11277 4.49521 36.4686
9.68081 3.27143 31.6701
11.5519 2.34351 27.072
13.7847 1.64814 22.719
16.449 1.13438 18.6594
19.6282 0.761353 14.944
23.422 0.496158 11.621
27.949 0.312419 8.73181
33.351 0.189019 6.30396
39.7971 0.109186 4.3453
47.4891 0.0597908 2.83941
56.6678 0.0307926 1.74495
67.6205 0.0147826 0.999605
80.6902 0.0065497 0.528497
96.2861 0.00264834 0.254998
114.896 0.000964609 0.11083
137.103 0.000311679 0.0427322
163.603 8.7721e-05 0.0143514
195.224 2.10397e-05 0.00410746
232.957 4.1898e-06 0.000976042
277.983 6.71708e-07 0.000186723
331.712 8.36156e-08 2.77363e-05
395.825 7.74489e-09 3.06562e-06
472.33 5.06958e-10 2.39451e-07
