1.19448e-05 3.59093e+07 428.929
1.42678e-05 2.96785e+07 423.448
1.70426e-05 2.45249e+07 417.968
2.03571e-05 2.02625e+07 412.485
2.43161e-05 1.67379e+07 407.001
2.90451e-05 1.3824e+07 401.519
3.46937e-05 1.14151e+07 396.033
4.1441e-05 9.42421e+06 390.549
4.95004e-05 7.77899e+06 385.063
5.91272e-05 6.41963e+06 379.575
7.06263e-05 5.29673e+06 374.088
8.43616e-05 4.36926e+06 368.598
0.000100768 3.60341e+06 363.109
0.000120366 2.97111e+06 357.619
0.000143774 2.44918e+06 352.129
0.000171735 2.01844e+06 346.637
0.000205134 1.66302e+06 341.143
0.000245029 1.36984e+06 335.649
0.000292682 1.12803e+06 330.155
0.000349603 928654 324.66
0.000417593 764297 319.165
0.000498807 628838 313.669
0.000595814 517226 308.171
0.000711688 425287 302.672
0.000850097 349576 297.174
0.00101542 287243 291.673
0.0012129 235939 286.172
0.00144879 193728 280.671
0.00173055 159007 275.169
0.0020671 130455 269.665
0.00246911 106986 264.161
0.00294931 87700.7 258.656
0.00352289 71858.8 253.15
0.00420801 58850.5 247.644
0.00502639 48173 242.136
0.00600392 39412.3 236.628
0.00717156 32227.3 231.12
0.00856628 26336.9 225.61
0.0102322 21510.4 220.1
0.0122222 17557.2 214.587
0.0145992 14321 209.075
0.0174384 11673.2 203.563
0.0208298 9507.94 198.049
0.0248808 7738.25 192.534
0.0297196 6292.79 187.02
0.0354995 5112.84 181.503
0.0424034 4150.3 175.987
0.05065 3365.64 170.47
0.0605004 2726.46 164.952
0.0722665 2206.2 159.435
0.0863209 1783.07 153.916
0.103109 1439.24 148.398
0.123161 1160.1 142.879
0.147113 933.718 137.362
0.175724 750.302 131.846
0.209899 601.866 126.331
0.25072 481.884 120.818
0.299479 385.031 115.309
0.357722 306.953 109.804
0.427292 244.11 104.306
0.510391 193.61 98.8167
0.609652 153.101 93.3385
0.728217 120.674 87.8767
0.86984 94.7688 82.4337
1.03901 74.1264 77.0178
1.24107 57.7202 71.6349
1.48244 44.7204 66.2951
1.77074 34.4545 61.0098
2.11511 26.378 55.7925
2.52646 20.0523 50.6612
3.0178 15.122 45.6353
3.6047 11.3014 40.7383
4.30574 8.36035 35.9975
5.14312 6.11352 31.4426
6.14336 4.41235 27.1066
7.33811 3.13768 23.0246
8.76523 2.19394 19.2304
10.4699 1.50506 15.7578
12.5061 1.01038 12.6358
14.9382 0.661829 9.88656
17.8434 0.421626 7.52325
21.3136 0.260246 5.54678
25.4587 0.154991 3.94586
30.4099 0.08864 2.69553
36.3239 0.0484241 1.75896
43.3882 0.0251227 1.09003
51.8263 0.0122976 0.637338
61.9055 0.00563857 0.349058
73.9449 0.00240184 0.177604
88.3256 0.000941616 0.0831689
105.503 0.00033604 0.0354533
126.021 0.000107753 0.0135792
150.53 3.05596e-05 0.00460014
179.805 7.51987e-06 0.00135211
214.773 1.56855e-06 0.000336883
256.542 2.69675e-07 6.91831e-05
306.435 3.69596e-08 1.13257e-05
366.03 3.88035e-09 1.42032e-06
437.215 2.97266e-10 1.29969e-07
522.245 1.5576e-11 8.13448e-09
