1.19333e-05 517453 6.17494
1.42405e-05 433692 6.17598
1.69936e-05 363454 6.1764
2.02791e-05 304576 6.17651
2.41997e-05 255269 6.17744
2.88783e-05 213920 6.17764
3.44615e-05 179275 6.17808
4.1124e-05 150243 6.17859
4.90747e-05 125911 6.17902
5.85625e-05 105519 6.17947
6.98846e-05 88430.6 6.17993
8.33956e-05 74109.4 6.1804
9.95188e-05 62107.1 6.18083
0.000118759 52049.2 6.18132
0.000141719 43620 6.1818
0.000169119 36555.3 6.18218
0.000201815 30635.4 6.18267
0.000240832 25674.1 6.18316
0.000287394 21515.9 6.18354
0.000342956 18031.6 6.18404
0.000409261 15111.3 6.18448
0.000488386 12664 6.18493
0.000582807 10613.1 6.18541
0.000695483 8894.3 6.18584
0.000829944 7453.92 6.18633
0.0009904 6246.64 6.18667
0.00118188 5234.97 6.18709
0.00141037 4387.27 6.18769
0.00168305 3676.73 6.18812
0.00200844 3081.28 6.18857
0.00239674 2582.27 6.18903
0.00286011 2164.07 6.18948
0.00341306 1813.6 6.18994
0.00407292 1519.89 6.1904
0.00486036 1273.75 6.19087
0.00580003 1067.46 6.1913
0.00692137 894.585 6.19176
0.0082595 749.707 6.19221
0.00985634 628.292 6.19266
0.0117619 526.539 6.1931
0.0140359 441.266 6.19355
0.0167495 369.803 6.19402
0.0199877 309.912 6.19445
0.023852 259.722 6.1949
0.0284635 217.659 6.19533
0.0339664 182.408 6.19576
0.0405333 152.865 6.19611
0.0483697 128.105 6.19642
0.0577212 107.357 6.19676
0.0688807 89.9719 6.19733
0.0821976 75.4045 6.19807
0.0980892 63.188 6.19807
0.117053 52.9514 6.19813
0.139683 44.3733 6.19822
0.166689 37.1841 6.19819
0.198916 31.1589 6.19799
0.237373 26.1088 6.19752
0.283265 21.8761 6.19674
0.33803 18.3282 6.19548
0.403382 15.3542 6.19361
0.48137 12.861 6.19089
0.574435 10.7707 6.18704
0.685492 9.01786 6.18167
0.818021 7.54779 6.17425
0.976172 6.31457 6.16411
1.1649 5.27974 6.15037
1.39011 4.41098 6.13177
1.65887 3.68136 6.1069
1.97959 3.06822 6.07381
2.36231 2.55264 6.03011
2.81902 2.11874 5.97277
3.36403 1.7533 5.89815
4.01441 1.44528 5.80195
4.79053 1.18547 5.67902
5.71671 0.966315 5.52414
6.82194 0.781474 5.33117
8.14085 0.6258 5.09455
9.71475 0.495068 4.80947
11.5929 0.385831 4.47291
13.8343 0.295268 4.08481
16.5089 0.221044 3.64918
19.7006 0.161173 3.17521
23.5094 0.113893 2.67755
28.0546 0.077564 2.17602
33.4785 0.0505895 1.69366
39.951 0.0313819 1.25374
47.6748 0.0183738 0.875968
56.892 0.0100692 0.572855
67.8912 0.00511801 0.347467
81.0168 0.00238864 0.19352
96.6801 0.00101223 0.0978622
115.372 0.000384508 0.0443613
137.677 0.000128977 0.0177571
164.294 3.75258e-05 0.00616529
196.058 9.26968e-06 0.0018174
233.963 1.89508e-06 0.000443379
279.196 3.11109e-07 8.68603e-05
333.174 3.95847e-08 1.31886e-05
397.587 3.74447e-09 1.48876e-06
474.455 2.5044e-10 1.18823e-07
