1.19437e-05 485687 5.80091
1.42652e-05 406676 5.80133
1.7038e-05 340512 5.80164
2.03497e-05 285102 5.80175
2.43052e-05 238753 5.80292
2.90294e-05 199889 5.80266
3.46719e-05 167382 5.80346
4.14112e-05 140150 5.80377
4.94603e-05 117351 5.80422
5.9074e-05 98260.6 5.80465
7.05564e-05 82275.6 5.80507
8.42706e-05 68891.3 5.80551
0.00010065 57684.3 5.80595
0.000120214 48300.2 5.80636
0.00014358 40442.9 5.80681
0.000171488 33863.7 5.80722
0.000204821 28354.7 5.80764
0.000244632 23742.3 5.80813
0.000292182 19879.7 5.80848
0.000348974 16645.7 5.80893
0.000416805 13937.8 5.80935
0.000497821 11670.5 5.8098
0.000594583 9771.92 5.81022
0.000710153 8182.25 5.81066
0.000848187 6851.14 5.81105
0.00101305 5736.75 5.81162
0.00120996 4803.48 5.81202
0.00144514 4021.95 5.8123
0.00172604 3367.72 5.81282
0.00206153 2819.85 5.81322
0.00246224 2361.13 5.81366
0.00294083 1977.02 5.81409
0.00351244 1655.41 5.81453
0.00419516 1386.1 5.81493
0.00501059 1160.61 5.81534
0.00598451 971.81 5.8158
0.00714773 813.719 5.81624
0.00853705 681.342 5.81665
0.0101964 570.504 5.81709
0.0121783 477.695 5.81751
0.0145454 399.983 5.81793
0.0173727 334.914 5.81836
0.0207494 280.431 5.81878
0.0247825 234.811 5.8192
0.0295996 196.612 5.81962
0.0353529 164.626 5.82002
0.0422245 137.845 5.82045
0.0504318 115.423 5.82098
0.0602343 96.649 5.82159
0.0719422 80.9189 5.82149
0.0859258 67.7542 5.82183
0.102627 56.7323 5.82228
0.122575 47.4999 5.82231
0.1464 39.7703 5.82239
0.174857 33.298 5.82238
0.208844 27.8782 5.8222
0.249437 23.3397 5.8218
0.297921 19.5391 5.82109
0.355829 16.3561 5.81996
0.424992 13.6903 5.81826
0.507598 11.4574 5.81577
0.606261 9.58704 5.81225
0.724102 8.02003 5.80732
0.864847 6.70694 5.80048
1.03295 5.60639 5.79111
1.23373 4.68367 5.77836
1.47353 3.90977 5.76115
1.75994 3.26037 5.73805
2.10202 2.71513 5.70727
2.5106 2.25704 5.66651
2.99859 1.87187 5.61295
3.58143 1.54775 5.54314
4.27756 1.27478 5.45295
5.109 1.04477 5.33773
6.10205 0.850846 5.1919
7.28812 0.687441 5.01015
8.70472 0.549927 4.78696
10.3967 0.434534 4.51771
12.4175 0.338192 4.1995
14.8311 0.258392 3.83224
17.7139 0.193056 3.41978
21.157 0.140424 2.97094
25.2693 0.0989303 2.4999
30.1809 0.0671186 2.0257
36.0473 0.043568 1.57051
43.0539 0.0268646 1.15662
51.4223 0.0156111 0.80276
61.4174 0.00847522 0.520526
73.3552 0.00425785 0.312336
87.6134 0.00195881 0.171618
104.643 0.000815544 0.0853411
124.983 0.000303195 0.0378941
149.276 9.90789e-05 0.0147901
178.291 2.79315e-05 0.00497994
212.946 6.64243e-06 0.00141448
254.337 1.29737e-06 0.000329969
303.772 2.01631e-07 6.12499e-05
362.817 2.40221e-08 8.71564e-06
433.339 2.09892e-09 9.09543e-07
517.568 1.2724e-10 6.58553e-08
