1.19437e-05 3.59193e+07 429.01
1.42652e-05 2.96898e+07 423.532
1.7038e-05 2.45366e+07 418.055
2.03497e-05 2.02742e+07 412.574
2.43052e-05 1.67493e+07 407.095
2.90294e-05 1.38347e+07 401.614
3.46719e-05 1.14252e+07 396.133
4.14112e-05 9.43343e+06 390.649
4.94603e-05 7.78738e+06 385.166
5.9074e-05 6.42721e+06 379.681
7.05564e-05 5.30351e+06 374.197
8.42706e-05 4.37533e+06 368.711
0.00010065 3.60876e+06 363.224
0.000120214 2.97583e+06 357.736
0.00014358 2.45332e+06 352.249
0.000171488 2.02206e+06 346.76
0.000204821 1.66619e+06 341.27
0.000244632 1.37259e+06 335.779
0.000292182 1.13042e+06 330.288
0.000348974 930714 324.795
0.000416805 766070 319.302
0.000497821 630363 313.808
0.000594583 518536 308.313
0.000710153 426410 302.817
0.000848187 350537 297.321
0.00101305 288064 291.824
0.00120996 236640 286.325
0.00144514 194324 280.827
0.00172604 159514 275.328
0.00206153 130886 269.826
0.00246224 107352 264.325
0.00294083 88010.3 258.823
0.00351244 72120.9 253.32
0.00419516 59072 247.817
0.00501059 48360 242.312
0.00598451 39569.9 236.806
0.00714773 32360.1 231.301
0.00853705 26448.7 225.793
0.0101964 21604.3 220.286
0.0121783 17636 214.777
0.0145454 14387.2 209.268
0.0173727 11728.6 203.758
0.0207494 9554.32 198.247
0.0247825 7777.08 192.736
0.0295996 6325.19 187.223
0.0353529 5139.9 181.71
0.0422245 4172.83 176.196
0.0504318 3384.4 170.682
0.0602343 2742.08 165.168
0.0719422 2219.17 159.652
0.0859258 1793.84 154.137
0.102627 1448.16 148.621
0.122575 1167.49 143.106
0.1464 939.825 137.591
0.174857 755.345 132.077
0.208844 606.026 126.565
0.249437 485.31 121.054
0.297921 387.848 115.548
0.355829 309.267 110.046
0.424992 246.006 104.551
0.507598 195.161 99.0636
0.606261 154.37 93.5884
0.724102 121.707 88.128
0.864847 95.6096 82.6877
1.03295 74.8079 77.2728
1.23373 58.2717 71.8913
1.47353 45.1654 66.5524
1.75994 34.8123 61.2676
2.10202 26.6651 56.0506
2.5106 20.2811 50.9177
2.99859 15.3038 45.8899
3.58143 11.4452 40.9903
4.27756 8.47318 36.2445
5.109 6.20162 31.6841
6.10205 4.48052 27.3404
7.28812 3.18988 23.2482
8.70472 2.23354 19.4423
10.3967 1.53472 15.956
12.4175 1.03227 12.8183
14.8311 0.677741 10.0517
17.7139 0.432945 7.66913
21.157 0.268128 5.67278
25.2693 0.160331 4.05145
30.1809 0.0921512 2.78121
36.0473 0.0506523 1.82588
43.0539 0.026479 1.14002
51.4223 0.0130845 0.672836
61.4174 0.00607031 0.372822
73.3552 0.00262377 0.192467
87.6134 0.00104738 0.0917644
104.643 0.000382197 0.0399943
124.983 0.000125938 0.0157401
149.276 3.69184e-05 0.00551103
178.291 9.45419e-06 0.0016856
212.946 2.06838e-06 0.000440453
254.337 3.76347e-07 9.57188e-05
303.772 5.51542e-08 1.67543e-05
362.817 6.26776e-09 2.27405e-06
433.339 5.27852e-10 2.28739e-07
517.568 3.11379e-11 1.6116e-08
