1.19342e-05 3.77745e+07 450.808
1.42424e-05 3.12697e+07 445.356
1.69971e-05 2.5881e+07 439.903
2.02847e-05 2.14177e+07 434.45
2.42081e-05 1.77212e+07 428.996
2.88903e-05 1.46604e+07 423.542
3.44782e-05 1.21261e+07 418.085
4.11468e-05 1.00282e+07 412.63
4.91053e-05 8.29181e+06 407.171
5.8603e-05 6.85484e+06 401.714
6.99378e-05 5.66583e+06 396.256
8.34649e-05 4.68215e+06 390.795
9.96084e-05 3.8685e+06 385.335
0.000118874 3.1956e+06 379.874
0.000141867 2.63919e+06 374.413
0.000169306 2.17918e+06 368.948
0.000202052 1.79896e+06 363.485
0.000241133 1.48474e+06 358.02
0.000287772 1.22512e+06 352.555
0.000343431 1.01065e+06 347.089
0.000409857 833515 341.622
0.00048913 687252 336.155
0.000583735 566500 330.686
0.000696639 466836 325.217
0.000831381 384596 319.746
0.000992184 316752 314.276
0.00118409 260794 308.803
0.00141311 214655 303.332
0.00168643 176620 297.857
0.00201261 145276 292.384
0.00240188 119452 286.909
0.00286645 98181.9 281.433
0.00342087 80668.7 275.957
0.00408252 66253.1 270.479
0.00487214 54391.1 265.001
0.0058145 44633.6 259.522
0.00693911 36610.3 254.043
0.00828125 30015 248.561
0.00988298 24595.9 243.081
0.0117945 20144.7 237.597
0.0140758 16490.4 232.115
0.0167982 13491.3 226.631
0.0200473 11031.2 221.146
0.0239248 9014.14 215.661
0.0285522 7361.06 210.175
0.0340747 6007.04 204.688
0.0406653 4898.53 199.2
0.0485306 3991.53 193.712
0.0579173 3249.84 188.222
0.0691194 2643.71 182.731
0.0824882 2148.69 177.242
0.0984428 1744.66 171.75
0.117483 1415.15 166.257
0.140206 1146.62 160.763
0.167325 927.955 155.27
0.199688 750.047 149.775
0.238311 605.432 144.281
0.284404 487.99 138.786
0.339413 392.711 133.291
0.405061 315.497 127.795
0.483406 252.999 122.301
0.576905 202.472 116.807
0.688487 161.681 111.316
0.821652 128.796 105.825
0.980573 102.327 100.339
1.17023 81.0592 94.8581
1.39657 64.0024 89.3841
1.66669 50.3513 83.9203
1.98906 39.4509 78.4702
2.37378 30.7691 73.0389
2.83291 23.874 67.6328
3.38084 18.4157 62.2604
4.03474 14.1108 56.9334
4.81513 10.7298 51.6652
5.74646 8.08762 46.4752
6.85791 6.03472 41.3856
8.18435 4.4504 36.4236
9.76733 3.23772 31.6239
11.6565 2.31842 27.0247
13.9111 1.62972 22.6712
16.6017 1.12111 18.6124
19.8127 0.751966 14.8985
23.6448 0.489676 11.5783
28.2181 0.308064 8.69299
33.676 0.186185 6.26997
40.1895 0.107412 4.31681
47.9628 0.0587281 2.81676
57.2395 0.030189 1.728
68.3106 0.0144602 0.987786
81.523 0.0063896 0.520899
97.2909 0.00257523 0.250547
116.109 0.000934356 0.108487
138.566 0.000300512 0.0416407
165.367 8.41153e-05 0.0139099
197.351 2.0044e-05 0.0039557
235.522 3.96085e-06 0.000932868
281.076 6.29236e-07 0.000176863
335.441 7.74868e-08 2.59922e-05
400.321 7.08544e-09 2.83645e-06
477.749 4.56587e-10 2.18134e-07
