1.19437e-05 3.59123e+07 428.926
1.42652e-05 2.96838e+07 423.447
1.7038e-05 2.45316e+07 417.97
2.03497e-05 2.027e+07 412.49
2.43052e-05 1.67459e+07 407.011
2.90294e-05 1.38318e+07 401.529
3.46719e-05 1.14227e+07 396.048
4.14112e-05 9.43139e+06 390.565
4.94603e-05 7.78567e+06 385.082
5.9074e-05 6.42578e+06 379.597
7.05564e-05 5.30231e+06 374.112
8.42706e-05 4.37432e+06 368.627
0.00010065 3.60792e+06 363.139
0.000120214 2.97512e+06 357.652
0.00014358 2.45273e+06 352.164
0.000171488 2.02157e+06 346.675
0.000204821 1.66577e+06 341.185
0.000244632 1.37224e+06 335.695
0.000292182 1.13013e+06 330.203
0.000348974 930472 324.711
0.000416805 765867 319.217
0.000497821 630193 313.723
0.000594583 518394 308.228
0.000710153 426291 302.732
0.000848187 350438 297.237
0.00101305 287980 291.739
0.00120996 236570 286.24
0.00144514 194266 280.742
0.00172604 159465 275.243
0.00206153 130845 269.741
0.00246224 107317 264.24
0.00294083 87981.5 258.739
0.00351244 72096.8 253.236
0.00419516 59051.8 247.732
0.00501059 48343.1 242.227
0.00598451 39555.7 236.722
0.00714773 32348.2 231.216
0.00853705 26438.7 225.709
0.0101964 21596 220.201
0.0121783 17629.1 214.692
0.0145454 14381.3 209.183
0.0173727 11723.8 203.673
0.0207494 9550.24 198.162
0.0247825 7773.66 192.651
0.0295996 6322.33 187.138
0.0353529 5137.5 181.626
0.0422245 4170.82 176.111
0.0504318 3382.72 170.597
0.0602343 2740.68 165.083
0.0719422 2217.99 159.567
0.0859258 1792.85 154.052
0.102627 1447.33 148.536
0.122575 1166.8 143.021
0.1464 939.246 137.506
0.174857 754.86 131.992
0.208844 605.62 126.48
0.249437 484.97 120.97
0.297921 387.563 115.463
0.355829 309.028 109.961
0.424992 245.807 104.466
0.507598 194.994 98.9788
0.606261 154.23 93.5037
0.724102 121.59 88.0433
0.864847 95.5118 82.6031
1.03295 74.7261 77.1882
1.23373 58.2032 71.8068
1.47353 45.1081 66.4681
1.75994 34.7645 61.1834
2.10202 26.6252 55.9667
2.5106 20.2478 50.8341
2.99859 15.2761 45.8067
3.58143 11.4222 40.9076
4.27756 8.45404 36.1627
5.109 6.18578 31.6032
6.10205 4.46747 27.2607
7.28812 3.17919 23.1703
8.70472 2.22483 19.3665
10.3967 1.52769 15.8829
12.4175 1.02665 12.7484
14.8311 0.673306 9.98589
17.7139 0.429505 7.60819
21.157 0.265515 5.61748
25.2693 0.158395 4.00252
30.1809 0.0907597 2.73921
36.0473 0.0496888 1.79114
43.0539 0.0258408 1.11254
51.4223 0.0126832 0.652199
61.4174 0.00583297 0.358246
73.3552 0.00249307 0.18288
87.6134 0.000981095 0.0859571
104.643 0.000351624 0.036795
124.983 0.000113293 0.0141597
149.276 3.23057e-05 0.00482246
178.291 7.99876e-06 0.00142611
212.946 1.68026e-06 0.000357804
254.337 2.91234e-07 7.40715e-05
303.772 4.02912e-08 1.22394e-05
362.817 4.27694e-09 1.55175e-06
433.339 3.32e-10 1.43868e-07
517.568 1.76903e-11 9.15594e-09
