1.19437e-05 3.79598e+07 453.381
1.42652e-05 3.13983e+07 447.905
1.7038e-05 2.59672e+07 442.429
2.03497e-05 2.1472e+07 436.95
2.43052e-05 1.77524e+07 431.474
2.90294e-05 1.46745e+07 425.992
3.46719e-05 1.21284e+07 420.514
4.14112e-05 1.00222e+07 415.032
4.94603e-05 8.2804e+06 409.552
5.9074e-05 6.84002e+06 404.068
7.05564e-05 5.64917e+06 398.585
8.42706e-05 4.66476e+06 393.102
0.00010065 3.85111e+06 387.616
0.000120214 3.17875e+06 382.13
0.00014358 2.62323e+06 376.644
0.000171488 2.16433e+06 371.157
0.000204821 1.78531e+06 365.669
0.000244632 1.47233e+06 360.181
0.000292182 1.21394e+06 354.691
0.000348974 1.00065e+06 349.2
0.000416805 824627 343.709
0.000497821 679394 338.216
0.000594583 559590 332.723
0.000710153 460786 327.229
0.000848187 379321 321.735
0.00101305 312165 316.239
0.00120996 256820 310.742
0.00144514 211222 305.246
0.00172604 173663 299.749
0.00206153 142733 294.249
0.00246224 117271 288.75
0.00294083 96316.3 283.25
0.00351244 79075.6 277.749
0.00419516 64895.3 272.247
0.00501059 53236 266.744
0.00598451 43652.7 261.24
0.00714773 35778.7 255.736
0.00853705 29311.1 250.23
0.0101964 24001.1 244.725
0.0121783 19642.9 239.217
0.0145454 16067.6 233.71
0.0173727 13135.7 228.202
0.0207494 10732.5 222.692
0.0247825 8763.55 217.183
0.0295996 7151.17 211.672
0.0353529 5831.5 206.16
0.0422245 4751.91 200.647
0.0504318 3869.27 195.134
0.0602343 3148.06 189.621
0.0719422 2559.07 184.105
0.0859258 2078.42 178.59
0.102627 1686.42 173.073
0.122575 1366.97 167.557
0.1464 1106.82 162.038
0.174857 895.134 156.52
0.208844 723.033 151.001
0.249437 583.237 145.481
0.297921 469.794 139.962
0.355829 377.826 134.441
0.424992 303.351 128.922
0.507598 243.109 123.402
0.606261 194.443 117.883
0.724102 155.18 112.366
0.864847 123.549 106.851
1.03295 98.1062 101.339
1.23373 77.6766 95.8315
1.47353 61.3029 90.3315
1.75994 48.2068 84.841
2.10202 37.7559 79.3638
2.5106 29.4368 73.9039
2.99859 22.8337 68.4689
3.58143 17.6095 63.067
4.27756 13.4909 57.7079
5.109 10.2579 52.4074
6.10205 7.7321 47.1816
7.28812 5.77018 42.0537
8.70472 4.25643 37.051
10.3967 3.09782 32.207
12.4175 2.21951 27.5607
14.8311 1.56137 23.1569
17.7139 1.0751 19.0442
21.157 0.721952 15.2743
25.2693 0.470789 11.8965
30.1809 0.296671 8.95382
36.0473 0.179643 6.47562
43.0539 0.103862 4.47166
51.4223 0.0569254 2.92724
61.4174 0.0293408 1.80203
73.3552 0.014095 1.03394
87.6134 0.00624782 0.547393
104.643 0.00252656 0.264387
124.983 0.000919972 0.114981
149.276 0.000297 0.044335
178.291 8.34589e-05 0.01488
212.946 1.99678e-05 0.00425206
254.337 3.96174e-06 0.00100762
303.772 6.31829e-07 0.000191932
362.817 7.80829e-08 2.83298e-05
433.339 7.16157e-09 3.10339e-06
517.568 4.62647e-10 2.39451e-07
