1.19448e-05 1.5206e+06 18.1632
1.42678e-05 1.27309e+06 18.1642
1.70426e-05 1.0659e+06 18.1658
2.03571e-05 892405 18.1667
2.43161e-05 747183 18.1686
2.90451e-05 625561 18.1695
3.46937e-05 523758 18.1711
4.1441e-05 438512 18.1724
4.95004e-05 367146 18.1739
5.91272e-05 307390 18.1751
7.06263e-05 257362 18.1765
8.43616e-05 215474 18.1777
0.000100768 180405 18.1791
0.000120366 151044 18.1805
0.000143774 126461 18.1819
0.000171735 105879 18.1833
0.000205134 88646.3 18.1844
0.000245029 74219 18.1858
0.000292682 62139.4 18.1871
0.000349603 52026.1 18.1885
0.000417593 43559.1 18.19
0.000498807 36469.6 18.1913
0.000595814 30534 18.1926
0.000711688 25564.4 18.1939
0.000850097 21403.8 18.1953
0.00101542 17920.3 18.1967
0.0012129 15003.6 18.1979
0.00144879 12561.7 18.1993
0.00173055 10517.3 18.2007
0.0020671 8805.54 18.202
0.00246911 7372.42 18.2033
0.00294931 6172.54 18.2047
0.00352289 5167.94 18.2061
0.00420801 4326.84 18.2074
0.00502639 3622.62 18.2087
0.00600392 3033.02 18.21
0.00717156 2539.4 18.2114
0.00856628 2126.08 18.2126
0.0102322 1780.06 18.214
0.0122222 1490.33 18.2152
0.0145992 1247.77 18.2165
0.0174384 1044.69 18.2177
0.0208298 874.652 18.2189
0.0248808 732.289 18.2199
0.0297196 613.099 18.2211
0.0354995 513.3 18.2219
0.0424034 429.747 18.2227
0.05065 359.792 18.2235
0.0605004 301.22 18.2239
0.0722665 252.175 18.2238
0.0863209 211.108 18.223
0.103109 176.727 18.222
0.123161 147.936 18.2199
0.147113 123.828 18.2168
0.175724 103.641 18.2122
0.209899 86.7351 18.2056
0.25072 72.5764 18.1963
0.299479 60.7177 18.1837
0.357722 50.7842 18.1666
0.427292 42.4622 18.1438
0.510391 35.4891 18.1134
0.609652 29.6451 18.0732
0.728217 24.7464 18.0208
0.86984 20.6387 17.9524
1.03901 17.1935 17.8641
1.24107 14.3027 17.7507
1.48244 11.8764 17.6059
1.77074 9.8392 17.4227
2.11511 8.12828 17.1922
2.52646 6.69125 16.9052
3.0178 5.48435 16.5507
3.6047 4.47123 16.1174
4.30574 3.62166 15.5939
5.14312 2.91054 14.9692
6.14336 2.31699 14.2341
7.33811 1.82372 13.3827
8.76523 1.41624 12.4136
10.4699 1.0824 11.3326
12.5061 0.811869 10.1533
14.9382 0.595702 8.89874
17.8434 0.426024 7.60172
21.3136 0.295736 6.3032
25.4587 0.198349 5.04971
30.4099 0.127867 3.88841
36.3239 0.0787732 2.86135
43.3882 0.0460805 1.99935
51.8263 0.0254162 1.31723
61.9055 0.0131154 0.811916
73.9449 0.00627769 0.464203
88.3256 0.00276061 0.243833
105.503 0.00110325 0.116396
126.021 0.000395651 0.0498605
150.53 0.00012543 0.018881
179.805 3.4521e-05 0.00620705
214.773 8.06958e-06 0.00173313
256.542 1.56059e-06 0.000400358
306.435 2.41999e-07 7.41569e-05
366.03 2.8998e-08 1.06141e-05
437.215 2.56976e-09 1.12354e-06
522.245 1.59565e-10 8.33319e-08
