1.19437e-05 3.788e+07 452.428
1.42652e-05 3.13315e+07 446.951
1.7038e-05 2.59112e+07 441.476
2.03497e-05 2.14252e+07 435.997
2.43052e-05 1.77132e+07 430.521
2.90294e-05 1.46417e+07 425.039
3.46719e-05 1.21009e+07 419.561
4.14112e-05 9.99921e+06 414.079
4.94603e-05 8.26112e+06 408.598
5.9074e-05 6.82388e+06 403.114
7.05564e-05 5.63566e+06 397.632
8.42706e-05 4.65344e+06 392.148
0.00010065 3.84163e+06 386.662
0.000120214 3.17081e+06 381.177
0.00014358 2.61659e+06 375.69
0.000171488 2.15877e+06 370.203
0.000204821 1.78065e+06 364.715
0.000244632 1.46843e+06 359.227
0.000292182 1.21067e+06 353.737
0.000348974 997913 348.246
0.000416805 822337 342.754
0.000497821 677477 337.262
0.000594583 557985 331.768
0.000710153 459442 326.274
0.000848187 378195 320.78
0.00101305 311223 315.285
0.00120996 256031 309.787
0.00144514 210561 304.291
0.00172604 173109 298.794
0.00206153 142270 293.294
0.00246224 116883 287.795
0.00294083 95991.5 282.294
0.00351244 78803.7 276.793
0.00419516 64667.6 271.291
0.00501059 53045.3 265.788
0.00598451 43493 260.284
0.00714773 35645 254.781
0.00853705 29199.2 249.275
0.0101964 23907.4 243.769
0.0121783 19564.4 238.262
0.0145454 16001.9 232.754
0.0173727 13080.7 227.246
0.0207494 10686.4 221.736
0.0247825 8724.98 216.227
0.0295996 7118.87 210.716
0.0353529 5804.45 205.204
0.0422245 4729.26 199.691
0.0504318 3850.31 194.178
0.0602343 3132.19 188.665
0.0719422 2545.78 183.149
0.0859258 2067.29 177.634
0.102627 1677.1 172.117
0.122575 1359.17 166.6
0.1464 1100.28 161.082
0.174857 889.663 155.563
0.208844 718.452 150.044
0.249437 579.402 144.525
0.297921 466.583 139.005
0.355829 375.138 133.485
0.424992 301.1 127.965
0.507598 241.225 122.446
0.606261 192.866 116.927
0.724102 153.86 111.41
0.864847 122.444 105.896
1.03295 97.1821 100.384
1.23373 76.9037 94.878
1.47353 60.6567 89.3793
1.75994 47.6668 83.8907
2.10202 37.305 78.416
2.5106 29.0606 72.9596
2.99859 22.5203 67.5292
3.58143 17.3488 62.1336
4.27756 13.2745 56.7827
5.109 10.0789 51.493
6.10205 7.58453 46.2812
7.28812 5.64913 41.1715
8.70472 4.15775 36.1921
10.3967 3.01803 31.3775
12.4175 2.15565 26.7677
14.8311 1.51092 22.4086
17.7139 1.03588 18.3494
21.157 0.69206 14.6419
25.2693 0.448564 11.3349
30.1809 0.280633 8.46977
36.0473 0.168479 6.07319
43.0539 0.0964186 4.15119
51.4223 0.052209 2.68471
61.4174 0.0265257 1.62914
73.3552 0.0125275 0.918956
87.6134 0.00544246 0.476832
104.643 0.00214934 0.224914
124.983 0.000761129 0.095128
149.276 0.000237833 0.0355027
178.291 6.43332e-05 0.01147
212.946 1.47234e-05 0.00313529
254.337 2.77432e-06 0.000705611
303.772 4.16767e-07 0.000126602
362.817 4.80553e-08 1.74353e-05
433.339 4.06487e-09 1.76147e-06
517.568 2.38185e-10 1.23277e-07
