1.19339e-05 488716 5.83227
1.42417e-05 409587 5.83323
1.69959e-05 343238 5.83364
2.02827e-05 287623 5.83378
2.42051e-05 241038 5.83435
2.88861e-05 201998 5.83495
3.44723e-05 169270 5.83514
4.11389e-05 141854 5.8357
4.90946e-05 118874 5.83607
5.85889e-05 99618.3 5.83652
6.99192e-05 83481.3 5.83695
8.34408e-05 69958.2 5.83737
9.95772e-05 58626 5.83781
0.000118834 49129.6 5.83827
0.000141815 41171.1 5.83869
0.000169241 34501.7 5.83909
0.00020197 28912.9 5.83953
0.000241028 24229.3 5.83994
0.00028764 20304.4 5.84037
0.000343266 17015.4 5.84081
0.000409649 14259.1 5.84124
0.00048887 11949.4 5.84169
0.000583412 10013.7 5.8421
0.000696236 8391.59 5.84253
0.00083088 7032.34 5.84303
0.000991561 5893.05 5.84332
0.00118332 4938.43 5.84372
0.00141216 4138.55 5.84428
0.00168525 3468.14 5.84469
0.00201116 2906.34 5.8451
0.00240009 2435.56 5.84555
0.00286424 2041.02 5.84596
0.00341814 1710.4 5.8464
0.00407917 1433.34 5.84685
0.00486803 1201.16 5.84727
0.00580945 1006.58 5.84768
0.00693292 843.529 5.84812
0.00827366 706.885 5.84853
0.00987369 592.38 5.84897
0.0117831 496.421 5.84939
0.0140618 416.006 5.84982
0.0167812 348.619 5.85025
0.0200265 292.145 5.85066
0.0238994 244.822 5.85109
0.0285212 205.163 5.85149
0.0340369 171.928 5.85189
0.0406192 144.077 5.85228
0.0484745 120.738 5.85273
0.0578488 101.178 5.85303
0.0690361 84.7871 5.85337
0.0823868 71.0561 5.85408
0.0983194 59.5401 5.85395
0.117333 49.8928 5.85408
0.140024 41.8084 5.85418
0.167103 35.0331 5.85413
0.199418 29.355 5.85392
0.237983 24.596 5.85345
0.284007 20.6075 5.85267
0.33893 17.2644 5.85142
0.404475 14.4621 5.84957
0.482695 12.113 5.8469
0.576042 10.1435 5.84311
0.687442 8.49213 5.83784
0.820385 7.10712 5.83057
0.979037 5.94527 5.82064
1.16837 4.97034 5.8072
1.39432 4.15185 5.789
1.66396 3.46444 5.76469
1.98575 2.88675 5.73237
2.36977 2.40095 5.68971
2.82806 1.9921 5.63377
3.37497 1.64773 5.56104
4.02765 1.35745 5.46734
4.80654 1.1126 5.34778
5.73607 0.906068 5.19727
6.84535 0.73189 5.01005
8.16916 0.585234 4.78087
9.74897 0.462132 4.50531
11.6343 0.35935 4.18079
13.8842 0.27424 3.80761
16.5693 0.204604 3.39015
19.7736 0.148569 2.93774
23.5975 0.104459 2.46497
28.161 0.0707072 1.99118
33.607 0.04578 1.53853
40.1062 0.028149 1.12895
47.8622 0.0163078 0.780526
57.1181 0.0088248 0.504056
68.1641 0.00441846 0.30118
81.3462 0.00202555 0.164771
97.0775 0.000840297 0.081574
115.851 0.000311257 0.0360594
138.255 0.00010134 0.0140107
164.992 2.84647e-05 0.00469645
196.9 6.7453e-06 0.00132815
234.977 1.31312e-06 0.000308554
280.419 2.03491e-07 5.70628e-05
334.649 2.41895e-08 8.09498e-06
399.366 2.1106e-09 8.42901e-07
476.598 1.27863e-10 6.09392e-08
