1.19333e-05 541906 6.46675
1.42405e-05 454187 6.46783
1.69936e-05 380629 6.46826
2.02791e-05 318970 6.46841
2.41997e-05 267328 6.46925
2.88783e-05 224031 6.46964
3.44615e-05 187745 6.46996
4.1124e-05 157343 6.47058
4.90747e-05 131860 6.47099
5.85625e-05 110505 6.47148
6.98846e-05 92609.3 6.47196
8.33956e-05 77611.4 6.47245
9.95188e-05 65041.9 6.4729
0.000118759 54508.7 6.47341
0.000141719 45681.2 6.47391
0.000169119 38282.7 6.47431
0.000201815 32083 6.47482
0.000240832 26887.3 6.47533
0.000287394 22532.6 6.47573
0.000342956 18883.6 6.47626
0.000409261 15825.4 6.47672
0.000488386 13262.5 6.4772
0.000582807 11114.6 6.47769
0.000695483 9314.59 6.47814
0.000829944 7806.17 6.47868
0.0009904 6541.82 6.47902
0.00118188 5482.34 6.47946
0.00141037 4594.59 6.48009
0.00168305 3850.47 6.48053
0.00200844 3226.88 6.481
0.00239674 2704.29 6.48148
0.00286011 2266.33 6.48196
0.00341306 1899.3 6.48243
0.00407292 1591.71 6.48292
0.00486036 1333.94 6.48341
0.00580003 1117.9 6.48386
0.00692137 936.858 6.48434
0.0082595 785.133 6.48481
0.00985634 657.981 6.48529
0.0117619 551.42 6.48575
0.0140359 462.117 6.48622
0.0167495 387.278 6.48671
0.0199877 324.557 6.48716
0.023852 271.995 6.48763
0.0284635 227.944 6.48808
0.0339664 191.028 6.48852
0.0405333 160.088 6.48891
0.0483697 134.16 6.4893
0.0577212 112.431 6.48965
0.0688807 94.2233 6.49016
0.0821976 78.9677 6.49096
0.0980892 66.1733 6.49089
0.117053 55.4533 6.49098
0.139683 46.4699 6.49108
0.166689 38.941 6.49103
0.198916 32.6309 6.4908
0.237373 27.3422 6.4903
0.283265 22.9095 6.48945
0.33803 19.1938 6.48808
0.403382 16.0792 6.48607
0.48137 13.4681 6.48315
0.574435 11.2789 6.47901
0.685492 9.44322 6.47325
0.818021 7.90359 6.4653
0.976172 6.61198 6.45443
1.1649 5.52813 6.43971
1.39011 4.61819 6.41981
1.65887 3.85395 6.39321
1.97959 3.2117 6.35784
2.36231 2.6716 6.31114
2.81902 2.21705 6.24991
3.36403 1.83419 6.17027
4.01441 1.51147 6.06768
4.79053 1.23926 5.9367
5.71671 1.00964 5.7718
6.82194 0.815983 5.56659
8.14085 0.652912 5.31526
9.71475 0.516007 5.01289
11.5929 0.401665 4.65648
13.8343 0.306936 4.24623
16.5089 0.229374 3.78671
19.7006 0.166894 3.28792
23.5094 0.117639 2.76562
28.0546 0.0798762 2.24089
33.4785 0.0519141 1.738
39.951 0.0320701 1.28123
47.6748 0.0186853 0.890818
56.892 0.0101814 0.579238
67.8912 0.00514036 0.348985
81.0168 0.00238022 0.192838
96.6801 0.000999357 0.096618
115.372 0.000375506 0.0433227
137.677 0.000124351 0.0171202
164.294 3.56356e-05 0.00585472
196.058 8.64623e-06 0.00169516
233.963 1.7304e-06 0.000404848
279.196 2.76968e-07 7.73282e-05
333.174 3.41903e-08 1.13913e-05
397.587 3.11843e-09 1.23985e-06
474.455 1.99374e-10 9.45939e-08
