1.19342e-05 3.57232e+07 426.326
1.42424e-05 2.95506e+07 420.872
1.69971e-05 2.44404e+07 415.417
2.02847e-05 2.02105e+07 409.963
2.42081e-05 1.67096e+07 404.506
2.88903e-05 1.38126e+07 399.051
3.44782e-05 1.14157e+07 393.592
4.11468e-05 9.43293e+06 388.135
4.91053e-05 7.79295e+06 382.675
5.8603e-05 6.4368e+06 377.216
6.99378e-05 5.31552e+06 371.756
8.34649e-05 4.38859e+06 366.293
9.96084e-05 3.6225e+06 360.831
0.000118874 2.98945e+06 355.369
0.000141867 2.46644e+06 349.905
0.000169306 2.03442e+06 344.439
0.000202052 1.67765e+06 338.974
0.000241133 1.38309e+06 333.507
0.000287772 1.13993e+06 328.04
0.000343431 939263 322.572
0.000409857 773693 317.103
0.00048913 637122 311.635
0.000583735 524492 306.165
0.000696639 431634 300.693
0.000831381 355097 295.221
0.000992184 292031 289.749
0.00118409 240079 284.274
0.00141311 197296 278.801
0.00168643 162073 273.325
0.00201261 133085 267.849
0.00240188 109236 262.373
0.00286645 89621.5 256.895
0.00342087 73495.1 251.417
0.00408252 60241.7 245.938
0.00487214 49353.6 240.458
0.0058145 40412.2 234.977
0.00693911 33072.8 229.496
0.00828125 27050.6 224.013
0.00988298 22111.8 218.53
0.0117945 18063.1 213.045
0.0140758 14746 207.561
0.0167982 12029.5 202.075
0.0200473 9806.25 196.589
0.0239248 7987.64 191.103
0.0285522 6500.87 185.614
0.0340747 5286.22 180.126
0.0406653 4294.51 174.638
0.0485306 3485.39 169.148
0.0579173 2825.72 163.658
0.0691194 2288.31 158.167
0.0824882 1850.89 152.677
0.0984428 1495.14 147.186
0.117483 1206.09 141.696
0.140206 971.464 136.205
0.167325 781.218 130.717
0.199688 627.128 125.23
0.238311 502.478 119.746
0.284404 401.771 114.265
0.339413 320.522 108.789
0.405061 255.072 103.32
0.483406 202.439 97.8605
0.576905 160.186 92.4122
0.688487 126.336 86.9808
0.821652 99.2746 81.5692
0.980573 77.6948 76.1855
1.17023 60.5315 70.8359
1.39657 46.9224 65.5306
1.66669 36.1681 60.2812
1.98906 27.7026 55.1021
2.37378 21.0677 50.0102
2.83291 15.8938 45.0257
3.38084 11.8823 40.1721
4.03474 8.79285 35.4769
4.81513 6.43169 30.9694
5.74646 4.64333 26.6827
6.85791 3.30291 22.6511
8.18435 2.31024 18.9078
9.76733 1.58551 15.4862
11.6565 1.06492 12.4132
13.9111 0.698029 9.71033
16.6017 0.445102 7.38944
19.8127 0.275092 5.45033
23.6448 0.164128 3.88078
28.2181 0.0941013 2.65536
33.676 0.0515861 1.73721
40.1895 0.0268899 1.08069
47.9628 0.0132469 0.635357
57.2395 0.0061257 0.350632
68.3106 0.00263866 0.180248
81.523 0.00104954 0.0855612
97.2909 0.000381537 0.0371201
116.109 0.000125221 0.0145393
138.566 3.65554e-05 0.00506532
165.367 9.32045e-06 0.00154129
197.351 2.02994e-06 0.000400612
235.522 3.6767e-07 8.65945e-05
281.076 5.36407e-08 1.50771e-05
335.441 6.06976e-09 2.03605e-06
400.321 5.09163e-10 2.03828e-07
477.749 2.99188e-11 1.42937e-08
