1.19339e-05 542137 6.4698
1.42417e-05 454363 6.47092
1.69959e-05 380762 6.47141
2.02827e-05 319064 6.47148
2.42051e-05 267404 6.47255
2.88861e-05 224072 6.47256
3.44723e-05 187782 6.47327
4.11389e-05 157361 6.47364
4.90946e-05 131871 6.47413
5.85889e-05 110509 6.47462
6.99192e-05 92608.2 6.4751
8.34408e-05 77606.6 6.47556
9.95772e-05 65035.5 6.47605
0.000118834 54500.8 6.47656
0.000141815 45672.3 6.47703
0.000169241 38273.7 6.47746
0.00020197 32074 6.47798
0.000241028 26878.4 6.47846
0.00028764 22524.4 6.47893
0.000343266 18875.7 6.4794
0.000409649 15818.1 6.47986
0.00048887 13255.8 6.48034
0.000583412 11108.5 6.48081
0.000696236 9309.05 6.48129
0.00083088 7801.11 6.48178
0.000991561 6537.32 6.48216
0.00118332 5478.33 6.4826
0.00141216 4591 6.4832
0.00168525 3847.32 6.48369
0.00201116 3224.09 6.48415
0.00240009 2701.83 6.48464
0.00286424 2264.16 6.48509
0.00341814 1897.4 6.4856
0.00407917 1590.05 6.48607
0.00486803 1332.48 6.48656
0.00580945 1116.63 6.48701
0.00693292 935.75 6.48749
0.00827366 784.17 6.48796
0.00987369 657.144 6.48843
0.0117831 550.694 6.4889
0.0140618 461.488 6.48937
0.0167812 386.733 6.48986
0.0200265 324.086 6.49031
0.0238994 271.588 6.49078
0.0285212 227.593 6.49124
0.0340369 190.725 6.49169
0.0406192 159.827 6.49205
0.0484745 133.933 6.49231
0.0578488 112.235 6.49269
0.0690361 94.0571 6.49333
0.0823868 78.8241 6.49407
0.0983194 66.0516 6.49416
0.117333 55.3484 6.49421
0.140024 46.3798 6.49429
0.167103 38.8639 6.49427
0.199418 32.565 6.49407
0.237983 27.2859 6.4936
0.284007 22.8614 6.4928
0.33893 19.153 6.49152
0.404475 16.0445 6.4896
0.482695 13.4388 6.48683
0.576042 11.2541 6.48286
0.687442 9.42242 6.47736
0.820385 7.88623 6.46974
0.979037 6.59763 6.45932
1.16837 5.51642 6.44522
1.39432 4.60874 6.42606
1.66396 3.84653 6.40048
1.98575 3.20605 6.36641
2.36977 2.66751 6.3214
2.82806 2.21435 6.26232
3.37497 1.83273 6.1854
4.02765 1.5111 6.08617
4.80654 1.23983 5.95927
5.73607 1.01103 5.79932
6.84535 0.818053 5.59986
8.16916 0.65552 5.35505
9.74897 0.519007 5.05978
11.6343 0.404904 4.71078
13.8842 0.310261 4.30773
16.5693 0.232634 3.85457
19.7736 0.169951 3.36053
23.5975 0.120377 2.84061
28.161 0.0822131 2.3152
33.607 0.0538054 1.80824
40.1062 0.0335139 1.34411
47.8622 0.0197185 0.943769
57.1181 0.0108693 0.620834
68.1641 0.00556308 0.379202
81.3462 0.00261771 0.21294
97.0775 0.00112006 0.108732
115.851 0.00043032 0.049853
138.255 0.000146273 0.020223
164.992 4.3223e-05 0.00713145
196.9 1.08712e-05 0.00214054
234.977 2.26945e-06 0.00053327
280.419 3.81674e-07 0.000107029
334.649 4.99336e-08 1.67102e-05
399.366 4.87759e-09 1.94794e-06
476.598 3.38761e-10 1.61453e-07
