1.19339e-05 3.77959e+07 451.051
1.42417e-05 3.12884e+07 445.601
1.69959e-05 2.58973e+07 440.148
2.02827e-05 2.14319e+07 434.696
2.42051e-05 1.77336e+07 429.243
2.88861e-05 1.4671e+07 423.79
3.44723e-05 1.21354e+07 418.334
4.11389e-05 1.00362e+07 412.879
4.90946e-05 8.2987e+06 407.421
5.85889e-05 6.86077e+06 401.965
6.99192e-05 5.67093e+06 396.507
8.34408e-05 4.68652e+06 391.047
9.95772e-05 3.87225e+06 385.588
0.000118834 3.19881e+06 380.128
0.000141815 2.64194e+06 374.667
0.000169241 2.18153e+06 369.203
0.00020197 1.80097e+06 363.741
0.000241028 1.48645e+06 358.277
0.00028764 1.22658e+06 352.812
0.000343266 1.01189e+06 347.347
0.000409649 834569 341.881
0.00048887 688148 336.415
0.000583412 567262 330.947
0.000696236 467482 325.478
0.00083088 385144 320.008
0.000991561 317215 314.539
0.00118332 261187 309.067
0.00141216 214988 303.596
0.00168525 176902 298.124
0.00201116 145513 292.649
0.00240009 119652 287.176
0.00286424 98351.1 281.701
0.00341814 80811.4 276.225
0.00407917 66373.4 270.748
0.00486803 54492.4 265.271
0.00580945 44718.9 259.792
0.00693292 36682.1 254.314
0.00827366 30075.4 248.833
0.00987369 24646.7 243.353
0.0117831 20187.4 237.871
0.0140618 16526.2 232.389
0.0167812 13521.4 226.906
0.0200265 11056.4 221.422
0.0238994 9035.29 215.938
0.0285212 7378.78 210.452
0.0340369 6021.88 204.966
0.0406192 4910.96 199.479
0.0484745 4001.92 193.991
0.0578488 3258.53 188.502
0.0690361 2650.97 183.013
0.0823868 2154.76 177.524
0.0983194 1749.73 172.032
0.117333 1419.38 166.54
0.140024 1150.14 161.047
0.167103 930.892 155.555
0.199418 752.494 150.061
0.237983 607.47 144.568
0.284007 489.684 139.074
0.33893 394.12 133.579
0.404475 316.67 128.085
0.482695 253.972 122.591
0.576042 203.279 117.097
0.687442 162.35 111.606
0.820385 129.35 106.116
0.979037 102.786 100.631
1.16837 81.4386 95.1504
1.39432 64.3158 89.6767
1.66396 50.61 84.2131
1.98575 39.6641 78.763
2.36977 30.9445 73.3314
2.82806 24.0181 67.9246
3.37497 18.5338 62.5511
4.02765 14.2074 57.2223
4.80654 10.8085 51.9516
5.73607 8.15164 46.7584
6.84535 6.08638 41.6634
8.16916 4.49189 36.695
9.74897 3.27079 31.8868
11.6343 2.34453 27.277
13.8842 1.65009 22.9102
16.5693 1.13676 18.8353
19.7736 0.763774 15.1025
23.5975 0.498377 11.7605
28.161 0.314301 8.85104
33.607 0.190508 6.40241
40.1062 0.110289 4.42327
47.8622 0.0605534 2.89822
57.1181 0.0312832 1.78684
68.1641 0.0150743 1.02752
81.3462 0.00670881 0.545736
97.0775 0.00272717 0.264747
115.851 0.000999679 0.115814
138.255 0.000325488 0.0450004
164.992 9.24516e-05 0.0152538
196.9 2.24201e-05 0.00441451
234.977 4.52435e-06 0.00106312
280.419 7.37057e-07 0.000206685
334.649 9.35474e-08 3.13055e-05
399.366 8.87232e-09 3.5433e-06
476.598 5.98164e-10 2.85084e-07
