1.19443e-05 3.58498e+07 428.199
1.42665e-05 2.96301e+07 422.719
1.70403e-05 2.44855e+07 417.241
2.03534e-05 2.02305e+07 411.759
2.43106e-05 1.6712e+07 406.278
2.90372e-05 1.38028e+07 400.795
3.46828e-05 1.13979e+07 395.311
4.1426e-05 9.41021e+06 389.828
4.94803e-05 7.76761e+06 384.344
5.91006e-05 6.41038e+06 378.857
7.05912e-05 5.2892e+06 373.371
8.4316e-05 4.36316e+06 367.884
0.000100709 3.59843e+06 362.395
0.00012029 2.96706e+06 356.907
0.000143677 2.44588e+06 351.417
0.000171612 2.01575e+06 345.927
0.000204977 1.66085e+06 340.436
0.00024483 1.36806e+06 334.942
0.000292431 1.12659e+06 329.449
0.000349288 927478 323.957
0.000417198 763335 318.462
0.000498312 628053 312.966
0.000595197 516585 307.47
0.000710919 424764 301.972
0.00084914 349148 296.476
0.00101423 286893 290.976
0.00121143 235653 285.476
0.00144696 193493 279.977
0.00172829 158814 274.476
0.00206431 130297 268.973
0.00246567 106856 263.471
0.00294505 87593.4 257.967
0.00351765 71770.4 252.463
0.00420157 58777.5 246.958
0.00501846 48112.7 241.452
0.00599418 39362.3 235.945
0.00715961 32185.8 230.438
0.00855162 26302.5 224.929
0.0102143 21481.7 219.42
0.0122002 17533.3 213.909
0.0145722 14301.1 208.399
0.0174054 11656.5 202.887
0.0207895 9493.96 197.375
0.0248315 7726.53 191.861
0.0296594 6282.94 186.348
0.035426 5104.57 180.834
0.0423137 4143.3 175.318
0.0505405 3359.73 169.803
0.0603669 2721.46 164.286
0.0721038 2201.97 158.77
0.0861226 1779.48 153.254
0.102867 1436.18 147.736
0.122867 1157.51 142.22
0.146756 931.507 136.704
0.175289 748.418 131.189
0.209369 600.259 125.676
0.250076 480.512 120.165
0.298697 383.858 114.658
0.356772 305.952 109.155
0.426138 243.254 103.66
0.50899 192.878 98.1729
0.60795 152.476 92.6979
0.726152 120.14 87.2398
0.867334 94.3134 81.8013
1.03597 73.7385 76.3906
1.23738 57.3905 71.0141
1.47796 44.4408 65.6819
1.76532 34.2181 60.4059
2.10854 26.1791 55.1998
2.5185 19.8856 50.0819
3.00816 14.9833 45.0721
3.59302 11.1868 40.1943
4.2916 8.26642 35.4762
5.12599 6.03747 30.948
6.12262 4.35146 26.6423
7.31302 3.08958 22.5941
8.73485 2.15664 18.8379
10.4331 1.47671 15.4067
12.4616 0.989324 12.3286
14.8845 0.646634 9.6248
17.7784 0.41098 7.30655
21.235 0.253062 5.37376
25.3636 0.150345 3.81328
30.2949 0.0857791 2.59867
36.185 0.0467598 1.692
43.2203 0.0242162 1.04663
51.6235 0.0118403 0.611236
61.6604 0.00542775 0.334677
73.6488 0.00231454 0.170463
87.968 0.000909922 0.080044
105.071 0.000326338 0.0342887
125.5 0.000105439 0.0132326
149.9 3.02258e-05 0.00453086
179.045 7.54551e-06 0.00135098
213.856 1.60342e-06 0.0003429
255.435 2.82179e-07 7.20784e-05
305.098 3.98013e-08 1.21433e-05
364.417 4.32771e-09 1.57709e-06
435.269 3.46111e-10 1.50651e-07
519.896 1.91687e-11 9.96572e-09
