1.19333e-05 1.469e+06 17.53
1.42405e-05 1.23113e+06 17.5318
1.69936e-05 1.03174e+06 17.533
2.02791e-05 864641 17.5341
2.41997e-05 724611 17.5354
2.88783e-05 607269 17.5369
3.44615e-05 508912 17.5379
4.1124e-05 426500 17.5394
4.90747e-05 357425 17.5405
5.85625e-05 299541 17.5419
6.98846e-05 251032 17.5433
8.33956e-05 210375 17.5444
9.95188e-05 176306 17.5457
0.000118759 147754 17.5471
0.000141719 123825 17.5484
0.000169119 103770 17.5495
0.000201815 86965 17.5508
0.000240832 72881.1 17.5521
0.000287394 61077.9 17.5534
0.000342956 51186.4 17.5547
0.000409261 42896.7 17.556
0.000488386 35949.9 17.5574
0.000582807 30127.8 17.5587
0.000695483 25248.5 17.5599
0.000829944 21159.5 17.5612
0.0009904 17732.7 17.5625
0.00118188 14860.8 17.5637
0.00141037 12454.2 17.5651
0.00168305 10437.3 17.5665
0.00200844 8746.91 17.5676
0.00239674 7330.36 17.5689
0.00286011 6143.22 17.5703
0.00341306 5148.32 17.5715
0.00407292 4314.55 17.5728
0.00486036 3615.8 17.5741
0.00580003 3030.21 17.5753
0.00692137 2539.48 17.5767
0.0082595 2128.2 17.5778
0.00985634 1783.54 17.5792
0.0117619 1494.68 17.5803
0.0140359 1252.61 17.5815
0.0167495 1049.74 17.5827
0.0199877 879.728 17.5838
0.023852 737.251 17.5849
0.0284635 617.84 17.5859
0.0339664 517.769 17.5868
0.0405333 433.903 17.5875
0.0483697 363.617 17.588
0.0577212 304.711 17.5883
0.0688807 255.341 17.5881
0.0821976 213.97 17.5879
0.0980892 179.289 17.5863
0.117053 150.224 17.5842
0.139683 125.863 17.581
0.166689 105.443 17.5762
0.198916 88.3267 17.5696
0.237373 73.9779 17.5604
0.283265 61.9481 17.5477
0.33803 51.8612 17.5306
0.403382 43.4026 17.5078
0.48137 36.308 17.4776
0.574435 30.3564 17.4378
0.685492 25.3626 17.3858
0.818021 21.1709 17.3183
0.976172 17.6518 17.2312
1.1649 14.6961 17.1195
1.39011 12.2128 16.9772
1.65887 10.1258 16.7973
1.97959 8.37126 16.5716
2.36231 6.89615 16.2908
2.81902 5.65608 15.9446
3.36403 4.61413 15.5221
4.01441 3.73958 15.0122
4.79053 3.00689 14.4046
5.71671 2.39486 13.6907
6.82194 1.88579 12.8648
8.14085 1.46496 11.926
9.71475 1.11994 10.8799
11.5929 0.840171 9.74006
13.8343 0.616504 8.52887
16.5089 0.440862 7.27813
19.7006 0.305956 6.02752
23.5094 0.2051 4.82178
28.0546 0.132114 3.7064
33.4785 0.0812957 2.72165
39.951 0.0474794 1.89685
47.6748 0.0261306 1.24577
56.892 0.0134453 0.764933
67.8912 0.00641176 0.435302
81.0168 0.00280626 0.227355
96.6801 0.00111487 0.107786
115.372 0.00039691 0.0457922
137.677 0.000124716 0.0171705
164.294 3.39604e-05 0.00557951
196.058 7.83936e-06 0.00153697
233.963 1.49412e-06 0.000349569
279.196 2.27868e-07 6.36198e-05
333.174 2.67981e-08 8.92842e-06
397.587 2.32537e-09 9.24536e-07
474.455 1.4088e-10 6.68411e-08
