1.19333e-05 1.50912e+06 18.0089
1.42405e-05 1.26475e+06 18.0107
1.69936e-05 1.05992e+06 18.0119
2.02791e-05 888259 18.0131
2.41997e-05 744407 18.0144
2.88783e-05 623855 18.0159
3.44615e-05 522815 18.017
4.1124e-05 438150 18.0185
4.90747e-05 367188 18.0196
5.85625e-05 307723 18.021
6.98846e-05 257889 18.0225
8.33956e-05 216122 18.0236
9.95188e-05 181122 18.025
0.000118759 151790 18.0264
0.000141719 127208 18.0278
0.000169119 106605 18.0289
0.000201815 89340.6 18.0302
0.000240832 74871.9 18.0316
0.000287394 62746.3 18.0329
0.000342956 52584.6 18.0342
0.000409261 44068.5 18.0355
0.000488386 36931.9 18.037
0.000582807 30950.8 18.0383
0.000695483 25938.2 18.0396
0.000829944 21737.5 18.0409
0.0009904 18217.1 18.0422
0.00118188 15266.7 18.0434
0.00141037 12794.4 18.0449
0.00168305 10722.4 18.0463
0.00200844 8985.84 18.0475
0.00239674 7530.6 18.0489
0.00286011 6311.03 18.0502
0.00341306 5288.95 18.0515
0.00407292 4432.41 18.0529
0.00486036 3714.57 18.0541
0.00580003 3112.98 18.0554
0.00692137 2608.85 18.0568
0.0082595 2186.33 18.058
0.00985634 1832.26 18.0594
0.0117619 1535.51 18.0605
0.0140359 1286.83 18.0617
0.0167495 1078.42 18.063
0.0199877 903.758 18.0641
0.023852 757.388 18.0653
0.0284635 634.716 18.0662
0.0339664 531.912 18.0671
0.0405333 445.754 18.0678
0.0483697 373.547 18.0683
0.0577212 313.032 18.0686
0.0688807 262.314 18.0684
0.0821976 219.813 18.0681
0.0980892 184.185 18.0665
0.117053 154.325 18.0642
0.139683 129.299 18.0609
0.166689 108.32 18.0558
0.198916 90.7359 18.0488
0.237373 75.9948 18.0391
0.283265 63.636 18.0258
0.33803 53.2731 18.0079
0.403382 44.5831 17.984
0.48137 37.2943 17.9523
0.574435 31.1796 17.9106
0.685492 26.0489 17.8563
0.818021 21.7423 17.7856
0.976172 18.1265 17.6946
1.1649 15.0897 17.578
1.39011 12.5382 17.4295
1.65887 10.3938 17.2419
1.97959 8.59106 17.0067
2.36231 7.07546 16.7144
2.81902 5.80141 16.3543
3.36403 4.73101 15.9153
4.01441 3.83272 15.3861
4.79053 3.08028 14.7562
5.71671 2.45196 14.0171
6.82194 1.92954 13.1632
8.14085 1.4979 12.1942
9.71475 1.14425 11.1161
11.5929 0.8577 9.94327
13.8343 0.628826 8.69934
16.5089 0.449283 7.41715
19.7006 0.311538 6.13748
23.5094 0.208683 4.90602
28.0546 0.13434 3.76886
33.4785 0.082635 2.76649
39.951 0.0482604 1.92805
47.6748 0.0265728 1.26685
56.892 0.013688 0.778737
67.8912 0.00654016 0.444019
81.0168 0.00287107 0.232605
96.6801 0.00114555 0.110752
115.372 0.000410252 0.0473314
137.677 0.000129926 0.0178878
164.294 3.57419e-05 0.0058722
196.058 8.35859e-06 0.00163877
233.963 1.61936e-06 0.00037887
279.196 2.52056e-07 7.03729e-05
333.174 3.0402e-08 1.01291e-05
397.587 2.7225e-09 1.08243e-06
474.455 1.71731e-10 8.14787e-08
