1.19339e-05 3.57258e+07 426.347
1.42417e-05 2.95536e+07 420.894
1.69959e-05 2.44435e+07 415.44
2.02827e-05 2.02136e+07 409.987
2.42051e-05 1.67126e+07 404.531
2.88861e-05 1.38155e+07 399.076
3.44723e-05 1.14184e+07 393.618
4.11389e-05 9.4354e+06 388.162
4.90946e-05 7.7952e+06 382.702
5.85889e-05 6.43883e+06 377.244
6.99192e-05 5.31734e+06 371.785
8.34408e-05 4.39021e+06 366.323
9.95772e-05 3.62394e+06 360.862
0.000118834 2.99072e+06 355.4
0.000141815 2.46755e+06 349.937
0.000169241 2.0354e+06 344.471
0.00020197 1.6785e+06 339.007
0.000241028 1.38383e+06 333.541
0.00028764 1.14058e+06 328.075
0.000343266 939819 322.608
0.000409649 774174 317.14
0.00048887 637536 311.672
0.000583412 524848 306.202
0.000696236 431939 300.731
0.00083088 355358 295.26
0.000991561 292255 289.789
0.00118332 240270 284.315
0.00141216 197459 278.842
0.00168525 162212 273.368
0.00201116 133203 267.892
0.00240009 109336 262.416
0.00286424 89706.2 256.94
0.00341814 73566.9 251.462
0.00407917 60302.4 245.984
0.00486803 49404.8 240.504
0.00580945 40455.5 235.024
0.00693292 33109.3 229.544
0.00827366 27081.3 224.062
0.00987369 22137.6 218.58
0.0117831 18084.8 213.096
0.0140618 14764.2 207.612
0.0167812 12044.8 202.127
0.0200265 9819.06 196.642
0.0238994 7998.36 191.156
0.0285212 6509.84 185.669
0.0340369 5293.71 180.181
0.0406192 4300.76 174.693
0.0484745 3490.59 169.205
0.0578488 2830.05 163.715
0.0690361 2291.92 158.225
0.0823868 1853.88 152.735
0.0983194 1497.63 147.246
0.117333 1208.15 141.756
0.140024 973.165 136.266
0.167103 782.624 130.779
0.199418 628.289 125.292
0.237983 503.435 119.809
0.284007 402.558 114.329
0.33893 321.169 108.854
0.404475 255.605 103.386
0.482695 202.874 97.9263
0.576042 160.541 92.4786
0.687442 126.626 87.0478
0.820385 99.5103 81.6367
0.979037 77.8862 76.2534
1.16837 60.6864 70.9042
1.39432 47.0474 65.5991
1.66396 36.2688 60.3499
1.98575 27.7833 55.1707
2.36977 21.1322 50.0784
2.82806 15.945 45.0934
3.37497 11.9228 40.239
4.02765 8.82464 35.5425
4.80654 6.4565 31.0334
5.73607 4.66261 26.745
6.84535 3.31764 22.7104
8.16916 2.32141 18.964
9.74897 1.59387 15.5386
11.6343 1.0711 12.4615
13.8842 0.702518 9.75392
16.5693 0.4483 7.42801
19.7736 0.277326 5.48372
23.5975 0.165642 3.90873
28.161 0.0950989 2.67808
33.607 0.0522214 1.755
40.1062 0.0272787 1.09405
47.8622 0.0134741 0.644901
57.1181 0.00625157 0.357078
68.1641 0.00270418 0.184328
81.3462 0.00108127 0.0879569
97.0775 0.000395668 0.0384105
115.851 0.000130929 0.0151683
138.255 3.86127e-05 0.00533841
164.992 9.9695e-06 0.00164489
196.9 2.2051e-06 0.000434182
234.977 4.07016e-07 9.56397e-05
280.419 6.07684e-08 1.70406e-05
334.649 7.07325e-09 2.36705e-06
399.366 6.14376e-10 2.45361e-07
476.598 3.77386e-11 1.79861e-08
