1.19448e-05 3.59162e+07 429.012
1.42678e-05 2.96844e+07 423.531
1.70426e-05 2.45297e+07 418.051
2.03571e-05 2.02666e+07 412.568
2.43161e-05 1.67414e+07 407.084
2.90451e-05 1.38268e+07 401.601
3.46937e-05 1.14175e+07 396.116
4.1441e-05 9.42622e+06 390.632
4.95004e-05 7.78067e+06 385.146
5.91272e-05 6.42104e+06 379.658
7.06263e-05 5.2979e+06 374.171
8.43616e-05 4.37025e+06 368.681
0.000100768 3.60423e+06 363.192
0.000120366 2.9718e+06 357.702
0.000143774 2.44975e+06 352.212
0.000171735 2.01892e+06 346.72
0.000205134 1.66343e+06 341.226
0.000245029 1.37017e+06 335.732
0.000292682 1.12832e+06 330.238
0.000349603 928892 324.743
0.000417593 764496 319.249
0.000498807 629004 313.752
0.000595814 517365 308.254
0.000711688 425404 302.755
0.000850097 349674 297.257
0.00101542 287325 291.756
0.0012129 236008 286.255
0.00144879 193785 280.754
0.00173055 159055 275.252
0.0020671 130495 269.748
0.00246911 107020 264.244
0.00294931 87728.9 258.739
0.00352289 71882.4 253.234
0.00420801 58870.3 247.727
0.00502639 48189.6 242.22
0.00600392 39426.1 236.711
0.00717156 32238.9 231.203
0.00856628 26346.6 225.693
0.0102322 21518.5 220.183
0.0122222 17564 214.671
0.0145992 14326.7 209.159
0.0174384 11678 203.646
0.0208298 9511.93 198.132
0.0248808 7741.6 192.617
0.0297196 6295.59 187.103
0.0354995 5115.18 181.586
0.0424034 4152.26 176.07
0.05065 3367.28 170.553
0.0605004 2727.84 165.035
0.0722665 2207.36 159.518
0.0863209 1784.03 153.999
0.103109 1440.04 148.481
0.123161 1160.78 142.963
0.147113 934.283 137.446
0.175724 750.775 131.929
0.209899 602.263 126.414
0.25072 482.216 120.901
0.299479 385.309 115.392
0.357722 307.186 109.887
0.427292 244.305 104.389
0.510391 193.773 98.9
0.609652 153.238 93.4217
0.728217 120.788 87.9598
0.86984 94.8644 82.5169
1.03901 74.2063 77.1008
1.24107 57.787 71.7179
1.48244 44.7763 66.378
1.77074 34.5011 61.0925
2.11511 26.417 55.8749
2.52646 20.0848 50.7433
3.0178 15.1491 45.717
3.6047 11.3239 40.8194
4.30574 8.37902 36.0779
5.14312 6.12896 31.522
6.14336 4.42507 27.1848
7.33811 3.14811 23.1012
8.76523 2.20244 19.3048
10.4699 1.51192 15.8296
12.5061 1.01586 12.7044
14.9382 0.666149 9.95109
17.8434 0.424976 7.58302
21.3136 0.26279 5.601
25.4587 0.156875 3.99382
30.4099 0.0899926 2.73666
36.3239 0.0493599 1.79295
43.3882 0.025742 1.1169
51.8263 0.0126864 0.657491
61.9055 0.00586816 0.363271
73.9449 0.00252803 0.186935
88.3256 0.00100546 0.0888077
105.503 0.000365402 0.0385511
126.021 0.000119855 0.0151044
150.53 3.49561e-05 0.00526195
179.805 8.90026e-06 0.00160031
214.773 1.93452e-06 0.000415484
256.542 3.49379e-07 8.96305e-05
306.435 5.07654e-08 1.55563e-05
366.03 5.71197e-09 2.09075e-06
437.215 4.75444e-10 2.07871e-07
522.245 2.76473e-11 1.44387e-08
