1.19333e-05 3.57895e+07 427.088
1.42405e-05 2.96083e+07 421.636
1.69936e-05 2.44906e+07 416.183
2.02791e-05 2.0254e+07 410.731
2.41997e-05 1.67472e+07 405.277
2.88783e-05 1.38451e+07 399.823
3.44615e-05 1.14437e+07 394.367
4.1124e-05 9.45705e+06 388.912
4.90747e-05 7.81368e+06 383.454
5.85625e-05 6.4546e+06 377.997
6.98846e-05 5.33078e+06 372.539
8.33956e-05 4.40165e+06 367.079
9.95188e-05 3.63368e+06 361.619
0.000118759 2.999e+06 356.159
0.000141719 2.47459e+06 350.697
0.000169119 2.04137e+06 345.233
0.000201815 1.68357e+06 339.77
0.000240832 1.38813e+06 334.306
0.000287394 1.14422e+06 328.841
0.000342956 942906 323.376
0.000409261 776787 317.909
0.000488386 639746 312.443
0.000582807 526717 306.974
0.000695483 433519 301.505
0.000829944 356693 296.035
0.0009904 293382 290.565
0.00118188 241220 285.093
0.00141037 198260 279.621
0.00168305 162888 274.149
0.00200844 133773 268.674
0.00239674 109816 263.2
0.00286011 90110.2 257.725
0.00341306 73906.9 252.249
0.00407292 60588.3 246.772
0.00486036 49645.3 241.294
0.00580003 40657.5 235.815
0.00692137 33279 230.336
0.0082595 27223.8 224.855
0.00985634 22257.2 219.375
0.0117619 18185.2 213.892
0.0140359 14848.4 208.41
0.0167495 12115.4 202.927
0.0199877 9878.18 197.442
0.023852 8047.88 191.958
0.0284635 6551.29 186.472
0.0339664 5328.4 180.987
0.0405333 4329.78 175.5
0.0483697 3514.86 170.013
0.0577212 2850.33 164.525
0.0688807 2308.86 159.036
0.0821976 1868.03 153.548
0.0980892 1509.43 148.059
0.117053 1218 142.571
0.139683 981.384 137.083
0.166689 789.468 131.596
0.198916 633.989 126.11
0.237373 508.179 120.628
0.283265 406.505 115.149
0.33803 324.45 109.674
0.403382 258.329 104.206
0.48137 205.135 98.7457
0.574435 162.415 93.297
0.685492 128.177 87.8646
0.818021 100.793 82.4509
0.976172 78.9449 77.0639
1.1649 61.5585 71.7094
1.39011 47.7641 66.3975
1.65887 36.8559 61.1392
1.97959 28.2626 55.9483
2.36231 21.5219 50.8413
2.81902 16.2602 45.8379
3.36403 12.1762 40.961
4.01441 9.02679 36.2373
4.79053 6.61633 31.6958
5.71671 4.78763 27.3695
6.82194 3.41419 23.2914
8.14085 2.39489 19.4964
9.71475 1.64873 16.017
11.5929 1.11121 12.8822
13.8343 0.731134 10.1147
16.5089 0.468126 7.72824
19.7006 0.290603 5.72505
23.5094 0.17419 4.0951
28.0546 0.100354 2.81538
33.4785 0.0552842 1.85083
39.951 0.0289569 1.15686
47.6748 0.0143299 0.683178
56.892 0.00665295 0.3785
67.8912 0.00287471 0.195168
81.0168 0.00114559 0.0928122
96.6801 0.000416579 0.0402749
115.372 0.000136491 0.0157472
137.677 3.96838e-05 0.00546354
164.294 1.00495e-05 0.00165108
196.058 2.16719e-06 0.000424896
233.963 3.87335e-07 9.06221e-05
279.196 5.55519e-08 1.55099e-05
333.174 6.1535e-09 2.05018e-06
397.587 5.02777e-10 1.99898e-07
474.455 2.85707e-11 1.35555e-08
