1.19342e-05 1.51992e+06 18.139
1.42424e-05 1.27371e+06 18.1408
1.69971e-05 1.06735e+06 18.142
2.02847e-05 894425 18.1431
2.42081e-05 749526 18.1446
2.88903e-05 628099 18.146
3.44782e-05 526336 18.1471
4.11468e-05 441070 18.1486
4.91053e-05 369610 18.1498
5.8603e-05 309731 18.1512
6.99378e-05 259554 18.1526
8.34649e-05 217502 18.1538
9.96084e-05 182266 18.1552
0.000118874 152738 18.1566
0.000141867 127994 18.158
0.000169306 107256 18.1591
0.000202052 89880 18.1605
0.000241133 75318.8 18.1618
0.000287772 63116.5 18.1631
0.000343431 52891.2 18.1645
0.000409857 44322.3 18.1658
0.00048913 37142.1 18.1673
0.000583735 31124.7 18.1686
0.000696639 26082.2 18.1699
0.000831381 21856.6 18.1712
0.000992184 18315.7 18.1725
0.00118409 15348.3 18.1737
0.00141311 12861.9 18.1753
0.00168643 10778.1 18.1765
0.00201261 9031.97 18.1779
0.00240188 7568.73 18.1792
0.00286645 6342.55 18.1806
0.00342087 5315 18.1819
0.00408252 4453.93 18.1833
0.00487214 3732.35 18.1846
0.0058145 3127.67 18.1858
0.00693911 2620.97 18.1872
0.00828125 2196.34 18.1884
0.00988298 1840.52 18.1898
0.0117945 1542.32 18.1909
0.0140758 1292.45 18.1922
0.0167982 1083.06 18.1934
0.0200473 907.581 18.1946
0.0239248 760.54 18.1958
0.0285522 637.313 18.1967
0.0340747 534.051 18.1976
0.0406653 447.515 18.1984
0.0485306 374.998 18.1989
0.0579173 314.226 18.1991
0.0691194 263.297 18.1989
0.0824882 220.621 18.1986
0.0984428 184.849 18.1971
0.117483 154.871 18.1947
0.140206 129.746 18.1912
0.167325 108.688 18.1863
0.199688 91.0379 18.1792
0.238311 76.2425 18.1694
0.284404 63.8389 18.156
0.339413 53.4393 18.138
0.405061 44.7187 18.1138
0.483406 37.4053 18.082
0.576905 31.2702 18.0399
0.688487 26.1227 17.9852
0.821652 21.8024 17.914
0.980573 18.1753 17.8222
1.17023 15.1292 17.7046
1.39657 12.57 17.555
1.66669 10.4193 17.3659
1.98906 8.61151 17.1288
2.37378 7.0917 16.8341
2.83291 5.81422 16.4711
3.38084 4.74103 16.0286
4.03474 3.84047 15.4953
4.81513 3.0862 14.8604
5.74646 2.45641 14.1156
6.85791 1.93284 13.2553
8.18435 1.50029 12.2789
9.76733 1.14596 11.1929
11.6565 0.858894 10.0117
13.9111 0.629643 8.759
16.6017 0.449832 7.46797
19.8127 0.311902 6.17964
23.6448 0.208926 4.94001
28.2181 0.134502 3.7954
33.676 0.082744 2.78648
40.1895 0.0483339 1.94251
47.9628 0.0266215 1.27684
57.2395 0.0137191 0.785277
68.3106 0.00655887 0.44804
81.523 0.00288141 0.234901
97.2909 0.00115069 0.111951
116.109 0.000412509 0.0478958
138.566 0.000130781 0.0181218
165.367 3.60152e-05 0.00595571
197.351 8.42991e-06 0.00166365
235.522 1.63397e-06 0.000384836
281.076 2.54272e-07 7.14698e-05
335.441 3.06272e-08 1.02736e-05
400.321 2.73417e-09 1.09454e-06
477.749 1.71493e-10 8.19307e-08
