1.19333e-05 1.52634e+06 18.2143
1.42405e-05 1.27918e+06 18.2161
1.69936e-05 1.07201e+06 18.2173
2.02791e-05 898390 18.2185
2.41997e-05 752892 18.2198
2.88783e-05 630971 18.2214
3.44615e-05 528776 18.2224
4.1124e-05 443146 18.224
4.90747e-05 371375 18.2251
5.85625e-05 311233 18.2266
6.98846e-05 260830 18.228
8.33956e-05 218587 18.2292
9.95188e-05 183187 18.2306
0.000118759 153521 18.232
0.000141719 128658 18.2334
0.000169119 107821 18.2345
0.000201815 90359.3 18.2359
0.000240832 75725.7 18.2372
0.000287394 63461.8 18.2385
0.000342956 53184.2 18.2399
0.000409261 44571 18.2412
0.000488386 37353.1 18.2427
0.000582807 31303.7 18.244
0.000695483 26234 18.2453
0.000829944 21985.4 18.2466
0.0009904 18424.8 18.2479
0.00118188 15440.8 18.2492
0.00141037 12940.3 18.2507
0.00168305 10844.7 18.2521
0.00200844 9088.31 18.2533
0.00239674 7616.47 18.2547
0.00286011 6382.99 18.256
0.00341306 5349.27 18.2574
0.00407292 4482.95 18.2587
0.00486036 3756.93 18.26
0.00580003 3148.48 18.2613
0.00692137 2638.6 18.2627
0.0082595 2211.26 18.2639
0.00985634 1853.15 18.2653
0.0117619 1553.02 18.2664
0.0140359 1301.5 18.2677
0.0167495 1090.71 18.2689
0.0199877 914.062 18.27
0.023852 766.024 18.2712
0.0284635 641.952 18.2722
0.0339664 537.975 18.2731
0.0405333 450.835 18.2738
0.0483697 377.806 18.2743
0.0577212 316.6 18.2745
0.0688807 265.303 18.2742
0.0821976 222.316 18.2738
0.0980892 186.281 18.2722
0.117053 156.081 18.2697
0.139683 130.769 18.2662
0.166689 109.551 18.2609
0.198916 91.7649 18.2535
0.237373 76.8552 18.2433
0.283265 64.3548 18.2294
0.33803 53.873 18.2107
0.403382 45.0832 18.1857
0.48137 37.7105 18.1527
0.574435 31.5253 18.1092
0.685492 26.3352 18.0526
0.818021 21.9787 17.979
0.976172 18.3209 17.8844
1.1649 15.2486 17.7631
1.39011 12.6673 17.609
1.65887 10.4977 17.4144
1.97959 8.67387 17.1707
2.36231 7.14049 16.868
2.81902 5.85156 16.4957
3.36403 4.76877 16.0423
4.01441 3.86026 15.4967
4.79053 3.09948 14.8482
5.71671 2.46446 14.0886
6.82194 1.9368 13.2127
8.14085 1.50118 12.2209
9.71475 1.14466 11.1201
11.5929 0.856197 9.92584
13.8343 0.626189 8.66286
16.5089 0.446141 7.36529
19.7006 0.308365 6.07497
23.5094 0.2058 4.83823
28.0546 0.131931 3.70126
33.4785 0.0807682 2.70399
39.951 0.0469167 1.87437
47.6748 0.0256754 1.22407
56.892 0.0131343 0.747236
67.8912 0.00622626 0.422708
81.0168 0.00270876 0.219455
96.6801 0.00106969 0.103418
115.372 0.000378567 0.0436758
137.677 0.000118256 0.0162811
164.294 3.20164e-05 0.00526011
196.058 7.34884e-06 0.0014408
233.963 1.39283e-06 0.000325869
279.196 2.11243e-07 5.89781e-05
333.174 2.47041e-08 8.23076e-06
397.587 2.13127e-09 8.47367e-07
474.455 1.28307e-10 6.08759e-08
