1.19443e-05 471633 5.6333
1.42665e-05 394896 5.6338
1.70403e-05 330632 5.63407
2.03534e-05 276818 5.63419
2.43106e-05 231803 5.63526
2.90372e-05 194061 5.635
3.46828e-05 162498 5.63589
4.1426e-05 136052 5.63608
4.94803e-05 113916 5.63661
5.91006e-05 95379.7 5.63699
7.05912e-05 79859.6 5.63739
8.4316e-05 66865.6 5.63784
0.000100709 55985.3 5.63824
0.00012029 46875.6 5.63865
0.000143677 39248.4 5.63909
0.000171612 32861.9 5.63948
0.000204977 27514.7 5.63989
0.00024483 23037.9 5.64037
0.000292431 19289 5.64071
0.000349288 16150.4 5.64113
0.000417198 13522.6 5.64159
0.000498312 11322.2 5.64197
0.000595197 9479.91 5.64242
0.000710919 7937.35 5.64281
0.00084914 6645.8 5.64321
0.00101423 5564.56 5.64377
0.00121143 4659.06 5.64411
0.00144696 3900.9 5.64444
0.00172829 3266.18 5.6449
0.00206431 2734.73 5.64534
0.00246567 2289.74 5.64574
0.00294505 1917.17 5.64615
0.00351765 1605.21 5.64658
0.00420157 1344.02 5.64699
0.00501846 1125.32 5.64739
0.00599418 942.218 5.64783
0.00715961 788.905 5.64825
0.00855162 660.535 5.64864
0.0102143 553.056 5.64907
0.0122002 463.065 5.64949
0.0145722 387.718 5.64991
0.0174054 324.629 5.65031
0.0207895 271.807 5.65072
0.0248315 227.579 5.65113
0.0296594 190.548 5.65153
0.035426 159.542 5.65192
0.0423137 133.582 5.65233
0.0505405 111.848 5.65286
0.0603669 93.6514 5.65345
0.0721038 78.4059 5.65336
0.0861226 65.6461 5.65362
0.102867 54.9651 5.6541
0.122867 46.0187 5.65419
0.146756 38.5284 5.65426
0.175289 32.2569 5.65427
0.209369 27.0054 5.6541
0.250076 22.6081 5.65374
0.298697 18.9258 5.65308
0.356772 15.8421 5.65203
0.426138 13.2596 5.65043
0.50899 11.0967 5.64811
0.60795 9.28495 5.64479
0.726152 7.76717 5.64014
0.867334 6.49542 5.6337
1.03597 5.42958 5.62486
1.23738 4.53604 5.61283
1.47796 3.78667 5.59656
1.76532 3.15792 5.57474
2.10854 2.63006 5.5456
2.5185 2.18662 5.50701
3.00816 1.81382 5.45626
3.59302 1.50014 5.39005
4.2916 1.23601 5.30444
5.12599 1.01345 5.19493
6.12262 0.825824 5.05621
7.31302 0.667723 4.88307
8.73485 0.534653 4.67012
10.4331 0.422959 4.41279
12.4616 0.329657 4.10806
14.8845 0.252314 3.75555
17.7784 0.188918 3.35865
21.235 0.137767 2.92547
25.3636 0.0973569 2.46932
30.2949 0.0662927 2.00833
36.185 0.0432183 1.56385
43.2203 0.0267849 1.15765
51.6235 0.0156581 0.808324
61.6604 0.00856035 0.527835
73.6488 0.00433587 0.319331
87.968 0.00201375 0.177146
105.071 0.00084774 0.0890731
125.5 0.000319235 0.0400639
149.9 0.000105884 0.015872
179.045 3.03684e-05 0.0054373
213.856 7.36706e-06 0.00157549
255.435 1.47231e-06 0.000376079
305.098 2.34948e-07 7.16822e-05
364.417 2.88567e-08 1.05159e-05
435.269 2.61193e-09 1.13689e-06
519.896 1.65191e-10 8.58821e-08
