1.1863e-05 3.4457e+07 408.764
1.40731e-05 2.86712e+07 403.493
1.6695e-05 2.38527e+07 398.22
1.98053e-05 1.98405e+07 392.948
2.34951e-05 1.65002e+07 387.673
2.78723e-05 1.37197e+07 382.4
3.30649e-05 1.14055e+07 377.123
3.9225e-05 9.47987e+06 371.848
4.65327e-05 7.87769e+06 366.57
5.52018e-05 6.54495e+06 361.293
6.54861e-05 5.4365e+06 356.015
7.76863e-05 4.51476e+06 350.735
9.21594e-05 3.74846e+06 345.455
0.000109329 3.11148e+06 340.175
0.000129697 2.58212e+06 334.894
0.00015386 2.14229e+06 329.612
0.000182524 1.77691e+06 324.329
0.000216529 1.47345e+06 319.046
0.000256869 1.22148e+06 313.761
0.000304724 1.01231e+06 308.476
0.000361495 838711 303.19
0.000428842 694671 297.904
0.000508737 575183 292.617
0.000603515 476091 287.328
0.000715952 393937 282.04
0.000849335 325843 276.75
0.00100757 269421 271.46
0.00119528 222682 266.168
0.00141796 183980 260.876
0.00168213 151940 255.584
0.00199552 125426 250.291
0.00236729 103493 244.997
0.00280832 85354.2 239.702
0.00333152 70360.2 234.406
0.00395218 57970.3 229.109
0.00468848 47736.8 223.813
0.00556196 39287.3 218.515
0.00659817 32314.5 213.217
0.00782742 26562.6 207.916
0.00928568 21820.3 202.617
0.0110156 17912.4 197.316
0.0130679 14693.6 192.014
0.0155024 12044.1 186.713
0.0183906 9864.29 181.41
0.0218168 8072.09 176.107
0.0258813 6599.49 170.803
0.030703 5390.32 165.499
0.0364231 4398.15 160.194
0.0432088 3584.66 154.889
0.0512587 2918.22 149.584
0.0608083 2372.69 144.279
0.072137 1926.54 138.975
0.0855763 1562 133.671
0.101519 1264.47 128.368
0.120433 1021.88 123.068
0.142869 824.322 117.77
0.169486 663.627 112.476
0.201062 533.103 107.187
0.23852 427.239 101.905
0.282957 341.509 96.6324
0.335673 272.204 91.3713
0.398209 216.286 86.1269
0.472397 171.258 80.9017
0.560405 135.086 75.7027
0.66481 106.101 70.537
0.788666 82.9417 65.4133
0.935596 64.4959 60.3421
1.1099 49.8565 55.3356
1.31668 38.2858 50.4099
1.56198 29.1832 45.5835
1.85298 22.06 40.8767
2.19819 16.5197 36.3134
2.60772 12.2406 31.9201
3.09354 8.9628 27.7268
3.66987 6.4751 23.7628
4.35358 4.6076 20.0595
5.16466 3.22326 16.647
6.12685 2.21183 13.5516
7.26829 1.4852 10.7949
8.62239 0.973203 8.39133
10.2288 0.620371 6.34563
12.1344 0.383367 4.65193
14.3951 0.22878 3.29331
17.0769 0.131277 2.24181
20.2584 0.0720922 1.46047
24.0325 0.0376931 0.90586
28.5099 0.0186565 0.531896
33.8213 0.00868633 0.293783
40.1223 0.00377718 0.151549
47.5972 0.00152144 0.0724163
56.4646 0.000562239 0.0317466
66.9841 0.000188441 0.0126225
79.4634 5.64914e-05 0.004489
94.2676 1.4894e-05 0.00140402
111.83 3.38385e-06 0.000378415
132.664 6.46564e-07 8.57758e-05
157.38 1.00957e-07 1.58886e-05
186.7 1.24552e-08 2.32538e-06
221.482 1.16677e-09 2.58419e-07
262.745 7.90668e-11 2.07744e-08
