1.19339e-05 1.48534e+06 17.7258
1.42417e-05 1.24476e+06 17.7275
1.69959e-05 1.04312e+06 17.7287
2.02827e-05 874138 17.7299
2.42051e-05 732529 17.731
2.88861e-05 613884 17.7327
3.44723e-05 514432 17.7337
4.11389e-05 431105 17.7352
4.90946e-05 361268 17.7363
5.85889e-05 302749 17.7377
6.99192e-05 253708 17.7391
8.34408e-05 212609 17.7402
9.95772e-05 178169 17.7416
0.000118834 149309 17.743
0.000141815 125123 17.7443
0.000169241 104853 17.7454
0.00020197 87868.5 17.7468
0.000241028 73634.8 17.748
0.00028764 61706.9 17.7494
0.000343266 51711.2 17.7507
0.000409649 43334.5 17.752
0.00048887 36315.3 17.7534
0.000583412 30432.5 17.7547
0.000696236 25502.8 17.7559
0.00083088 21371.6 17.7572
0.000991561 17909.7 17.7585
0.00118332 15008.4 17.7598
0.00141216 12577.4 17.7612
0.00168525 10540 17.7626
0.00201116 8832.61 17.7637
0.00240009 7401.85 17.7651
0.00286424 6202.85 17.7664
0.00341814 5198.06 17.7677
0.00407917 4356.04 17.769
0.00486803 3650.4 17.7703
0.00580945 3059.07 17.7715
0.00693292 2563.55 17.7729
0.00827366 2148.27 17.7741
0.00987369 1800.28 17.7754
0.0117831 1508.64 17.7765
0.0140618 1264.26 17.7778
0.0167812 1059.45 17.779
0.0200265 887.825 17.7801
0.0238994 744.003 17.7812
0.0285212 623.47 17.7821
0.0340369 522.464 17.783
0.0406192 437.817 17.7838
0.0484745 366.881 17.7844
0.0578488 307.432 17.7846
0.0690361 257.608 17.7842
0.0823868 215.858 17.7839
0.0983194 180.862 17.7822
0.117333 151.534 17.78
0.140024 126.953 17.7765
0.167103 106.351 17.7715
0.199418 89.0811 17.7644
0.237983 74.6047 17.7547
0.284007 62.4682 17.7414
0.33893 52.2921 17.7234
0.404475 43.759 17.6994
0.482695 36.602 17.6676
0.576042 30.5981 17.6258
0.687442 25.5605 17.5713
0.820385 21.3321 17.5005
0.979037 17.7821 17.4093
1.16837 14.8005 17.2925
1.39432 12.2955 17.1438
1.66396 10.1901 16.956
1.98575 8.4203 16.7206
2.36977 6.93238 16.4282
2.82806 5.68166 16.0681
3.37497 4.63094 15.6293
4.02765 3.74927 15.1007
4.80654 3.01089 14.472
5.73607 2.39446 13.7348
6.84535 1.88215 12.884
8.16916 1.45908 11.9194
9.74897 1.11272 10.8479
11.6343 0.832374 9.68409
13.8842 0.608755 8.4521
16.5693 0.433646 7.1852
19.7736 0.29961 5.92436
23.5975 0.199816 4.71517
28.161 0.127951 3.60324
33.607 0.0782005 2.62808
40.1062 0.0453162 1.81746
47.8622 0.0247174 1.18303
57.1181 0.0125878 0.718993
68.1641 0.00593218 0.404361
81.3462 0.00256129 0.208351
97.0775 0.00100175 0.0972475
115.851 0.000350274 0.0405796
138.255 0.000107803 0.0149044
164.992 2.86622e-05 0.00472904
196.9 6.43673e-06 0.00126739
234.977 1.18849e-06 0.000279269
280.419 1.74747e-07 4.90025e-05
334.649 1.96995e-08 6.5924e-06
399.366 1.62666e-09 6.49631e-07
476.598 9.27278e-11 4.41939e-08
