1.19328e-05 481229 5.74241
1.42392e-05 403348 5.74334
1.69913e-05 338042 5.74379
2.02754e-05 283295 5.74392
2.41943e-05 237431 5.74447
2.88705e-05 198994 5.74506
3.44506e-05 166767 5.74523
4.11093e-05 139769 5.7458
4.90549e-05 117137 5.74616
5.85362e-05 98171.7 5.7466
6.98501e-05 82276.6 5.74703
8.33507e-05 68955 5.74745
9.94608e-05 57790.3 5.74787
0.000118685 48433.4 5.7483
0.000141624 40591.6 5.74875
0.000168997 34019 5.74912
0.000201661 28511.1 5.74957
0.000240638 23894.9 5.75002
0.000287149 20025.8 5.75037
0.000342649 16783.4 5.75082
0.000408876 14066 5.75127
0.000487904 11788.6 5.75169
0.000582206 9879.84 5.7521
0.000694735 8280.17 5.75252
0.000829013 6939.58 5.753
0.000989245 5815.85 5.7533
0.00118045 4874.18 5.75371
0.0014086 4085.06 5.75423
0.00168086 3423.63 5.75463
0.00200574 2869.3 5.75505
0.0023934 2404.72 5.75548
0.002856 2015.37 5.7559
0.00340801 1689.06 5.75632
0.00406671 1415.58 5.75675
0.00485273 1186.38 5.75717
0.00579066 994.288 5.75759
0.00690989 833.301 5.75801
0.00824543 698.381 5.75845
0.00983911 585.303 5.75886
0.0117408 490.534 5.75927
0.0140101 411.11 5.75969
0.016718 344.546 5.76011
0.0199492 288.76 5.76052
0.023805 242.005 5.76093
0.028406 202.821 5.76133
0.0338964 169.981 5.76173
0.0404478 142.457 5.7621
0.0482656 119.391 5.76249
0.0575944 100.058 5.76276
0.0687263 83.857 5.76318
0.0820097 70.2828 5.76388
0.0978606 58.8975 5.76375
0.116775 49.3589 5.76388
0.139345 41.3647 5.76399
0.166278 34.6644 5.76394
0.198416 29.0486 5.76372
0.236766 24.3416 5.76327
0.282529 20.3962 5.7625
0.337136 17.0889 5.76127
0.402298 14.3164 5.75946
0.480054 11.9921 5.75684
0.572839 10.0432 5.75313
0.683557 8.40887 5.74794
0.815675 7.03811 5.74081
0.973329 5.88809 5.73105
1.16145 4.92298 5.71782
1.38594 4.11272 5.69999
1.65382 3.43215 5.67614
1.97347 2.86015 5.64442
2.3549 2.3791 5.60254
2.81005 1.97422 5.54765
3.35318 1.63316 5.47628
4.00128 1.34565 5.38434
4.77465 1.10312 5.26704
5.6975 0.898518 5.11931
6.79871 0.725956 4.93557
8.11277 0.580642 4.71062
9.68081 0.458649 4.4401
11.5519 0.356774 4.12143
13.7847 0.272395 3.75488
16.449 0.203336 3.34467
19.6282 0.147742 2.89992
23.422 0.103956 2.43486
27.949 0.0704309 1.96847
33.351 0.0456507 1.5225
39.7971 0.0281061 1.11854
47.4891 0.0163081 0.774457
56.6678 0.00884127 0.501015
67.6205 0.00443644 0.299994
80.6902 0.00203908 0.164534
96.2861 0.000848518 0.0817004
114.896 0.000315444 0.0362434
137.103 0.000103144 0.0141414
163.603 2.9118e-05 0.00476378
195.224 6.94117e-06 0.00135508
232.957 1.36072e-06 0.000316988
277.983 2.12606e-07 5.91009e-05
331.712 2.55192e-08 8.46501e-06
395.825 2.25249e-09 8.91591e-07
472.33 1.38422e-10 6.53808e-08
