1.19339e-05 1.51842e+06 18.1207
1.42417e-05 1.27249e+06 18.1225
1.69959e-05 1.06636e+06 18.1237
2.02827e-05 893611 18.1249
2.42051e-05 748860 18.1263
2.88861e-05 627557 18.1277
3.44723e-05 525895 18.1288
4.11389e-05 440711 18.1303
4.90946e-05 369317 18.1315
5.85889e-05 309495 18.1329
6.99192e-05 259361 18.1343
8.34408e-05 217346 18.1355
9.95772e-05 182139 18.1369
0.000118834 152636 18.1383
0.000141815 127911 18.1397
0.000169241 107190 18.1408
0.00020197 89826.3 18.1422
0.000241028 75275.6 18.1435
0.00028764 63081.8 18.1448
0.000343266 52863.4 18.1462
0.000409649 44300.1 18.1475
0.00048887 37124.4 18.149
0.000583412 31110.6 18.1503
0.000696236 26071 18.1516
0.00083088 21847.8 18.1529
0.000991561 18308.7 18.1542
0.00118332 15342.8 18.1554
0.00141216 12857.6 18.157
0.00168525 10774.9 18.1584
0.00201116 9029.41 18.1595
0.00240009 7566.77 18.1609
0.00286424 6341.05 18.1623
0.00341814 5313.88 18.1636
0.00407917 4453.1 18.1649
0.00486803 3731.74 18.1662
0.00580945 3127.23 18.1675
0.00693292 2620.67 18.1689
0.00827366 2196.14 18.1701
0.00987369 1840.39 18.1715
0.0117831 1542.26 18.1726
0.0140618 1292.42 18.1739
0.0167812 1083.06 18.1751
0.0200265 907.608 18.1762
0.0238994 760.581 18.1774
0.0285212 637.362 18.1784
0.0340369 534.105 18.1793
0.0406192 447.572 18.18
0.0484745 375.054 18.1805
0.0578488 314.281 18.1808
0.0690361 263.349 18.1806
0.0823868 220.67 18.1803
0.0983194 184.895 18.1787
0.117333 154.913 18.1764
0.140024 129.784 18.1729
0.167103 108.723 18.168
0.199418 91.0693 18.1609
0.237983 76.2707 18.1512
0.284007 63.8641 18.1378
0.33893 53.4618 18.1198
0.404475 44.739 18.0958
0.482695 37.4231 18.0639
0.576042 31.2859 18.022
0.687442 26.1366 17.9674
0.820385 21.8146 17.8964
0.979037 18.1861 17.8049
1.16837 15.1387 17.6876
1.39432 12.5784 17.5383
1.66396 10.4267 17.3496
1.98575 8.61798 17.1132
2.36977 7.09739 16.8192
2.82806 5.81922 16.4571
3.37497 4.74541 16.0156
4.02765 3.8443 15.4835
4.80654 3.08954 14.85
5.73607 2.45932 14.1068
6.84535 1.93535 13.2481
8.16916 1.50244 12.2736
9.74897 1.14777 11.1895
11.6343 0.860401 10.0102
13.8842 0.630875 8.75921
16.5693 0.450817 7.4697
19.7736 0.312669 6.18258
23.5975 0.209503 4.94375
28.161 0.134921 3.79951
33.607 0.0830349 2.79055
40.1062 0.0485262 1.9462
47.8622 0.0267415 1.27991
57.1181 0.0137893 0.787618
68.1641 0.00659696 0.449676
81.3462 0.00290044 0.23594
97.0775 0.00115935 0.112547
115.851 0.00041605 0.0481998
138.255 0.000132064 0.0182585
164.992 3.64193e-05 0.0060089
196.9 8.53836e-06 0.0016812
234.977 1.65811e-06 0.000389619
280.419 2.58597e-07 7.25154e-05
334.649 3.12283e-08 1.04505e-05
399.366 2.7963e-09 1.11675e-06
476.598 1.7604e-10 8.39001e-08
