1.19443e-05 3.7925e+07 452.986
1.42665e-05 3.13676e+07 447.507
1.70403e-05 2.59403e+07 442.03
2.03534e-05 2.14485e+07 436.55
2.43106e-05 1.77319e+07 431.073
2.90372e-05 1.46567e+07 425.59
3.46828e-05 1.21129e+07 420.108
4.1426e-05 1.00088e+07 414.627
4.94803e-05 8.26884e+06 409.145
5.91006e-05 6.83005e+06 403.66
7.05912e-05 5.64058e+06 398.176
8.4316e-05 4.65737e+06 392.691
0.000100709 3.84477e+06 387.203
0.00012029 3.17331e+06 381.717
0.000143677 2.61858e+06 376.229
0.000171612 2.16035e+06 370.741
0.000204977 1.78191e+06 365.251
0.00024483 1.46942e+06 359.759
0.000292431 1.21146e+06 354.268
0.000349288 998541 348.778
0.000417198 822835 343.285
0.000498312 677870 337.791
0.000595197 558297 332.296
0.000710919 459688 326.801
0.00084914 378390 321.306
0.00101423 311376 315.809
0.00121143 256152 310.31
0.00144696 210657 304.812
0.00172829 173185 299.314
0.00206431 142330 293.812
0.00246567 116931 288.312
0.00294505 96028.9 282.81
0.00351765 78833.3 277.308
0.00420157 64691.2 271.805
0.00501846 53064.1 266.3
0.00599418 43508 260.795
0.00715961 35657 255.29
0.00855162 29208.8 249.783
0.0102143 23915.2 244.276
0.0122002 19570.7 238.767
0.0145722 16007 233.258
0.0174054 13084.9 227.748
0.0207895 10689.9 222.237
0.0248315 8727.84 216.726
0.0296594 7121.32 211.214
0.035426 5806.52 205.701
0.0423137 4731.01 200.187
0.0505405 3851.8 194.672
0.0603669 3133.45 189.157
0.0721038 2546.89 183.641
0.0861226 2068.26 178.124
0.102867 1677.95 172.606
0.122867 1359.91 167.088
0.146756 1100.93 161.568
0.175289 890.236 156.048
0.209369 718.958 150.528
0.250076 579.85 145.007
0.298697 466.979 139.486
0.356772 375.489 133.964
0.426138 301.412 128.443
0.50899 241.502 122.922
0.60795 193.11 117.401
0.726152 154.077 111.883
0.867334 122.636 106.366
1.03597 97.3526 100.854
1.23738 77.0545 95.346
1.47796 60.7898 89.8452
1.76532 47.7842 84.3544
2.10854 37.408 78.8763
2.5185 29.1513 73.4175
3.00816 22.5997 67.9834
3.59302 17.4179 62.5828
4.2916 13.3347 57.2271
5.12599 10.1309 51.9308
6.12262 7.62922 46.7108
7.31302 5.68726 41.591
8.73485 4.19 36.5991
10.4331 3.04502 31.7691
12.4616 2.17795 27.1407
14.8845 1.52905 22.7591
17.7784 1.05035 18.6735
21.235 0.703342 14.9354
25.3636 0.457129 11.5944
30.2949 0.286923 8.6923
36.185 0.172921 6.25715
43.2203 0.0994162 4.2968
51.6235 0.0541258 2.79416
61.6604 0.0276773 1.70659
73.6488 0.0131712 0.970046
87.968 0.00577372 0.507903
105.071 0.00230436 0.242122
125.5 0.000826184 0.103686
149.9 0.000261924 0.0392625
179.045 7.20554e-05 0.0129011
213.856 1.68174e-05 0.00359649
255.435 3.24177e-06 0.00082806
305.098 4.99964e-07 0.000152538
364.417 5.94283e-08 2.16567e-05
435.269 5.20844e-09 2.26707e-06
519.896 3.18611e-10 1.65645e-07
