1.19443e-05 1.4715e+06 17.576
1.42665e-05 1.23204e+06 17.577
1.70403e-05 1.03158e+06 17.5785
2.03534e-05 863706 17.5793
2.43106e-05 723203 17.5815
2.90372e-05 605502 17.5821
3.46828e-05 506983 17.5836
4.1426e-05 424489 17.5849
4.94803e-05 355421 17.5863
5.91006e-05 297586 17.5875
7.05912e-05 249165 17.5888
8.4316e-05 208623 17.5902
0.000100709 174675 17.5914
0.00012029 146253 17.5927
0.000143677 122456 17.5941
0.000171612 102530 17.5954
0.000204977 85847.1 17.5967
0.00024483 71877.8 17.5979
0.000292431 60181.9 17.5991
0.000349288 50390 17.6006
0.000417198 42190.8 17.6019
0.000498312 35325.5 17.6031
0.000595197 29577.5 17.6044
0.000710919 24764.7 17.6057
0.00084914 20735.2 17.6071
0.00101423 17361.3 17.6084
0.00121143 14536.2 17.6096
0.00144696 12171 17.6109
0.00172829 10190.6 17.6123
0.00206431 8532.38 17.6135
0.00246567 7144.04 17.6148
0.00294505 5981.6 17.6161
0.00351765 5008.3 17.6174
0.00420157 4193.37 17.6187
0.00501846 3511.03 17.62
0.00599418 2939.72 17.6212
0.00715961 2461.4 17.6226
0.00855162 2060.87 17.6238
0.0102143 1725.54 17.6251
0.0122002 1444.75 17.6263
0.0145722 1209.67 17.6275
0.0174054 1012.83 17.6287
0.0207895 848.017 17.6298
0.0248315 710.021 17.6309
0.0296594 594.482 17.632
0.035426 497.741 17.6329
0.0423137 416.736 17.6336
0.0505405 348.915 17.6343
0.0603669 292.128 17.6349
0.0721038 244.574 17.6347
0.0861226 204.757 17.6342
0.102867 171.417 17.6331
0.122867 143.498 17.6312
0.146756 120.119 17.6282
0.175289 100.542 17.6238
0.209369 84.1459 17.6176
0.250076 70.4138 17.6088
0.298697 58.912 17.5969
0.356772 49.277 17.5807
0.426138 41.2049 17.559
0.50899 34.441 17.5301
0.60795 28.772 17.492
0.726152 24.0199 17.4421
0.867334 20.035 17.3771
1.03597 16.6927 17.2931
1.23738 13.8882 17.185
1.47796 11.5342 17.0471
1.76532 9.55767 16.8723
2.10854 7.89759 16.6524
2.5185 6.50317 16.3782
3.00816 5.33194 16.0393
3.59302 4.34862 15.6247
4.2916 3.52389 15.1231
5.12599 2.83339 14.524
6.12262 2.25685 13.8178
7.31302 1.77749 12.9988
8.73485 1.38128 12.0653
10.4331 1.05646 11.0222
12.4616 0.793024 9.88235
14.8845 0.582328 8.66763
17.7784 0.416768 7.40946
21.235 0.289503 6.14758
25.3636 0.194268 4.92733
30.2949 0.12527 3.79504
36.185 0.0771674 2.79231
43.2203 0.0451157 1.94992
51.6235 0.0248538 1.28304
61.6604 0.0127988 0.789179
73.6488 0.00610703 0.449775
87.968 0.00267368 0.235198
105.071 0.00106209 0.111596
125.5 0.000377899 0.0474263
149.9 0.000118601 0.0177784
179.045 3.2233e-05 0.00577114
213.856 7.41908e-06 0.00158661
255.435 1.40818e-06 0.000359699
305.098 2.13533e-07 6.51483e-05
364.417 2.49166e-08 9.08003e-06
435.269 2.13955e-09 9.31278e-07
519.896 1.27828e-10 6.64575e-08
