1.19333e-05 467265 5.57603
1.42405e-05 391629 5.57697
1.69936e-05 328203 5.57735
2.02791e-05 275036 5.57746
2.41997e-05 230508 5.57821
2.88783e-05 193174 5.57853
3.44615e-05 161886 5.57882
4.1124e-05 135671 5.57935
4.90747e-05 113698 5.5797
5.85625e-05 95284.9 5.58012
6.98846e-05 79853.6 5.58054
8.33956e-05 66921.5 5.58096
9.95188e-05 56083.3 5.58135
0.000118759 47000.9 5.58179
0.000141719 39389.3 5.58222
0.000169119 33009.8 5.58256
0.000201815 27664 5.58301
0.000240832 23183.9 5.58345
0.000287394 19429.1 5.58379
0.000342956 16282.7 5.58424
0.000409261 13645.7 5.58465
0.000488386 11435.8 5.58506
0.000582807 9583.75 5.58548
0.000695483 8031.63 5.58587
0.000829944 6730.98 5.58633
0.0009904 5640.78 5.58663
0.00118188 4727.22 5.587
0.00141037 3961.75 5.58755
0.00168305 3320.12 5.58793
0.00200844 2782.43 5.58833
0.00239674 2331.82 5.58875
0.00286011 1954.18 5.58916
0.00341306 1637.7 5.58957
0.00407292 1372.48 5.58999
0.00486036 1150.21 5.59041
0.00580003 963.926 5.5908
0.00692137 807.819 5.59121
0.0082595 676.992 5.59162
0.00985634 567.354 5.59203
0.0117619 475.469 5.59243
0.0140359 398.467 5.59284
0.0167495 333.936 5.59325
0.0199877 279.854 5.59364
0.023852 234.531 5.59405
0.0284635 196.548 5.59444
0.0339664 164.716 5.59482
0.0405333 138.039 5.59515
0.0483697 115.682 5.59549
0.0577212 96.945 5.59578
0.0688807 81.2455 5.59624
0.0821976 68.0913 5.59694
0.0980892 57.0591 5.59688
0.117053 47.8155 5.59696
0.139683 40.0695 5.59705
0.166689 33.5776 5.59702
0.198916 28.1367 5.59683
0.237373 23.5765 5.59641
0.283265 19.7543 5.5957
0.33803 16.5505 5.59455
0.403382 13.8649 5.59285
0.48137 11.6135 5.59039
0.574435 9.72589 5.58689
0.685492 8.14308 5.58202
0.818021 6.81558 5.57529
0.976172 5.70195 5.56609
1.1649 4.76747 5.55362
1.39011 3.98295 5.53675
1.65887 3.32406 5.51419
1.97959 2.77037 5.48418
2.36231 2.30475 5.44453
2.81902 1.9129 5.39252
3.36403 1.58287 5.32483
4.01441 1.30469 5.23755
4.79053 1.07003 5.12604
5.71671 0.872095 4.98551
6.82194 0.705144 4.81045
8.14085 0.564536 4.59581
9.71475 0.446458 4.33723
11.5929 0.347799 4.03201
13.8343 0.266017 3.68014
16.5089 0.199004 3.28533
19.7006 0.14497 2.856
23.5094 0.102323 2.40554
28.0546 0.0695801 1.95204
33.4785 0.045296 1.51644
39.951 0.0280309 1.11986
47.6748 0.0163625 0.780078
56.892 0.00893325 0.50823
67.8912 0.00451945 0.306831
81.0168 0.00209713 0.169903
96.6801 0.000882394 0.0853099
115.372 0.00033228 0.0383356
137.677 0.000110277 0.0151827
164.294 3.16722e-05 0.00520357
196.058 7.70157e-06 0.00150996
233.963 1.54476e-06 0.000361416
279.196 2.47808e-07 6.9187e-05
333.174 3.06605e-08 1.02153e-05
397.587 2.80312e-09 1.11448e-06
474.455 1.79676e-10 8.5248e-08
