1.19339e-05 3.5724e+07 426.326
1.42417e-05 2.9552e+07 420.872
1.69959e-05 2.44422e+07 415.418
2.02827e-05 2.02125e+07 409.965
2.42051e-05 1.67117e+07 404.509
2.88861e-05 1.38147e+07 399.054
3.44723e-05 1.14177e+07 393.596
4.11389e-05 9.43487e+06 388.14
4.90946e-05 7.79476e+06 382.68
5.85889e-05 6.43846e+06 377.222
6.99192e-05 5.31703e+06 371.763
8.34408e-05 4.38995e+06 366.301
9.95772e-05 3.62372e+06 360.84
0.000118834 2.99054e+06 355.378
0.000141815 2.4674e+06 349.915
0.000169241 2.03527e+06 344.45
0.00020197 1.6784e+06 338.985
0.000241028 1.38374e+06 333.52
0.00028764 1.1405e+06 328.053
0.000343266 939756 322.586
0.000409649 774121 317.118
0.00048887 637491 311.65
0.000583412 524810 306.18
0.000696236 431908 300.71
0.00083088 355332 295.238
0.000991561 292233 289.767
0.00118332 240251 284.293
0.00141216 197443 278.82
0.00168525 162199 273.346
0.00201116 133192 267.87
0.00240009 109327 262.395
0.00286424 89698.6 256.918
0.00341814 73560.5 251.44
0.00407917 60297 245.962
0.00486803 49400.4 240.482
0.00580945 40451.7 235.002
0.00693292 33106.1 229.522
0.00827366 27078.7 224.04
0.00987369 22135.4 218.558
0.0117831 18082.9 213.074
0.0140618 14762.6 207.59
0.0167812 12043.5 202.105
0.0200265 9817.96 196.62
0.0238994 7997.45 191.134
0.0285212 6509.07 185.647
0.0340369 5293.06 180.16
0.0406192 4300.22 174.671
0.0484745 3490.14 169.183
0.0578488 2829.67 163.693
0.0690361 2291.6 158.203
0.0823868 1853.62 152.714
0.0983194 1497.4 147.224
0.117333 1207.96 141.734
0.140024 973.009 136.244
0.167103 782.493 130.757
0.199418 628.179 125.27
0.237983 503.343 119.787
0.284007 402.481 114.307
0.33893 321.104 108.832
0.404475 255.551 103.364
0.482695 202.829 97.9044
0.576042 160.503 92.4567
0.687442 126.594 87.026
0.820385 99.4837 81.6149
0.979037 77.8639 76.2316
1.16837 60.6677 70.8824
1.39432 47.0318 65.5773
1.66396 36.2557 60.3282
1.98575 27.7723 55.149
2.36977 21.1231 50.0568
2.82806 15.9374 45.0719
3.37497 11.9164 40.2176
4.02765 8.81939 35.5214
4.80654 6.45215 31.0125
5.73607 4.65902 26.7245
6.84535 3.31469 22.6902
8.16916 2.31901 18.9444
9.74897 1.59193 15.5197
11.6343 1.06954 12.4434
13.8842 0.701288 9.73684
16.5693 0.447343 7.41215
19.7736 0.276596 5.46929
23.5975 0.165099 3.89592
28.161 0.0947067 2.66703
33.607 0.0519481 1.74582
40.1062 0.0270962 1.08672
47.8622 0.0133582 0.639352
57.1181 0.00618216 0.353113
68.1641 0.00266538 0.181683
81.3462 0.00106123 0.0863269
97.0775 0.00038622 0.0374933
115.851 0.000126918 0.0147035
138.255 3.71028e-05 0.00512965
164.992 9.47508e-06 0.00156331
196.9 2.06736e-06 0.000407062
234.977 3.75221e-07 8.81684e-05
280.419 5.48727e-08 1.53874e-05
334.649 6.22634e-09 2.08364e-06
399.366 5.24002e-10 2.09268e-07
476.598 3.09139e-11 1.47335e-08
