1.19333e-05 1.49908e+06 17.8891
1.42405e-05 1.25634e+06 17.8908
1.69936e-05 1.05287e+06 17.892
2.02791e-05 882350 17.8932
2.41997e-05 739451 17.8945
2.88783e-05 619706 17.896
3.44615e-05 519335 17.897
4.1124e-05 435235 17.8986
4.90747e-05 364745 17.8997
5.85625e-05 305676 17.9011
6.98846e-05 256173 17.9025
8.33956e-05 214684 17.9037
9.95188e-05 179916 17.9051
0.000118759 150780 17.9065
0.000141719 126361 17.9078
0.000169119 105896 17.9089
0.000201815 88746.1 17.9103
0.000240832 74373.7 17.9116
0.000287394 62328.7 17.9129
0.000342956 52234.7 17.9142
0.000409261 43775.2 17.9155
0.000488386 36686.2 17.917
0.000582807 30744.8 17.9183
0.000695483 25765.6 17.9195
0.000829944 21592.8 17.9208
0.0009904 18095.9 17.9221
0.00118188 15165.2 17.9234
0.00141037 12709.3 17.9249
0.00168305 10651 17.9262
0.00200844 8926.04 17.9274
0.00239674 7480.49 17.9288
0.00286011 6269.03 17.9301
0.00341306 5253.76 17.9314
0.00407292 4402.92 17.9327
0.00486036 3689.85 17.934
0.00580003 3092.27 17.9352
0.00692137 2591.49 17.9366
0.0082595 2171.78 17.9378
0.00985634 1820.06 17.9392
0.0117619 1525.29 17.9403
0.0140359 1278.26 17.9416
0.0167495 1071.24 17.9428
0.0199877 897.744 17.9439
0.023852 752.349 17.9451
0.0284635 630.492 17.946
0.0339664 528.372 17.9469
0.0405333 442.787 17.9476
0.0483697 371.062 17.9482
0.0577212 310.949 17.9484
0.0688807 260.568 17.9481
0.0821976 218.35 17.9478
0.0980892 182.958 17.9462
0.117053 153.297 17.9439
0.139683 128.437 17.9406
0.166689 107.599 17.9355
0.198916 90.1311 17.9285
0.237373 75.488 17.9188
0.283265 63.2113 17.9055
0.33803 52.9173 17.8876
0.403382 44.2849 17.8637
0.48137 37.0444 17.8321
0.574435 30.9703 17.7904
0.685492 25.8736 17.7361
0.818021 21.5954 17.6655
0.976172 18.0036 17.5746
1.1649 14.9868 17.4581
1.39011 12.4521 17.3098
1.65887 10.3217 17.1224
1.97959 8.53088 16.8876
2.36231 7.02521 16.5957
2.81902 5.75952 16.2362
3.36403 4.69614 15.798
4.01441 3.80376 15.2699
4.79053 3.0563 14.6413
5.71671 2.43217 13.904
6.82194 1.9133 13.0524
8.14085 1.48465 12.0863
9.71475 1.13353 11.0119
11.5929 0.849117 9.84377
13.8343 0.622041 8.60547
16.5089 0.444004 7.33001
19.7006 0.307513 6.05819
23.5094 0.205688 4.8356
28.0546 0.132177 3.70815
33.4785 0.0811267 2.716
39.951 0.047253 1.8878
47.6748 0.0259329 1.23635
56.892 0.0133049 0.756942
67.8912 0.006326 0.429479
81.0168 0.00276046 0.223643
96.6801 0.0010934 0.10571
115.372 0.000388112 0.0447771
137.677 0.000121595 0.0167408
164.294 3.30156e-05 0.00542427
196.058 7.59973e-06 0.00148999
233.963 1.44441e-06 0.000337938
279.196 2.19676e-07 6.13326e-05
333.174 2.57624e-08 8.58334e-06
397.587 2.22902e-09 8.8623e-07
474.455 1.34616e-10 6.38692e-08
