1.1863e-05 1.51811e+06 18.0093
1.40731e-05 1.27978e+06 18.0105
1.6695e-05 1.07888e+06 18.0119
1.98053e-05 909511 18.0131
2.34951e-05 766732 18.0144
2.78723e-05 646369 18.0158
3.30649e-05 544895 18.0169
3.9225e-05 459357 18.0183
4.65327e-05 387243 18.0194
5.52018e-05 326452 18.0208
6.54861e-05 275206 18.0221
7.76863e-05 232001 18.0233
9.21594e-05 195580 18.0246
0.000109329 164878 18.0259
0.000129697 138994 18.0272
0.00015386 117175 18.0285
0.000182524 98780.1 18.0298
0.000216529 83273.1 18.031
0.000256869 70200.4 18.0323
0.000304724 59180 18.0336
0.000361495 49889.5 18.0348
0.000428842 42058 18.0362
0.000508737 35455.6 18.0375
0.000603515 29889.4 18.0387
0.000715952 25197.3 18.0401
0.000849335 21241.6 18.0412
0.00100757 17907.1 18.0426
0.00119528 15095.8 18.0438
0.00141796 12726.1 18.0451
0.00168213 10728.3 18.0464
0.00199552 9044.11 18.0477
0.00236729 7624.32 18.049
0.00280832 6427.41 18.0502
0.00333152 5418.39 18.0515
0.00395218 4567.77 18.0527
0.00468848 3850.71 18.054
0.00556196 3246.19 18.0552
0.00659817 2736.59 18.0565
0.00782742 2306.96 18.0575
0.00928568 1944.79 18.0587
0.0110156 1639.47 18.0598
0.0130679 1382.08 18.0609
0.0155024 1165.1 18.0619
0.0183906 982.174 18.0627
0.0218168 827.964 18.0635
0.0258813 697.963 18.0642
0.030703 588.369 18.0647
0.0364231 495.964 18.0645
0.0432088 418.059 18.0638
0.0512587 352.388 18.0629
0.0608083 297.019 18.0612
0.072137 250.336 18.0585
0.0855763 210.975 18.0544
0.101519 177.787 18.0488
0.120433 149.801 18.0409
0.142869 126.201 18.0303
0.169486 106.297 18.0159
0.201062 89.5084 17.9967
0.23852 75.3462 17.9716
0.282957 63.3969 17.9386
0.335673 53.3129 17.8957
0.398209 44.8014 17.8403
0.472397 37.6146 17.769
0.560405 31.545 17.678
0.66481 26.4173 17.5625
0.788666 22.0837 17.4167
0.935596 18.4204 17.234
1.1099 15.3227 17.0067
1.31668 12.7033 16.7262
1.56198 10.4886 16.383
1.85298 8.61694 15.967
2.19819 7.0367 15.468
2.60772 5.70479 14.8765
3.09354 4.58508 14.1841
3.66987 3.6474 13.3855
4.35358 2.86636 12.4789
5.16466 2.22053 11.4683
6.12685 1.69158 10.3641
7.26829 1.26367 9.18471
8.62239 0.922813 7.95686
10.2288 0.656446 6.71463
12.1344 0.453074 5.49778
14.3951 0.302069 4.34831
17.0769 0.193591 3.30593
20.2584 0.118619 2.40303
24.0325 0.0690772 1.6601
28.5099 0.0379832 1.0829
33.8213 0.0195803 0.662232
40.1223 0.00938845 0.376686
47.5972 0.00415039 0.197547
56.4646 0.00167476 0.0945649
66.9841 0.000609706 0.0408406
79.4634 0.000197505 0.0156945
94.2676 5.59918e-05 0.00527821
111.83 1.36183e-05 0.00152293
132.664 2.77523e-06 0.000368174
157.38 4.60843e-07 7.25273e-05
186.7 6.03549e-08 1.12682e-05
221.482 6.00009e-09 1.32891e-06
262.745 4.32423e-10 1.13617e-07
