1.20683e-05 382939 4.62141
1.45643e-05 313526 4.56629
1.75766e-05 256657 4.51116
2.1212e-05 210072 4.45604
2.55992e-05 171915 4.40089
3.08938e-05 140667 4.34573
3.72835e-05 115080 4.29058
4.49948e-05 94131 4.2354
5.43009e-05 76982.8 4.18024
6.55319e-05 62947.1 4.12504
7.90857e-05 51461.3 4.06985
9.54428e-05 42063.3 4.01464
0.000115183 34375.2 3.95943
0.000139006 28086.7 3.90422
0.000167756 22943.9 3.84898
0.000202453 18738.9 3.79375
0.000244326 15301.3 3.7385
0.000294859 12491.5 3.68325
0.000355844 10195.4 3.62799
0.000429443 8319.38 3.5727
0.000518264 6786.93 3.51742
0.000625455 5535.38 3.46213
0.000754816 4513.48 3.40685
0.000910933 3679.23 3.35154
0.00109934 2998.36 3.29622
0.00132671 2442.8 3.24089
0.00160111 1989.58 3.18555
0.00193227 1619.97 3.13022
0.00233192 1318.6 3.07486
0.00281422 1072.95 3.01951
0.00339628 872.759 2.96413
0.00409872 709.675 2.90876
0.00494645 576.853 2.85338
0.00596952 468.712 2.79799
0.00720418 380.694 2.74258
0.0086942 309.076 2.68717
0.0104924 250.824 2.63175
0.0126625 203.46 2.57632
0.0152815 164.963 2.52088
0.0184421 133.685 2.46544
0.0222565 108.283 2.40999
0.0268597 87.6597 2.35452
0.032415 70.9253 2.29904
0.0391194 57.3517 2.24356
0.0472103 46.3473 2.18807
0.0569747 37.4303 2.13258
0.0687587 30.2081 2.07707
0.0829799 24.362 2.02156
0.100142 19.6324 1.96604
0.120855 15.8083 1.9105
0.145851 12.7182 1.85496
0.176017 10.223 1.79941
0.212422 8.20936 1.74385
0.256357 6.58568 1.68828
0.309378 5.27741 1.63272
0.373366 4.22408 1.57713
0.450589 3.37678 1.52154
0.543783 2.69584 1.46595
0.656252 2.14909 1.41035
0.791983 1.71057 1.35474
0.955788 1.35923 1.29914
1.15347 1.07807 1.24353
1.39204 0.853365 1.18792
1.67995 0.674025 1.13233
2.02741 0.531092 1.07674
2.44674 0.417368 1.02119
2.95279 0.327035 0.965668
3.56351 0.255422 0.910201
4.30055 0.198768 0.854812
5.19002 0.154051 0.799527
6.26346 0.118848 0.744402
7.55891 0.0912154 0.689489
9.12231 0.0695957 0.634873
11.0091 0.0527432 0.580652
13.286 0.0396635 0.52697
16.0339 0.0295623 0.474
19.3502 0.0218075 0.421979
23.3524 0.0158951 0.371189
28.1823 0.0114251 0.321984
34.0112 0.00807926 0.274785
41.0456 0.00560522 0.23007
49.535 0.00380287 0.188375
59.7802 0.00251355 0.15026
72.1444 0.00161153 0.116263
87.0659 0.000997343 0.0868345
105.073 0.000592629 0.0622696
126.806 0.000336166 0.0426277
153.032 0.000180949 0.0276911
184.684 9.18681e-05 0.0169666
222.882 4.37349e-05 0.0097477
268.98 1.9415e-05 0.00522223
324.612 7.99547e-06 0.00259543
391.751 3.03936e-06 0.00119067
472.776 1.06086e-06 0.000501551
570.559 3.37846e-07 0.000192761
688.566 9.73265e-08 6.70157e-05
830.981 2.50507e-08 2.08166e-05
1002.85 5.65774e-09 5.67387e-06
1210.27 1.09297e-09 1.32279e-06
1460.59 1.74487e-10 2.54853e-07
