1.19333e-05 3.56575e+07 425.513
1.42405e-05 2.94977e+07 420.061
1.69936e-05 2.43979e+07 414.608
2.02791e-05 2.01763e+07 409.156
2.41997e-05 1.66821e+07 403.701
2.88783e-05 1.37906e+07 398.248
3.44615e-05 1.1398e+07 392.792
4.1124e-05 9.41873e+06 387.336
4.90747e-05 7.78157e+06 381.878
5.85625e-05 6.42768e+06 376.421
6.98846e-05 5.30822e+06 370.963
8.33956e-05 4.38275e+06 365.503
9.95188e-05 3.61784e+06 360.043
0.000118759 2.98572e+06 354.582
0.000141719 2.46346e+06 349.121
0.000169119 2.03205e+06 343.657
0.000201815 1.67576e+06 338.193
0.000240832 1.38158e+06 332.729
0.000287394 1.13873e+06 327.264
0.000342956 938307 321.798
0.000409261 772933 316.332
0.000488386 636516 310.865
0.000582807 524010 305.397
0.000695483 431250 299.927
0.000829944 354791 294.457
0.0009904 291788 288.987
0.00118188 239885 283.515
0.00141037 197142 278.043
0.00168305 161951 272.571
0.00200844 132987 267.096
0.00239674 109157 261.622
0.00286011 89558.3 256.146
0.00341306 73444.3 250.67
0.00407292 60200.7 245.193
0.00486036 49320.4 239.715
0.00580003 40385.3 234.236
0.00692137 33050.8 228.757
0.0082595 27032.6 223.276
0.00985634 22097 217.796
0.0117619 18050.9 212.313
0.0140359 14735.8 206.83
0.0167495 12021.1 201.347
0.0199877 9799.14 195.863
0.023852 7981.65 190.379
0.0284635 6495.79 184.893
0.0339664 5281.89 179.407
0.0405333 4290.8 173.92
0.0483697 3482.19 168.432
0.0577212 2822.96 162.944
0.0688807 2285.92 157.456
0.0821976 1848.81 151.968
0.0980892 1493.33 146.479
0.117053 1204.5 140.991
0.139683 970.079 135.504
0.166689 779.998 130.017
0.198916 626.057 124.532
0.237373 501.536 119.051
0.283265 400.943 113.573
0.33803 319.794 108.1
0.403382 254.435 102.634
0.48137 201.878 97.1778
0.574435 159.693 91.7335
0.685492 125.905 86.3066
0.818021 98.8973 80.9001
0.976172 77.3657 75.5223
1.1649 60.2453 70.1797
1.39011 46.6743 64.8826
1.65887 35.9541 59.6431
1.97959 27.5187 54.4756
2.36231 20.9107 49.3975
2.81902 15.7606 44.4295
3.36403 11.7702 39.5953
4.01441 8.69934 34.9227
4.79053 6.35452 30.4415
5.71671 4.58049 26.1853
6.82194 3.25234 22.1873
8.14085 2.27029 18.4821
9.71475 1.55446 15.1012
11.5929 1.04132 12.072
13.8343 0.680529 9.41462
16.5089 0.432477 7.13971
19.7006 0.26627 5.24568
23.5094 0.158174 3.71858
28.0546 0.090241 2.53167
33.4785 0.0491936 1.64693
39.951 0.0254804 1.01797
47.6748 0.0124623 0.594139
56.892 0.00571589 0.325189
67.8912 0.00243931 0.165608
81.0168 0.000960006 0.0777766
96.6801 0.000344793 0.0333347
115.372 0.000111609 0.0128765
137.677 3.20704e-05 0.00441535
164.294 8.03023e-06 0.00131932
196.058 1.71305e-06 0.000335858
233.963 3.02993e-07 7.0889e-05
279.196 4.30179e-08 1.20104e-05
333.174 4.71772e-09 1.57182e-06
397.587 3.8156e-10 1.51704e-07
474.455 2.14451e-11 1.01747e-08
