1.19339e-05 3.77716e+07 450.762
1.42417e-05 3.12681e+07 445.312
1.69959e-05 2.58803e+07 439.859
2.02827e-05 2.14176e+07 434.407
2.42051e-05 1.77216e+07 428.954
2.88861e-05 1.4661e+07 423.5
3.44723e-05 1.2127e+07 418.044
4.11389e-05 1.00292e+07 412.59
4.90946e-05 8.29281e+06 407.132
5.85889e-05 6.85583e+06 401.676
6.99192e-05 5.6668e+06 396.218
8.34408e-05 4.68306e+06 390.758
9.95772e-05 3.86935e+06 385.299
0.000118834 3.19638e+06 379.839
0.000141815 2.6399e+06 374.378
0.000169241 2.17982e+06 368.914
0.00020197 1.79953e+06 363.451
0.000241028 1.48525e+06 357.987
0.00028764 1.22557e+06 352.523
0.000343266 1.01105e+06 347.057
0.000409649 833862 341.591
0.00048887 687556 336.126
0.000583412 566765 330.657
0.000696236 467066 325.188
0.00083088 384795 319.718
0.000991561 316923 314.249
0.00118332 260942 308.777
0.00141216 214782 303.306
0.00168525 176730 297.834
0.00201116 145369 292.36
0.00240009 119531 286.886
0.00286424 98249.9 281.411
0.00341814 80726.6 275.935
0.00407917 66302.3 270.459
0.00486803 54432.9 264.981
0.00580945 44669 259.502
0.00693292 36640.3 254.024
0.00827366 30040.3 248.544
0.00987369 24617.3 243.063
0.0117831 20162.8 237.581
0.0140618 16505.6 232.099
0.0167812 13504.1 226.616
0.0200265 11041.9 221.132
0.0238994 9023.15 215.648
0.0285212 7368.61 210.162
0.0340369 6013.36 204.676
0.0406192 4903.81 199.189
0.0484745 3995.94 193.701
0.0578488 3253.52 188.212
0.0690361 2646.77 182.722
0.0823868 2151.24 177.233
0.0983194 1746.78 171.742
0.117333 1416.91 166.25
0.140024 1148.07 160.757
0.167103 929.155 155.264
0.199418 751.038 149.771
0.237983 606.25 144.277
0.284007 488.662 138.783
0.33893 393.263 133.289
0.404475 315.952 127.795
0.482695 253.37 122.301
0.576042 202.775 116.807
0.687442 161.928 111.316
0.820385 128.996 105.827
0.979037 102.49 100.342
1.16837 81.1909 94.8611
1.39432 64.1086 89.3878
1.66396 50.4367 83.9247
1.98575 39.5192 78.4754
2.36977 30.8236 73.0448
2.82806 23.9173 67.6394
3.37497 18.4499 62.2677
4.02765 14.1376 56.9414
4.80654 10.7507 51.6739
5.73607 8.10396 46.4849
6.84535 6.04722 41.3954
8.16916 4.45992 36.4338
9.74897 3.24489 31.6344
11.6343 2.32377 27.0354
13.8842 1.63365 22.6819
16.5693 1.12395 18.623
19.7736 0.753976 14.9088
23.5975 0.491062 11.5878
28.161 0.308996 8.70163
33.607 0.186792 6.27752
40.1062 0.107792 4.32313
47.8622 0.0589562 2.82177
57.1181 0.0303186 1.73174
68.1641 0.0145295 0.99039
81.3462 0.00642402 0.522569
97.0775 0.00259095 0.251523
115.851 0.000940858 0.108999
138.255 0.00030291 0.0418789
164.992 8.48887e-05 0.014006
196.9 2.02572e-05 0.00398863
234.977 4.00976e-06 0.000942203
280.419 6.38282e-07 0.000178986
334.649 7.87871e-08 2.6366e-05
399.366 7.22468e-09 2.88529e-06
476.598 4.67161e-10 2.22648e-07
