1.19443e-05 1.52843e+06 18.256
1.42665e-05 1.27971e+06 18.257
1.70403e-05 1.07149e+06 18.2586
2.03534e-05 897123 18.2595
2.43106e-05 751181 18.2617
2.90372e-05 628930 18.2624
3.46828e-05 526597 18.2639
4.1426e-05 440912 18.2652
4.94803e-05 369172 18.2667
5.91006e-05 309099 18.2679
7.05912e-05 258805 18.2693
8.4316e-05 216694 18.2708
0.000100709 181433 18.272
0.00012029 151911 18.2734
0.000143677 127193 18.2748
0.000171612 106497 18.2761
0.000204977 89168.5 18.2775
0.00024483 74658.7 18.2787
0.000292431 62510.3 18.28
0.000349288 52339.5 18.2815
0.000417198 43823.1 18.2829
0.000498312 36692.3 18.2842
0.000595197 30721.8 18.2855
0.000710919 25722.8 18.2868
0.00084914 21537.4 18.2883
0.00101423 18033 18.2897
0.00121143 15098.6 18.2909
0.00144696 12641.8 18.2922
0.00172829 10584.9 18.2937
0.00206431 8862.49 18.2949
0.00246567 7420.44 18.2963
0.00294505 6213.02 18.2977
0.00351765 5202.07 18.299
0.00420157 4355.61 18.3004
0.00501846 3646.87 18.3017
0.00599418 3053.46 18.303
0.00715961 2556.63 18.3044
0.00855162 2140.61 18.3056
0.0102143 1792.3 18.307
0.0122002 1500.65 18.3082
0.0145722 1256.47 18.3095
0.0174054 1052.01 18.3107
0.0207895 880.824 18.3119
0.0248315 737.489 18.313
0.0296594 617.48 18.3141
0.035426 516.995 18.3151
0.0423137 432.856 18.3157
0.0505405 362.41 18.3164
0.0603669 303.425 18.3168
0.0721038 254.032 18.3167
0.0861226 212.674 18.3161
0.102867 178.043 18.3148
0.122867 149.044 18.3126
0.146756 124.76 18.3092
0.175289 104.424 18.3044
0.209369 87.3932 18.2975
0.250076 73.1289 18.2878
0.298697 61.1811 18.2747
0.356772 51.1724 18.2569
0.426138 42.7869 18.2331
0.50899 35.7601 18.2015
0.60795 29.8707 18.1599
0.726152 24.9336 18.1056
0.867334 20.7933 18.0347
1.03597 17.3205 17.9434
1.23738 14.4063 17.8261
1.47796 11.9601 17.6767
1.76532 9.90617 17.4876
2.10854 8.18102 17.25
2.5185 6.73197 16.9545
3.00816 5.51498 16.5899
3.59302 4.49342 16.145
4.2916 3.63689 15.6081
5.12599 2.92011 14.9685
6.12262 2.32204 14.217
7.31302 1.82528 13.3483
8.73485 1.41523 12.3618
10.4331 1.07963 11.2639
12.4616 0.808036 10.0694
14.8845 0.591391 8.80253
17.7784 0.421694 7.49703
21.235 0.291732 6.19491
25.3636 0.194892 4.94317
30.2949 0.125067 3.7889
36.185 0.0766456 2.77342
43.2203 0.0445664 1.92617
51.6235 0.0244113 1.2602
61.6604 0.0124969 0.770566
73.6488 0.00592716 0.436528
87.968 0.00257919 0.226886
105.071 0.00101834 0.106998
125.5 0.000360151 0.0451988
149.9 0.000112361 0.0168429
179.045 3.03589e-05 0.00543559
213.856 6.94769e-06 0.0014858
255.435 1.31127e-06 0.000334943
305.098 1.9772e-07 6.0324e-05
364.417 2.2941e-08 8.36008e-06
435.269 1.95838e-09 8.5242e-07
519.896 1.16258e-10 6.04421e-08
