1.19333e-05 3.77257e+07 450.194
1.42405e-05 3.12311e+07 444.745
1.69936e-05 2.58505e+07 439.293
2.02791e-05 2.13936e+07 433.843
2.41997e-05 1.77023e+07 428.39
2.88783e-05 1.46456e+07 422.939
3.44615e-05 1.21145e+07 417.484
4.1124e-05 1.00192e+07 412.031
4.90747e-05 8.28481e+06 406.574
5.85625e-05 6.84942e+06 401.119
6.98846e-05 5.66166e+06 395.663
8.33956e-05 4.67895e+06 390.204
9.95188e-05 3.86606e+06 384.746
0.000118759 3.19375e+06 379.288
0.000141719 2.6378e+06 373.828
0.000169119 2.17815e+06 368.365
0.000201815 1.7982e+06 362.904
0.000240832 1.48419e+06 357.442
0.000287394 1.22473e+06 351.978
0.000342956 1.01037e+06 346.514
0.000409261 833329 341.049
0.000488386 687132 335.585
0.000582807 566428 330.118
0.000695483 466799 324.651
0.000829944 384583 319.182
0.0009904 316755 313.714
0.00118188 260808 308.244
0.00141037 214676 302.774
0.00168305 176646 297.303
0.00200844 145302 291.83
0.00239674 119478 286.358
0.00286011 98207.6 280.884
0.00341306 80692.9 275.41
0.00407292 66275.4 269.934
0.00486036 54411.3 264.458
0.00580003 44651.7 258.981
0.00692137 36626.3 253.504
0.0082595 30029 248.025
0.00985634 24608.1 242.546
0.0117619 20155.3 237.065
0.0140359 16499.4 231.584
0.0167495 13499.1 226.103
0.0199877 11037.8 220.62
0.023852 9019.66 215.137
0.0284635 7365.68 209.653
0.0339664 6010.89 204.168
0.0405333 4901.72 198.683
0.0483697 3994.16 193.196
0.0577212 3251.99 187.709
0.0688807 2645.45 182.22
0.0821976 2150.09 176.732
0.0980892 1745.78 171.242
0.117053 1416.04 165.752
0.139683 1147.32 160.261
0.166689 928.489 154.769
0.198916 750.453 149.277
0.237373 605.734 143.785
0.283265 488.207 138.292
0.33803 392.861 132.799
0.403382 315.597 127.306
0.48137 253.056 121.814
0.574435 202.498 116.322
0.685492 161.683 110.832
0.818021 128.78 105.344
0.976172 102.299 99.8611
1.1649 81.022 94.3825
1.39011 63.9598 88.9114
1.65887 50.3058 83.4507
1.97959 39.4043 78.0041
2.36231 30.7228 72.5767
2.81902 23.8292 67.175
3.36403 18.3731 61.8079
4.01441 14.0711 56.4871
4.79053 10.6933 51.2264
5.71671 8.05459 46.0457
6.82194 6.00512 40.9666
8.14085 4.42439 36.0183
9.71475 3.21513 31.2342
11.5929 2.29918 26.6543
13.8343 1.61365 22.3237
16.5089 1.10799 18.2917
19.7006 0.741529 14.6086
23.5094 0.481613 11.3224
28.0546 0.302048 8.47382
33.4785 0.181876 6.08892
39.951 0.104467 4.17356
47.6748 0.0568231 2.70903
56.892 0.0290315 1.65166
67.8912 0.0138059 0.9373
81.0168 0.00604899 0.490069
96.6801 0.00241385 0.233371
115.372 0.000865681 0.099875
137.677 0.000274677 0.0378167
164.294 7.56821e-05 0.0124342
196.058 1.77081e-05 0.00347182
233.963 3.42621e-06 0.000801607
279.196 5.31228e-07 0.000148317
333.174 6.36121e-08 2.11939e-05
397.587 5.63126e-09 2.23892e-06
474.455 3.49126e-10 1.65645e-07
