1.19328e-05 1.49019e+06 17.7822
1.42392e-05 1.24894e+06 17.7839
1.69913e-05 1.04672e+06 17.7851
2.02754e-05 877235 17.7863
2.41943e-05 735194 17.7875
2.88705e-05 616168 17.7891
3.44506e-05 516394 17.7901
4.11093e-05 432789 17.7916
4.90549e-05 362711 17.7927
5.85362e-05 303985 17.7942
6.98501e-05 254768 17.7955
8.33507e-05 213516 17.7967
9.94608e-05 178946 17.7981
0.000118685 149973 17.7994
0.000141624 125691 17.8008
0.000168997 105338 17.8019
0.000201661 88283 17.8032
0.000240638 73989 17.8046
0.000287149 62009.1 17.8058
0.000342649 51969.1 17.8071
0.000408876 43555.1 17.8086
0.000487904 36503 17.8099
0.000582206 30592.6 17.8112
0.000694735 25639.2 17.8124
0.000829013 21488.1 17.8139
0.000989245 18008.7 17.815
0.00118045 15092.8 17.8163
0.0014086 12649.2 17.8177
0.00168086 10601.2 17.8191
0.00200574 8884.65 17.8203
0.0023934 7446.13 17.8216
0.002856 6240.52 17.8229
0.00340801 5230.1 17.8242
0.00406671 4383.28 17.8255
0.00485273 3673.56 17.8268
0.00579066 3078.76 17.8281
0.00690989 2580.28 17.8294
0.00824543 2162.49 17.8306
0.00983911 1812.35 17.832
0.0117408 1518.91 17.8332
0.0140101 1272.96 17.8343
0.016718 1066.85 17.8355
0.0199492 894.109 17.8368
0.023805 749.33 17.8378
0.028406 627.99 17.8387
0.0338964 526.299 17.8396
0.0404478 441.07 17.8403
0.0482656 369.639 17.8409
0.0575944 309.771 17.8411
0.0687263 259.592 17.8408
0.0820097 217.541 17.8405
0.0978606 182.289 17.8389
0.116775 152.744 17.8367
0.139345 127.979 17.8333
0.166278 107.22 17.8283
0.198416 89.8181 17.8214
0.236766 75.2288 17.8116
0.282529 62.997 17.7985
0.337136 52.7402 17.7806
0.402298 44.1386 17.7569
0.480054 36.9237 17.7254
0.572839 30.8708 17.684
0.683557 25.7914 17.6299
0.815675 21.5279 17.5598
0.973329 17.948 17.4693
1.16145 14.941 17.3533
1.38594 12.4146 17.2059
1.65382 10.2911 17.0196
1.97347 8.50586 16.786
2.3549 7.00485 16.4957
2.81005 5.74302 16.1382
3.35318 4.68283 15.7024
4.00128 3.79308 15.1772
4.77465 3.04781 14.5522
5.6975 2.42543 13.8189
6.79871 1.90801 12.972
8.11277 1.48053 12.0112
9.68081 1.13035 10.9427
11.5519 0.846697 9.78097
13.7847 0.62022 8.54954
16.449 0.44265 7.28114
19.6282 0.306522 6.0165
23.422 0.204977 4.80097
27.949 0.131677 3.68025
33.351 0.0807862 2.6943
39.7971 0.0470291 1.87162
47.4891 0.0257922 1.22485
56.6678 0.0132214 0.749225
67.6205 0.00627973 0.424639
80.6902 0.00273687 0.220839
96.2861 0.0010825 0.10423
114.896 0.000383624 0.044077
137.103 0.00011998 0.0164496
163.603 3.25187e-05 0.00532015
195.224 7.47268e-06 0.00145885
232.957 1.41829e-06 0.0003304
277.983 2.15533e-07 5.99145e-05
331.712 2.52822e-08 8.38639e-06
395.825 2.19138e-09 8.67404e-07
472.33 1.3289e-10 6.27682e-08
