1.19448e-05 1.48772e+06 17.7705
1.42678e-05 1.24555e+06 17.7712
1.70426e-05 1.04285e+06 17.7729
2.03571e-05 873105 17.7739
2.43161e-05 731026 17.7757
2.90451e-05 612036 17.7766
3.46937e-05 512428 17.7781
4.1441e-05 429031 17.7794
4.95004e-05 359206 17.7808
5.91272e-05 300742 17.782
7.06263e-05 251796 17.7834
8.43616e-05 210814 17.7846
0.000100768 176504 17.786
0.000120366 147778 17.7873
0.000143774 123727 17.7887
0.000171735 103590 17.79
0.000205134 86729.2 17.7912
0.000245029 72613.9 17.7925
0.000292682 60795.6 17.7938
0.000349603 50900.9 17.7951
0.000417593 42617.1 17.7966
0.000498807 35681 17.7979
0.000595814 29873.7 17.7992
0.000711688 25011.6 17.8004
0.000850097 20941 17.8019
0.00101542 17532.8 17.8032
0.0012129 14679.2 17.8044
0.00144879 12290.1 17.8057
0.00173055 10289.9 17.8071
0.0020671 8615.11 17.8083
0.00246911 7212.99 17.8097
0.00294931 6039.05 17.811
0.00352289 5056.18 17.8123
0.00420801 4233.27 17.8136
0.00502639 3544.27 17.8149
0.00600392 2967.42 17.8162
0.00717156 2484.48 17.8176
0.00856628 2080.11 17.8188
0.0102322 1741.56 17.8201
0.0122222 1458.1 17.8213
0.0145992 1220.79 17.8225
0.0174384 1022.09 17.8237
0.0208298 855.736 17.8248
0.0248808 716.452 17.8259
0.0297196 599.839 17.827
0.0354995 502.199 17.8278
0.0424034 420.453 17.8286
0.05065 352.009 17.8292
0.0605004 294.704 17.8297
0.0722665 246.72 17.8296
0.0863209 206.542 17.8289
0.103109 172.903 17.8278
0.123161 144.734 17.8256
0.147113 121.148 17.8225
0.175724 101.397 17.8179
0.209899 84.8565 17.8113
0.25072 71.0036 17.802
0.299479 59.401 17.7894
0.357722 49.6819 17.7723
0.427292 41.5395 17.7495
0.510391 34.7168 17.7192
0.609652 28.9987 17.6791
0.728217 24.2055 17.6268
0.86984 20.1861 17.5586
1.03901 16.8148 17.4707
1.24107 13.986 17.3576
1.48244 11.6116 17.2135
1.77074 9.61801 17.031
2.11511 7.9436 16.8016
2.52646 6.53721 16.516
3.0178 5.35604 16.1635
3.6047 4.36452 15.7328
4.30574 3.53312 15.2127
5.14312 2.83729 14.5925
6.14336 2.25662 13.8632
7.33811 1.77421 13.0194
8.76523 1.3759 12.0601
10.4699 1.0498 10.9913
12.5061 0.785791 9.82715
14.9382 0.575114 8.59119
17.8434 0.410033 7.3164
21.3136 0.283566 6.0438
25.4587 0.189313 4.81967
30.4099 0.121358 3.69048
36.3239 0.0742528 2.69716
43.3882 0.0430749 1.86894
51.8263 0.0235181 1.21886
61.9055 0.0119871 0.742068
73.9449 0.00565254 0.417976
88.3256 0.0024413 0.21563
105.503 0.000954737 0.100728
126.021 0.000333639 0.0420456
150.53 0.000102561 0.0154384
179.805 2.72148e-05 0.00489336
214.773 6.0937e-06 0.00130876
256.542 1.12043e-06 0.000287437
306.435 1.63778e-07 5.01872e-05
366.03 1.83162e-08 6.70427e-06
437.215 1.49633e-09 6.54218e-07
522.245 8.40914e-11 4.39163e-08
