1.19448e-05 493230 5.89153
1.42678e-05 412932 5.89164
1.70426e-05 345732 5.89218
2.03571e-05 289451 5.89237
2.43161e-05 242367 5.89342
2.90451e-05 202897 5.89317
3.46937e-05 169888 5.89406
4.1441e-05 142235 5.89434
4.95004e-05 119086 5.89479
5.91272e-05 99704.6 5.89525
7.06263e-05 83477.1 5.89567
8.43616e-05 69890.9 5.89611
0.000100768 58515.8 5.89654
0.000120366 48992.3 5.89699
0.000143774 41018.6 5.89742
0.000171735 34342.6 5.89784
0.000205134 28753.3 5.89828
0.000245029 24073.7 5.89875
0.000292682 20155.4 5.89913
0.000349603 16875.1 5.89958
0.000417593 14128.6 5.90002
0.000498807 11829.2 5.90047
0.000595814 9903.91 5.90089
0.000711688 8292.03 5.90134
0.000850097 6942.43 5.90174
0.00101542 5812.67 5.90232
0.0012129 4866.58 5.90269
0.00144879 4074.46 5.90302
0.00173055 3411.36 5.90352
0.0020671 2856.15 5.90396
0.00246911 2391.3 5.90439
0.00294931 2002.11 5.90482
0.00352289 1676.26 5.90527
0.00420801 1403.44 5.90571
0.00502639 1175.02 5.90613
0.00600392 983.787 5.90658
0.00717156 823.673 5.90702
0.00856628 689.613 5.90742
0.0102322 577.378 5.90787
0.0122222 483.407 5.90831
0.0145992 404.732 5.90875
0.0174384 338.86 5.90918
0.0208298 283.708 5.9096
0.0248808 237.533 5.91003
0.0297196 198.873 5.91044
0.0354995 166.505 5.91086
0.0424034 139.406 5.9113
0.05065 116.719 5.91181
0.0605004 97.7256 5.91244
0.0722665 81.8136 5.91239
0.0863209 68.4962 5.91265
0.103109 57.3488 5.91315
0.123161 48.0118 5.91319
0.147113 40.1953 5.91326
0.175724 33.6508 5.91326
0.209899 28.1711 5.91307
0.25072 23.5828 5.91266
0.299479 19.7407 5.91193
0.357722 16.5234 5.91079
0.427292 13.8291 5.90905
0.510391 11.5726 5.90653
0.609652 9.68247 5.90294
0.728217 8.09911 5.89791
0.86984 6.77245 5.89095
1.03901 5.66061 5.88141
1.24107 4.72852 5.86843
1.48244 3.94681 5.85089
1.77074 3.29092 5.82736
2.11511 2.74027 5.79597
2.52646 2.27768 5.75446
3.0178 1.88875 5.69989
3.6047 1.5615 5.62874
4.30574 1.28592 5.53684
5.14312 1.05372 5.41939
6.14336 0.85797 5.27081
7.33811 0.693043 5.08563
8.76523 0.554263 4.85824
10.4699 0.437826 4.58399
12.5061 0.340629 4.25993
14.9382 0.260139 3.88601
17.8434 0.19426 3.46626
21.3136 0.14121 3.0097
25.4587 0.0994096 2.53083
30.4099 0.0673829 2.0491
36.3239 0.0436924 1.58708
43.3882 0.0269065 1.16743
51.8263 0.0156114 0.809083
61.9055 0.00845985 0.523711
73.9449 0.00424086 0.31359
88.3256 0.00194595 0.171877
105.503 0.000807707 0.0852156
126.021 0.000299194 0.0377048
150.53 9.73539e-05 0.0146547
179.805 2.73072e-05 0.00490996
214.773 6.4555e-06 0.00138647
256.542 1.25208e-06 0.000321212
306.435 1.92997e-07 5.91408e-05
366.03 2.2771e-08 8.33488e-06
437.215 1.96668e-09 8.59863e-07
522.245 1.17525e-10 6.13768e-08
