1.19328e-05 3.76807e+07 449.637
1.42392e-05 3.11948e+07 444.189
1.69913e-05 2.58213e+07 438.739
2.02754e-05 2.13702e+07 433.29
2.41943e-05 1.76835e+07 427.838
2.88705e-05 1.46304e+07 422.388
3.44506e-05 1.21024e+07 416.934
4.11093e-05 1.00095e+07 411.483
4.90549e-05 8.27701e+06 406.027
5.85362e-05 6.84318e+06 400.574
6.98501e-05 5.65667e+06 395.119
8.33507e-05 4.67496e+06 389.661
9.94608e-05 3.86288e+06 384.205
0.000118685 3.19121e+06 378.747
0.000141624 2.63578e+06 373.289
0.000168997 2.17653e+06 367.828
0.000201661 1.79692e+06 362.368
0.000240638 1.48317e+06 356.907
0.000287149 1.22391e+06 351.445
0.000342649 1.00973e+06 345.982
0.000408876 832821 340.52
0.000487904 686726 335.056
0.000582206 566106 329.59
0.000694735 466544 324.124
0.000829013 384383 318.659
0.000989245 316595 313.19
0.00118045 260682 307.721
0.0014086 214576 302.253
0.00168086 176567 296.783
0.00200574 145239 291.312
0.0023934 119428 285.84
0.002856 98168.1 280.368
0.00340801 80661.5 274.895
0.00406671 66250.4 269.421
0.00485273 54391.3 263.946
0.00579066 44635.7 258.47
0.00690989 36613.5 252.995
0.00824543 30018.7 247.517
0.00983911 24599.7 242.04
0.0117408 20148.6 236.561
0.0140101 16493.9 231.08
0.016718 13494.5 225.6
0.0199492 11034 220.12
0.023805 9016.5 214.638
0.028406 7363.02 209.154
0.0338964 6008.64 203.671
0.0404478 4899.81 198.187
0.0482656 3992.53 192.702
0.0575944 3250.59 187.216
0.0687263 2644.23 181.728
0.0820097 2149.04 176.242
0.0978606 1744.86 170.753
0.116775 1415.23 165.264
0.139345 1146.61 159.775
0.166278 927.868 154.284
0.198416 749.909 148.794
0.236766 605.249 143.303
0.282529 487.778 137.811
0.337136 392.481 132.319
0.402298 315.26 126.828
0.480054 252.758 121.337
0.572839 202.234 115.848
0.683557 161.448 110.359
0.815675 128.573 104.874
0.973329 102.115 99.3913
1.16145 80.8595 93.9146
1.38594 63.8163 88.4456
1.65382 50.1793 82.9873
1.97347 39.293 77.5434
2.3549 30.6252 72.1191
2.81005 23.7438 66.7212
3.35318 18.2986 61.3586
4.00128 14.0063 56.0433
4.77465 10.6374 50.79
5.6975 8.00651 45.6171
6.79871 5.96412 40.5483
8.11277 4.38972 35.6128
9.68081 3.18613 30.8443
11.5519 2.27525 26.2835
13.7847 1.59422 21.9758
16.449 1.09249 17.9703
19.6282 0.729451 14.3178
23.422 0.47246 11.066
27.949 0.295337 8.25437
33.351 0.177143 5.9079
39.7971 0.10128 4.03063
47.4891 0.0547883 2.60185
56.6678 0.0278112 1.576
67.6205 0.0131248 0.887508
80.6902 0.005699 0.459854
96.2861 0.00225025 0.216667
114.896 0.000797066 0.09158
137.103 0.000249269 0.0341757
163.603 6.75325e-05 0.0110485
195.224 1.54946e-05 0.00302492
232.957 2.93066e-06 0.000682719
277.983 4.42631e-07 0.000123044
331.712 5.14207e-08 1.70569e-05
395.825 4.39398e-09 1.73925e-06
472.33 2.60998e-10 1.23277e-07
