1.20683e-05 343604 4.14671
1.45643e-05 280930 4.09156
1.75766e-05 229645 4.03639
2.1212e-05 187688 3.98122
2.55992e-05 153366 3.92604
3.08938e-05 125295 3.87085
3.72835e-05 102342 3.81565
4.49948e-05 83575.1 3.76044
5.43009e-05 68235.1 3.70523
6.55319e-05 55698.1 3.65
7.90857e-05 45454.2 3.59478
9.54428e-05 37085.3 3.53953
0.000115183 30250 3.48428
0.000139006 24668.2 3.42903
0.000167756 20111 3.37375
0.000202453 16391.4 3.31848
0.000244326 13355.9 3.2632
0.000294859 10879.4 3.20791
0.000355844 8859.51 3.15261
0.000429443 7212.34 3.09729
0.000518264 5869.54 3.04197
0.000625455 4775.15 2.98664
0.000754816 3883.48 2.93131
0.000910933 3157.16 2.87596
0.00109934 2565.73 2.82061
0.00132671 2084.28 2.76524
0.00160111 1692.49 2.70987
0.00193227 1373.77 2.6545
0.00233192 1114.58 2.5991
0.00281422 903.878 2.54371
0.00339628 732.655 2.4883
0.00409872 593.572 2.43289
0.00494645 480.641 2.37747
0.00596952 388.982 2.32204
0.00720418 314.622 2.2666
0.0086942 254.324 2.21115
0.0104924 205.452 2.15569
0.0126625 165.861 2.10022
0.0152815 133.805 2.04474
0.0184421 107.865 1.98926
0.0222565 86.886 1.93378
0.0268597 69.9289 1.87827
0.032415 56.2321 1.82276
0.0391194 45.1758 1.76725
0.0472103 36.2574 1.71173
0.0569747 29.069 1.6562
0.0687587 23.2794 1.60066
0.0829799 18.6205 1.54513
0.100142 14.8746 1.48958
0.120855 11.8658 1.43404
0.145851 9.45138 1.37849
0.176017 7.51606 1.32295
0.212422 5.96651 1.26742
0.256357 4.7274 1.2119
0.309378 3.73786 1.15641
0.373366 2.94871 1.10095
0.450589 2.32039 1.04554
0.543783 1.82095 0.990202
0.656252 1.42468 0.934952
0.791983 1.11092 0.879831
0.955788 0.86304 0.824883
1.15347 0.667688 0.770159
1.39204 0.514159 0.71573
1.67995 0.393876 0.661694
2.02741 0.299965 0.608153
2.44674 0.226938 0.555258
2.95279 0.170406 0.503175
3.56351 0.126874 0.452116
4.30055 0.0935527 0.402328
5.19002 0.0682264 0.354096
6.26346 0.049135 0.307755
7.55891 0.0348811 0.263663
9.12231 0.0243591 0.222211
11.0091 0.0166943 0.183788
13.286 0.011198 0.148778
16.0339 0.00732877 0.117509
19.3502 0.00466363 0.0902422
23.3524 0.00287396 0.0671139
28.1823 0.00170752 0.048122
34.0112 0.000973236 0.0331009
41.0456 0.000529154 0.0217195
49.535 0.000272753 0.0135108
59.7802 0.000132373 0.00791328
72.1444 6.00299e-05 0.00433082
87.0659 2.52221e-05 0.00219598
105.073 9.72931e-06 0.00102229
126.806 3.4116e-06 0.00043261
153.032 1.0765e-06 0.00016474
184.684 3.02523e-07 5.58712e-05
222.882 7.49336e-08 1.67013e-05
268.98 1.6194e-08 4.35586e-06
324.612 3.01917e-09 9.80059e-07
391.751 4.79583e-10 1.87877e-07
472.776 6.39868e-11 3.02514e-08
570.559 7.05304e-12 4.02417e-09
688.566 6.30243e-13 4.33964e-10
830.981 4.47203e-14 3.71617e-11
1002.85 2.46809e-15 2.47513e-12
1210.27 1.04121e-16 1.26015e-13
1460.59 3.32613e-18 4.8581e-15
