1.19328e-05 3.57198e+07 426.238
1.42392e-05 2.95514e+07 420.787
1.69913e-05 2.4444e+07 415.336
2.02754e-05 2.02159e+07 409.885
2.41943e-05 1.6716e+07 404.432
2.88705e-05 1.38196e+07 398.98
3.44506e-05 1.14229e+07 393.525
4.11093e-05 9.43999e+06 388.071
4.90549e-05 7.79973e+06 382.615
5.85362e-05 6.44317e+06 377.159
6.98501e-05 5.32143e+06 371.702
8.33507e-05 4.394e+06 366.243
9.94608e-05 3.62741e+06 360.785
0.000118685 2.99386e+06 355.326
0.000141624 2.47038e+06 349.866
0.000168997 2.03792e+06 344.403
0.000201661 1.68075e+06 338.941
0.000240638 1.38581e+06 333.478
0.000287149 1.14232e+06 328.015
0.000342649 941344 322.55
0.000408876 775508 317.087
0.000487904 638692 311.62
0.000582206 525850 306.153
0.000694735 432806 300.685
0.000829013 356107 295.218
0.000989245 292898 289.748
0.00118045 240822 284.277
0.0014086 197931 278.807
0.00168086 162617 273.336
0.00200574 133548 267.862
0.0023934 109630 262.389
0.002856 89956.4 256.916
0.00340801 73779.3 251.441
0.00406671 60482.5 245.965
0.00485273 49557.4 240.488
0.00579066 40584.4 235.011
0.00690989 33218.1 229.534
0.00824543 27173.1 224.054
0.00983911 22214.9 218.575
0.0117408 18149.9 213.095
0.0140101 14818.8 207.613
0.016718 12090.6 202.131
0.0199492 9857.48 196.649
0.023805 8030.46 191.165
0.028406 6536.66 185.681
0.0338964 5316.09 180.196
0.0404478 4319.41 174.711
0.0482656 3506.11 169.225
0.0575944 2842.95 163.738
0.0687263 2302.62 158.251
0.0820097 1862.75 152.764
0.0978606 1504.97 147.277
0.116775 1214.21 141.79
0.139345 978.174 136.304
0.166278 786.743 130.818
0.198416 631.679 125.335
0.236766 506.212 119.854
0.282529 404.832 114.377
0.337136 323.027 108.904
0.402298 257.119 103.438
0.480054 204.105 97.9814
0.572839 161.541 92.5368
0.683557 127.433 87.1076
0.815675 100.161 81.6992
0.973329 78.4082 76.317
1.16145 61.1038 70.9693
1.38594 47.3797 65.6655
1.65382 36.5319 60.417
1.97347 27.9904 55.2381
2.3549 21.2941 50.1455
2.81005 16.0706 45.1593
3.35318 12.0193 40.303
4.00128 8.89808 35.6037
4.77465 6.51173 31.0913
5.6975 4.70338 26.7975
6.79871 3.34723 22.7569
8.11277 2.34247 19.0039
9.68081 1.60839 15.5705
11.5519 1.08078 12.4851
13.7847 0.708719 9.76946
16.449 0.452027 7.43538
19.6282 0.279393 5.48398
23.422 0.16665 3.90328
27.949 0.0954785 2.66853
33.351 0.0522693 1.74323
39.7971 0.0271841 1.08185
47.4891 0.0133451 0.633746
56.6678 0.0061397 0.347923
67.6205 0.00262579 0.177557
80.6902 0.00103426 0.0834543
96.2861 0.000371141 0.0357357
114.896 0.000119782 0.0137625
137.103 3.42314e-05 0.00469325
163.603 8.49999e-06 0.00139062
195.224 1.79228e-06 0.000349897
232.957 3.1219e-07 7.27268e-05
277.983 4.34724e-08 1.20846e-05
331.712 4.65434e-09 1.5439e-06
395.825 3.65393e-10 1.44632e-07
472.33 1.97608e-11 9.33361e-09
