1.19333e-05 3.57241e+07 426.308
1.42405e-05 2.95535e+07 420.856
1.69936e-05 2.44446e+07 415.403
2.02791e-05 2.02155e+07 409.951
2.41997e-05 1.6715e+07 404.497
2.88783e-05 1.38181e+07 399.043
3.44615e-05 1.14211e+07 393.587
4.1124e-05 9.43807e+06 388.132
4.90747e-05 7.79778e+06 382.674
5.85625e-05 6.44127e+06 377.217
6.98846e-05 5.31961e+06 371.759
8.33956e-05 4.39229e+06 366.298
9.95188e-05 3.62583e+06 360.838
0.000118759 2.99242e+06 355.378
0.000141719 2.46908e+06 349.916
0.000169119 2.03675e+06 344.452
0.000201815 1.6797e+06 338.989
0.000240832 1.38488e+06 333.525
0.000287394 1.1415e+06 328.06
0.000342956 940628 322.594
0.000409261 774878 317.128
0.000488386 638146 311.661
0.000582807 525376 306.193
0.000695483 432395 300.724
0.000829944 355751 295.253
0.0009904 292592 289.783
0.00118188 240559 284.311
0.00141037 197706 278.84
0.00168305 162424 273.367
0.00200844 133384 267.893
0.00239674 109490 262.418
0.00286011 89836.8 256.943
0.00341306 73677.8 251.467
0.00407292 60396.3 245.99
0.00486036 49484.4 240.512
0.00580003 40522.7 235.033
0.00692137 33166 229.554
0.0082595 27129.1 224.073
0.00985634 22177.9 218.593
0.0117619 18118.7 213.11
0.0140359 14792.6 207.628
0.0167495 12068.7 202.144
0.0199877 9839.03 196.66
0.023852 8015.08 191.176
0.0284635 6523.8 185.69
0.0339664 5305.36 180.204
0.0405333 4310.47 174.717
0.0483697 3498.68 169.23
0.0577212 2836.77 163.742
0.0688807 2297.5 158.253
0.0821976 1858.51 152.765
0.0980892 1501.46 147.277
0.117053 1211.31 141.788
0.139683 975.785 136.301
0.166689 784.777 130.814
0.198916 630.06 125.329
0.237373 504.889 119.847
0.283265 403.75 114.368
0.33803 322.144 108.894
0.403382 256.4 103.427
0.48137 203.522 97.9692
0.574435 161.067 92.5227
0.685492 127.052 87.0931
0.818021 99.8544 81.683
0.976172 78.163 76.3006
1.1649 60.9083 70.9521
1.39011 47.2246 65.6476
1.65887 36.4096 60.3987
1.97959 27.8945 55.2196
2.36231 21.2196 50.1271
2.81902 16.0132 45.1414
3.36403 11.9755 40.286
4.01441 8.86504 35.5879
4.79053 6.48711 31.0767
5.71671 4.68549 26.7856
6.82194 3.33448 22.7476
8.14085 2.33363 18.9977
9.71475 1.60247 15.5676
11.5929 1.07701 12.4857
13.8343 0.706454 9.77327
16.5089 0.450816 7.44246
19.7006 0.278853 5.49358
23.5094 0.166512 3.91459
28.0546 0.0955501 2.68062
33.4785 0.0524254 1.75512
39.951 0.02735 1.09266
47.6748 0.0134837 0.642831
56.892 0.00623911 0.354956
67.8912 0.00268873 0.182541
81.0168 0.00106969 0.086663
96.6801 0.000388848 0.0375939
115.372 0.000127579 0.014719
137.677 3.72213e-05 0.00512451
164.294 9.48261e-06 0.00155794
196.058 2.06345e-06 0.000404556
233.963 3.73462e-07 8.73762e-05
279.196 5.447e-08 1.52078e-05
333.174 6.16729e-09 2.05478e-06
397.587 5.18415e-10 2.06115e-07
474.455 3.05961e-11 1.45165e-08
