1.19333e-05 3.57221e+07 426.283
1.42405e-05 2.95518e+07 420.831
1.69936e-05 2.44432e+07 415.378
2.02791e-05 2.02143e+07 409.927
2.41997e-05 1.67139e+07 404.472
2.88783e-05 1.38172e+07 399.019
3.44615e-05 1.14204e+07 393.562
4.1124e-05 9.43748e+06 388.107
4.90747e-05 7.79728e+06 382.649
5.85625e-05 6.44085e+06 377.192
6.98846e-05 5.31926e+06 371.734
8.33956e-05 4.392e+06 366.274
9.95188e-05 3.62558e+06 360.814
0.000118759 2.99222e+06 355.353
0.000141719 2.46891e+06 349.892
0.000169119 2.03661e+06 344.428
0.000201815 1.67958e+06 338.965
0.000240832 1.38478e+06 333.501
0.000287394 1.14142e+06 328.036
0.000342956 940556 322.57
0.000409261 774818 317.103
0.000488386 638096 311.637
0.000582807 525334 306.168
0.000695483 432360 300.699
0.000829944 355721 295.229
0.0009904 292568 289.759
0.00118188 240538 284.287
0.00141037 197689 278.815
0.00168305 162409 273.343
0.00200844 133371 267.868
0.00239674 109480 262.394
0.00286011 89828.3 256.918
0.00341306 73670.6 251.442
0.00407292 60390.3 245.965
0.00486036 49479.3 240.487
0.00580003 40518.5 235.008
0.00692137 33162.4 229.529
0.0082595 27126.2 224.049
0.00985634 22175.4 218.568
0.0117619 18116.6 213.085
0.0140359 14790.9 207.603
0.0167495 12067.2 202.12
0.0199877 9837.81 196.635
0.023852 8014.05 191.151
0.0284635 6522.94 185.665
0.0339664 5304.64 180.18
0.0405333 4309.87 174.693
0.0483697 3498.17 169.205
0.0577212 2836.35 163.717
0.0688807 2297.14 158.229
0.0821976 1858.21 152.741
0.0980892 1501.21 147.252
0.117053 1211.1 141.764
0.139683 975.609 136.276
0.166689 784.63 130.789
0.198916 629.937 125.304
0.237373 504.786 119.822
0.283265 403.664 114.344
0.33803 322.071 108.87
0.403382 256.34 103.403
0.48137 203.471 97.9447
0.574435 161.025 92.4982
0.685492 127.016 87.0685
0.818021 99.8244 81.6585
0.976172 78.1379 76.2761
1.1649 60.8873 70.9276
1.39011 47.2071 65.6232
1.65887 36.3949 60.3744
1.97959 27.8822 55.1953
2.36231 21.2093 50.1029
2.81902 16.0046 45.1173
3.36403 11.9684 40.262
4.01441 8.85914 35.5642
4.79053 6.48222 31.0533
5.71671 4.68146 26.7626
6.82194 3.33118 22.7251
8.14085 2.33093 18.9758
9.71475 1.60029 15.5465
11.5929 1.07527 12.4655
13.8343 0.705078 9.75422
16.5089 0.449746 7.42481
19.7006 0.278039 5.47755
23.5094 0.165908 3.90039
28.0546 0.0951151 2.66841
33.4785 0.0521232 1.745
39.951 0.027149 1.08463
47.6748 0.0133567 0.636779
56.892 0.00616358 0.350658
67.8912 0.00264682 0.179696
81.0168 0.00104823 0.0849246
96.6801 0.000378835 0.0366258
115.372 0.000123379 0.0142344
137.677 3.56628e-05 0.00490994
164.294 8.98071e-06 0.00147548
196.058 1.9263e-06 0.000377667
233.963 3.42503e-07 8.01329e-05
279.196 4.88755e-08 1.36458e-05
333.174 5.38711e-09 1.79484e-06
397.587 4.37934e-10 1.74117e-07
474.455 2.475e-11 1.17427e-08
