1.19448e-05 3.78903e+07 452.591
1.42678e-05 3.1337e+07 447.111
1.70426e-05 2.59135e+07 441.633
2.03571e-05 2.14251e+07 436.151
2.43161e-05 1.77113e+07 430.67
2.90451e-05 1.46389e+07 425.188
3.46937e-05 1.20974e+07 419.705
4.1441e-05 9.99548e+06 414.222
4.95004e-05 8.25728e+06 408.739
5.91272e-05 6.82008e+06 403.252
7.06263e-05 5.632e+06 397.767
8.43616e-05 4.64997e+06 392.279
0.000100768 3.83843e+06 386.792
0.000120366 3.16788e+06 381.304
0.000143774 2.61392e+06 375.815
0.000171735 2.15637e+06 370.325
0.000205134 1.7785e+06 364.832
0.000245029 1.46652e+06 359.341
0.000292682 1.20898e+06 353.848
0.000349603 996430 348.355
0.000417593 821043 342.862
0.000498807 676348 337.367
0.000595814 557003 331.871
0.000711688 458591 326.374
0.000850097 377460 320.877
0.00101542 310588 315.379
0.0012129 255485 309.879
0.00144879 210092 304.379
0.00173055 172708 298.879
0.0020671 141926 293.377
0.00246911 116590 287.875
0.00294931 95741.8 282.372
0.00352289 78591.3 276.868
0.00420801 64487.2 271.363
0.00502639 52892.3 265.857
0.00600392 43363.5 260.351
0.00717156 35535.4 254.844
0.00856628 29106.7 249.336
0.0102322 23829.3 243.827
0.0122222 19498.7 238.317
0.0145992 15946.6 232.807
0.0174384 13034.2 227.295
0.0208298 10647.4 221.783
0.0248808 8692.24 216.27
0.0297196 7091.51 210.757
0.0354995 5781.54 205.242
0.0424034 4710.16 199.727
0.05065 3834.37 194.211
0.0605004 3118.89 188.694
0.0722665 2534.74 183.177
0.0863209 2058.1 177.657
0.103109 1669.49 172.139
0.123161 1352.85 166.618
0.147113 1095.06 161.098
0.175724 885.35 155.577
0.209899 714.894 150.055
0.25072 576.471 144.533
0.299479 464.172 139.01
0.357722 373.159 133.487
0.427292 299.479 127.965
0.510391 239.899 122.442
0.609652 191.782 116.921
0.728217 152.978 111.401
0.86984 121.727 105.883
1.03901 96.6018 100.37
1.24107 76.4347 94.861
1.48244 60.2788 89.3595
1.77074 47.3634 83.8682
2.11511 37.0619 78.3901
2.52646 28.8671 72.9316
3.0178 22.3668 67.4986
3.6047 17.2274 62.0998
4.30574 13.1794 56.7471
5.14312 10.0045 51.4545
6.14336 7.52694 46.2406
7.33811 5.60493 41.1296
8.76523 4.1241 36.1487
10.4699 2.99269 31.3331
12.5061 2.1368 26.7229
14.9382 1.49708 22.3638
17.8434 1.02592 18.3059
21.3136 0.685022 14.6003
25.4587 0.443714 11.2964
30.4099 0.277381 8.43511
36.3239 0.166369 6.04319
43.3882 0.0951042 4.1264
51.8263 0.0514271 2.66528
61.9055 0.0260855 1.61484
73.9449 0.0122952 0.90917
88.3256 0.00532886 0.470675
105.503 0.00209848 0.221397
126.021 0.000740586 0.0933297
150.53 0.000230474 0.0346933
179.805 6.20418e-05 0.0111554
214.773 1.41178e-05 0.00303212
256.542 2.64218e-06 0.000677831
306.435 3.93734e-07 0.000120654
366.03 4.49675e-08 1.64595e-05
437.215 3.76028e-09 1.64405e-06
522.245 2.17192e-10 1.13428e-07
