1.19328e-05 1.47965e+06 17.6563
1.42392e-05 1.2401e+06 17.6581
1.69913e-05 1.03931e+06 17.6592
2.02754e-05 871028 17.6605
2.41943e-05 729988 17.6615
2.88705e-05 611809 17.6632
3.44506e-05 512739 17.6642
4.11093e-05 429725 17.6657
4.90549e-05 360144 17.6668
5.85362e-05 301834 17.6682
6.98501e-05 252965 17.6696
8.33507e-05 212004 17.6707
9.94608e-05 177679 17.6721
0.000118685 148911 17.6735
0.000141624 124801 17.6748
0.000168997 104593 17.6759
0.000201661 87658.2 17.6772
0.000240638 73465.3 17.6785
0.000287149 61570.2 17.6798
0.000342649 51601.3 17.6811
0.000408876 43246.9 17.6826
0.000487904 36244.6 17.6839
0.000582206 30376.1 17.6851
0.000694735 25457.7 17.6864
0.000829013 21336 17.6878
0.000989245 17881.3 17.6889
0.00118045 14986 17.6902
0.0014086 12559.7 17.6916
0.00168086 10526.1 17.693
0.00200574 8821.77 17.6941
0.0023934 7393.43 17.6955
0.002856 6196.35 17.6968
0.00340801 5193.08 17.6981
0.00406671 4352.26 17.6994
0.00485273 3647.56 17.7006
0.00579066 3056.97 17.7019
0.00690989 2562.02 17.7032
0.00824543 2147.18 17.7044
0.00983911 1799.53 17.7057
0.0117408 1508.16 17.707
0.0140101 1263.95 17.7081
0.016718 1059.3 17.7093
0.0199492 887.78 17.7105
0.023805 744.026 17.7115
0.028406 623.545 17.7124
0.0338964 522.574 17.7133
0.0404478 437.949 17.7141
0.0482656 367.024 17.7146
0.0575944 307.579 17.7148
0.0687263 257.755 17.7145
0.0820097 216.001 17.7142
0.0978606 180.998 17.7125
0.116775 151.662 17.7103
0.139345 127.073 17.707
0.166278 106.46 17.702
0.198416 89.1814 17.695
0.236766 74.6952 17.6853
0.282529 62.5498 17.6721
0.337136 52.3655 17.6543
0.402298 43.8246 17.6305
0.480054 36.6606 17.5991
0.572839 30.6504 17.5577
0.683557 25.6068 17.5037
0.815675 21.3733 17.4336
0.973329 17.8185 17.3432
1.16145 14.8326 17.2274
1.38594 12.3239 17.0802
1.65382 10.2152 16.8941
1.97347 8.44247 16.6609
2.3549 6.95194 16.3711
2.81005 5.6989 16.0142
3.35318 4.64611 15.5792
4.00128 3.76259 15.0552
4.77465 3.02257 14.4317
5.6975 2.40462 13.7003
6.79871 1.89093 12.8559
8.11277 1.46661 11.8983
9.68081 1.11909 10.8337
11.5519 0.837689 9.67691
13.7847 0.613107 8.45148
16.449 0.437125 7.19025
19.6282 0.302316 5.93394
23.422 0.201854 4.72782
27.949 0.129427 3.61737
33.351 0.0792232 2.64217
39.7971 0.0459893 1.83024
47.4891 0.0251351 1.19364
56.6678 0.0128302 0.727061
67.6205 0.00606261 0.409957
80.6902 0.00262567 0.211866
96.2861 0.00103059 0.0992314
114.896 0.00036184 0.0415741
137.103 0.000111894 0.0153411
163.603 2.99145e-05 0.0048941
195.224 6.76118e-06 0.00131994
232.957 1.25776e-06 0.000293004
277.983 1.86553e-07 5.18585e-05
331.712 2.12472e-08 7.04794e-06
395.825 1.7761e-09 7.03024e-07
472.33 1.02815e-10 4.85626e-08
