1.19328e-05 3.57221e+07 426.265
1.42392e-05 2.95533e+07 420.814
1.69913e-05 2.44456e+07 415.363
2.02754e-05 2.02172e+07 409.912
2.41943e-05 1.67172e+07 404.459
2.88705e-05 1.38206e+07 399.007
3.44506e-05 1.14237e+07 393.552
4.11093e-05 9.44065e+06 388.098
4.90549e-05 7.80028e+06 382.642
5.85362e-05 6.44364e+06 377.186
6.98501e-05 5.32182e+06 371.729
8.33507e-05 4.39433e+06 366.27
9.94608e-05 3.62768e+06 360.812
0.000118685 2.99409e+06 355.353
0.000141624 2.47058e+06 349.893
0.000168997 2.03808e+06 344.43
0.000201661 1.68088e+06 338.968
0.000240638 1.38592e+06 333.506
0.000287149 1.14241e+06 328.042
0.000342649 941424 322.578
0.000408876 775575 317.114
0.000487904 638748 311.648
0.000582206 525897 306.18
0.000694735 432845 300.712
0.000829013 356140 295.245
0.000989245 292925 289.775
0.00118045 240845 284.304
0.0014086 197951 278.834
0.00168086 162633 273.363
0.00200574 133562 267.89
0.0023934 109642 262.417
0.002856 89965.9 256.943
0.00340801 73787.3 251.468
0.00406671 60489.2 245.992
0.00485273 49563 240.516
0.00579066 40589.1 235.038
0.00690989 33222.1 229.561
0.00824543 27176.4 224.081
0.00983911 22217.7 218.602
0.0117408 18152.2 213.122
0.0140101 14820.7 207.64
0.016718 12092.3 202.158
0.0199492 9858.85 196.676
0.023805 8031.61 191.192
0.028406 6537.62 185.708
0.0338964 5316.89 180.223
0.0404478 4320.08 174.738
0.0482656 3506.68 169.252
0.0575944 2843.42 163.765
0.0687263 2303.02 158.278
0.0820097 1863.09 152.791
0.0978606 1505.25 147.304
0.116775 1214.45 141.817
0.139345 978.37 136.331
0.166278 786.907 130.845
0.198416 631.816 125.363
0.236766 506.327 119.881
0.282529 404.929 114.404
0.337136 323.108 108.931
0.402298 257.187 103.466
0.480054 204.162 98.0087
0.572839 161.588 92.5641
0.683557 127.473 87.1348
0.815675 100.195 81.7264
0.973329 78.4362 76.3442
1.16145 61.1272 70.9965
1.38594 47.3993 65.6926
1.65382 36.5483 60.4441
1.97347 28.0041 55.2651
2.3549 21.3056 50.1724
2.81005 16.0802 45.1861
3.35318 12.0273 40.3296
4.00128 8.90466 35.6301
4.77465 6.51718 31.1172
5.6975 4.70786 26.823
6.79871 3.35091 22.7819
8.11277 2.34547 19.0282
9.68081 1.61081 15.5939
11.5519 1.08272 12.5075
13.7847 0.710246 9.79052
16.449 0.453211 7.45486
19.6282 0.280292 5.50164
23.422 0.167317 3.91889
27.949 0.0959571 2.68191
33.351 0.0526006 1.75428
39.7971 0.0274035 1.09058
47.4891 0.013483 0.640295
56.6678 0.00622125 0.352544
67.6205 0.00267071 0.180595
80.6902 0.00105706 0.0852942
96.2861 0.000381673 0.0367498
114.896 0.000124147 0.0142641
137.103 3.58287e-05 0.00491224
163.603 9.00602e-06 0.00147341
195.224 1.92794e-06 0.000376381
232.957 3.42144e-07 7.9705e-05
277.983 4.8749e-08 1.35514e-05
331.712 5.36894e-09 1.78094e-06
395.825 4.36675e-10 1.72847e-07
472.33 2.4742e-11 1.16864e-08
