1.19333e-05 3.77507e+07 450.492
1.42405e-05 3.1252e+07 445.042
1.69936e-05 2.5868e+07 439.591
2.02791e-05 2.14083e+07 434.141
2.41997e-05 1.77146e+07 428.688
2.88783e-05 1.46559e+07 423.237
3.44615e-05 1.21232e+07 417.782
4.1124e-05 1.00265e+07 412.329
4.90747e-05 8.29088e+06 406.872
5.85625e-05 6.85451e+06 401.417
6.98846e-05 5.66593e+06 395.961
8.33956e-05 4.68252e+06 390.502
9.95188e-05 3.86906e+06 385.044
0.000118759 3.19626e+06 379.586
0.000141719 2.63991e+06 374.126
0.000169119 2.17991e+06 368.663
0.000201815 1.79968e+06 363.202
0.000240832 1.48543e+06 357.74
0.000287394 1.22576e+06 352.277
0.000342956 1.01124e+06 346.813
0.000409261 834057 341.348
0.000488386 687742 335.883
0.000582807 566940 330.417
0.000695483 467228 324.949
0.000829944 384942 319.48
0.0009904 317056 314.012
0.00118188 261061 308.542
0.00141037 214888 303.072
0.00168305 176823 297.602
0.00200844 145451 292.129
0.00239674 119603 286.656
0.00286011 98311.9 281.183
0.00341306 80780.3 275.708
0.00407292 66348.6 270.233
0.00486036 54472.7 264.757
0.00580003 44703.1 259.279
0.00692137 36669.4 253.803
0.0082595 30065.2 248.323
0.00985634 24638.4 242.845
0.0117619 20180.7 237.364
0.0140359 16520.7 231.883
0.0167495 13516.9 226.401
0.0199877 11052.7 220.919
0.023852 9032.19 215.436
0.0284635 7376.18 209.951
0.0339664 6019.68 204.467
0.0405333 4909.09 198.981
0.0483697 4000.33 193.495
0.0577212 3257.16 188.007
0.0688807 2649.78 182.519
0.0821976 2153.73 177.031
0.0980892 1748.83 171.541
0.117053 1418.59 166.051
0.139683 1149.46 160.56
0.166689 930.282 155.068
0.198916 751.955 149.576
0.237373 606.993 144.084
0.283265 489.262 138.591
0.33803 393.745 133.098
0.403382 316.338 127.605
0.48137 253.677 122.112
0.574435 203.018 116.62
0.685492 162.119 111.131
0.818021 129.144 105.643
0.976172 102.604 100.159
1.1649 81.2777 94.6804
1.39011 64.1738 89.2088
1.65887 50.4847 83.7475
1.97959 39.5538 78.3001
2.36231 30.8477 72.8716
2.81902 23.9333 67.4685
3.36403 18.4598 62.0994
4.01441 14.143 56.776
4.79053 10.7529 51.5119
5.71671 8.10377 46.3269
6.82194 6.0455 41.242
8.14085 4.45733 36.2864
9.71475 3.24179 31.4932
11.5929 2.32054 26.9019
13.8343 1.63055 22.5574
16.5089 1.12114 18.5088
19.7006 0.751564 14.8063
23.5094 0.489088 11.4982
28.0546 0.307454 8.6255
33.4785 0.18565 6.21527
39.951 0.106992 4.27445
47.6748 0.0584302 2.78565
56.892 0.0299963 1.70655
67.8912 0.0143469 0.974028
81.0168 0.0063294 0.512787
96.6801 0.00254662 0.246208
115.372 0.000922339 0.106412
137.677 0.000296124 0.0407694
164.294 8.27503e-05 0.0135954
196.058 1.96917e-05 0.00386072
233.963 3.8879e-06 0.000909625
279.196 6.17635e-07 0.000172441
333.174 7.61539e-08 2.53725e-05
397.587 6.98539e-09 2.7773e-06
474.455 4.52768e-10 2.14818e-07
