1.19342e-05 531458 6.34251
1.42424e-05 445403 6.34361
1.69971e-05 373237 6.34396
2.02847e-05 312752 6.34408
2.42081e-05 262109 6.34516
2.88903e-05 219632 6.34524
3.44782e-05 184051 6.34575
4.11468e-05 154235 6.34627
4.91053e-05 129247 6.34671
5.8603e-05 108308 6.34715
6.99378e-05 90761.1 6.34763
8.34649e-05 76057.3 6.34812
9.96084e-05 63735.3 6.34857
0.000118874 53409.8 6.34906
0.000141867 44757.3 6.34957
0.000169306 37505.8 6.34995
0.000202052 31429.7 6.35045
0.000241133 26338 6.35094
0.000287772 22070.9 6.35137
0.000343431 18495.3 6.35187
0.000409857 15498.8 6.3523
0.00048913 12987.9 6.35278
0.000583735 10883.8 6.35325
0.000696639 9120.53 6.35372
0.000831381 7642.98 6.35423
0.000992184 6404.62 6.35456
0.00118409 5367 6.355
0.00141311 4497.6 6.3556
0.00168643 3768.95 6.35606
0.00201261 3158.34 6.35652
0.00240188 2646.66 6.35697
0.00286645 2217.89 6.35746
0.00342087 1858.57 6.35791
0.00408252 1557.47 6.35841
0.00487214 1305.15 6.35889
0.0058145 1093.7 6.35932
0.00693911 916.513 6.35979
0.00828125 768.028 6.36023
0.00988298 643.603 6.36072
0.0117945 539.333 6.36117
0.0140758 451.957 6.36164
0.0167982 378.737 6.36212
0.0200473 317.377 6.36255
0.0239248 265.959 6.36302
0.0285522 222.871 6.36347
0.0340747 186.763 6.36389
0.0406653 156.503 6.36426
0.0485306 131.146 6.36459
0.0579173 109.898 6.36497
0.0691194 92.0945 6.36552
0.0824882 77.1779 6.36627
0.0984428 64.6702 6.36632
0.117483 54.1895 6.36636
0.140206 45.4076 6.36644
0.167325 38.0482 6.36641
0.199688 31.8808 6.36621
0.238311 26.7119 6.36574
0.284404 22.3799 6.36493
0.339413 18.749 6.36366
0.405061 15.7057 6.36175
0.483406 13.1545 6.35898
0.576905 11.0157 6.35503
0.688487 9.22249 6.34957
0.821652 7.71859 6.34199
0.980573 6.45707 6.33163
1.17023 5.39859 6.31761
1.39657 4.51002 6.29858
1.66669 3.76383 6.27316
1.98906 3.13682 6.23933
2.37378 2.60961 6.19464
2.83291 2.16597 6.13599
3.38084 1.79236 6.05966
4.03474 1.47747 5.96122
4.81513 1.21188 5.83538
5.74646 0.987884 5.67683
6.85791 0.798964 5.47922
8.18435 0.639862 5.23685
9.76733 0.506254 4.94475
11.6565 0.394612 4.59979
13.9111 0.30205 4.20183
16.6017 0.22618 3.75497
19.8127 0.164971 3.26853
23.6448 0.116623 2.75752
28.2181 0.0794604 2.24222
33.676 0.0518551 1.74627
40.1895 0.0321878 1.29361
47.9628 0.0188597 0.904563
57.2395 0.0103442 0.592094
68.3106 0.00526268 0.359497
81.523 0.00245866 0.200437
97.2909 0.00104301 0.101475
116.109 0.000396626 0.0460516
138.566 0.000133175 0.0184536
165.367 3.87796e-05 0.00641286
197.351 9.58411e-06 0.00189144
235.522 1.95921e-06 0.000461438
281.076 3.21323e-07 9.03163e-05
335.441 4.07898e-08 1.36826e-05
400.321 3.84211e-09 1.53808e-06
477.749 2.55175e-10 1.2191e-07
