1.19443e-05 3.59818e+07 429.776
1.42665e-05 2.97407e+07 424.297
1.70403e-05 2.45781e+07 418.818
2.03534e-05 2.0308e+07 413.336
2.43106e-05 1.67769e+07 407.856
2.90372e-05 1.38571e+07 402.373
3.46828e-05 1.14434e+07 396.889
4.1426e-05 9.44831e+06 391.406
4.94803e-05 7.7995e+06 385.922
5.91006e-05 6.43708e+06 380.435
7.05912e-05 5.31156e+06 374.95
8.4316e-05 4.38188e+06 369.463
0.000100709 3.61411e+06 363.974
0.00012029 2.98018e+06 358.485
0.000143677 2.45687e+06 352.996
0.000171612 2.02496e+06 347.506
0.000204977 1.66855e+06 342.015
0.00024483 1.37451e+06 336.521
0.000292431 1.13199e+06 331.028
0.000349288 932000 325.536
0.000417198 767121 320.042
0.000498312 631223 314.546
0.000595197 519239 309.05
0.000710919 426986 303.552
0.00084914 351009 298.056
0.00101423 288451 292.556
0.00121143 236957 287.056
0.00144696 194585 281.557
0.00172829 159728 276.056
0.00206431 131063 270.554
0.00246567 107497 265.051
0.00294505 88130.2 259.548
0.00351765 72219.8 254.044
0.00420157 59153.8 248.539
0.00501846 48427.7 243.033
0.00599418 39626.1 237.526
0.00715961 32406.7 232.019
0.00855162 26487.4 226.51
0.0102143 21636.6 221.002
0.0122002 17662.9 215.491
0.0145722 14409.6 209.981
0.0174054 11747.4 204.469
0.0207895 9570.06 198.957
0.0248315 7790.24 193.444
0.0296594 6336.29 187.93
0.035426 5149.23 182.417
0.0423137 4180.7 176.901
0.0505405 3391.04 171.385
0.0603669 2747.68 165.869
0.0721038 2223.91 160.353
0.0861226 1797.86 154.836
0.102867 1451.57 149.318
0.122867 1170.39 143.802
0.146756 942.284 138.285
0.175289 757.437 132.77
0.209369 607.807 127.256
0.250076 486.828 121.744
0.298697 389.142 116.236
0.356772 310.37 110.731
0.426138 246.947 105.234
0.50899 195.964 99.7437
0.60795 155.053 94.2646
0.726152 122.29 88.8011
0.867334 96.1056 83.3557
1.03597 75.2304 77.9361
1.23738 58.6302 72.5482
1.47796 45.469 67.2016
1.76532 35.0686 61.9073
2.10854 26.8803 56.6783
2.5185 20.4615 51.5322
3.00816 15.4539 46.4879
3.59302 11.5691 41.568
4.2916 8.57479 36.7995
5.12599 6.28402 32.2119
6.12262 4.54655 27.8368
7.31302 3.24205 23.7092
8.73485 2.27407 19.8636
10.4331 1.5656 16.3341
12.4616 1.05526 13.1503
14.8845 0.694411 10.3359
17.7784 0.444664 7.90541
21.235 0.276073 5.8624
25.3636 0.165504 4.19779
30.2949 0.0953602 2.88893
36.185 0.0525353 1.90099
43.2203 0.0275155 1.18923
51.6235 0.013614 0.7028
61.6604 0.00631812 0.389578
73.6488 0.00272835 0.200939
87.968 0.00108629 0.0955585
105.071 0.000394523 0.041453
125.5 0.00012905 0.0161957
149.9 3.74386e-05 0.00561205
179.045 9.45405e-06 0.0016927
213.856 2.03123e-06 0.00043439
255.435 3.61275e-07 9.2282e-05
305.098 5.14837e-08 1.57076e-05
364.417 5.655e-09 2.06078e-06
435.269 4.56956e-10 1.98899e-07
519.896 2.55916e-11 1.3305e-08
