1.19339e-05 3.57169e+07 426.241
1.42417e-05 2.95461e+07 420.788
1.69959e-05 2.44373e+07 415.334
2.02827e-05 2.02084e+07 409.881
2.42051e-05 1.67082e+07 404.425
2.88861e-05 1.38118e+07 398.97
3.44723e-05 1.14153e+07 393.512
4.11389e-05 9.43282e+06 388.055
4.90946e-05 7.79304e+06 382.596
5.85889e-05 6.43701e+06 377.138
6.99192e-05 5.31582e+06 371.678
8.34408e-05 4.38894e+06 366.216
9.95772e-05 3.62287e+06 360.755
0.000118834 2.98982e+06 355.293
0.000141815 2.4668e+06 349.83
0.000169241 2.03477e+06 344.365
0.00020197 1.67798e+06 338.9
0.000241028 1.38339e+06 333.435
0.00028764 1.14021e+06 327.969
0.000343266 939509 322.501
0.000409649 773914 317.033
0.00048887 637318 311.566
0.000583412 524665 306.096
0.000696236 431786 300.625
0.00083088 355230 295.153
0.000991561 292148 289.682
0.00118332 240180 284.209
0.00141216 197383 278.736
0.00168525 162149 273.262
0.00201116 133150 267.786
0.00240009 109292 262.31
0.00286424 89669.1 256.833
0.00341814 73535.7 251.356
0.00407917 60276.3 245.877
0.00486803 49383 240.398
0.00580945 40437.1 234.917
0.00693292 33093.9 229.437
0.00827366 27068.4 223.955
0.00987369 22126.8 218.473
0.0117831 18075.8 212.989
0.0140618 14756.6 207.505
0.0167812 12038.5 202.021
0.0200265 9813.74 196.535
0.0238994 7993.9 191.05
0.0285212 6506.1 185.562
0.0340369 5290.58 180.075
0.0406192 4298.13 174.587
0.0484745 3488.39 169.098
0.0578488 2828.21 163.608
0.0690361 2290.37 158.118
0.0823868 1852.59 152.629
0.0983194 1496.54 147.139
0.117333 1207.24 141.649
0.140024 972.403 136.16
0.167103 781.986 130.672
0.199418 627.754 125.186
0.237983 502.986 119.702
0.284007 402.183 114.222
0.33893 320.854 108.747
0.404475 255.341 103.279
0.482695 202.653 97.8197
0.576042 160.356 92.372
0.687442 126.471 86.9413
0.820385 99.3805 81.5303
0.979037 77.7775 76.147
1.16837 60.5954 70.7979
1.39432 46.9713 65.493
1.66396 36.2052 60.244
1.98575 27.7301 55.0651
2.36977 21.0878 49.9733
2.82806 15.908 44.9888
3.37497 11.892 40.1351
4.02765 8.7991 35.4396
4.80654 6.43536 30.9318
5.73607 4.64518 26.6451
6.84535 3.30334 22.6125
8.16916 2.30977 18.8689
9.74897 1.58447 15.4469
11.6343 1.06358 12.374
13.8842 0.696589 9.6716
16.5693 0.443701 7.35181
19.7736 0.273832 5.41464
23.5975 0.163054 3.84767
28.161 0.0932402 2.62574
33.607 0.0509349 1.71177
40.1062 0.0264266 1.05987
47.8622 0.0129384 0.619259
57.1181 0.00593466 0.338977
68.1641 0.00252954 0.172424
81.3462 0.000992583 0.0807429
97.0775 0.000354676 0.034431
115.851 0.000113921 0.0131979
138.255 3.23807e-05 0.0044768
164.992 7.99107e-06 0.00131846
196.9 1.67316e-06 0.000329444
234.977 2.89092e-07 6.793e-05
280.419 3.98807e-08 1.11833e-05
334.649 4.22325e-09 1.4133e-06
399.366 3.27222e-10 1.30681e-07
476.598 1.74036e-11 8.29451e-09
