1.19339e-05 529237 6.31585
1.42417e-05 443551 6.31694
1.69959e-05 371702 6.31741
2.02827e-05 311472 6.3175
2.42051e-05 261038 6.31847
2.88861e-05 218742 6.31862
3.44723e-05 183312 6.31918
4.11389e-05 153617 6.31962
4.90946e-05 128732 6.32006
5.85889e-05 107880 6.32055
6.99192e-05 90404.5 6.32101
8.34408e-05 75759.8 6.32146
9.95772e-05 63487.9 6.32194
0.000118834 53203.9 6.32244
0.000141815 44585.5 6.3229
0.000169241 37362.9 6.32332
0.00020197 31310.8 6.32382
0.000241028 26238.8 6.32428
0.00028764 21988.4 6.32474
0.000343266 18426.6 6.32521
0.000409649 15441.7 6.32566
0.00048887 12940.3 6.32613
0.000583412 10844.1 6.32658
0.000696236 9087.52 6.32706
0.00083088 7615.5 6.32756
0.000991561 6381.76 6.3279
0.00118332 5347.96 6.32833
0.00141216 4481.76 6.32894
0.00168525 3755.76 6.3294
0.00201116 3147.37 6.32984
0.00240009 2637.54 6.33032
0.00286424 2210.28 6.33077
0.00341814 1852.25 6.33126
0.00407917 1552.21 6.33172
0.00486803 1300.77 6.3322
0.00580945 1090.06 6.33263
0.00693292 913.483 6.3331
0.00827366 765.509 6.33356
0.00987369 641.506 6.33403
0.0117831 537.589 6.33448
0.0140618 450.506 6.33495
0.0167812 377.53 6.33542
0.0200265 316.373 6.33586
0.0238994 265.125 6.33632
0.0285212 222.177 6.33677
0.0340369 186.186 6.33719
0.0406192 156.023 6.33755
0.0484745 130.746 6.33787
0.0578488 109.566 6.33824
0.0690361 91.8188 6.33881
0.0823868 76.9488 6.33957
0.0983194 64.4797 6.3396
0.117333 54.0312 6.33965
0.140024 45.276 6.33973
0.167103 37.9389 6.3397
0.199418 31.7899 6.3395
0.237983 26.6364 6.33903
0.284007 22.3172 6.33823
0.33893 18.697 6.33696
0.404475 15.6624 6.33506
0.482695 13.1186 6.3323
0.576042 10.986 6.32838
0.687442 9.19777 6.32293
0.820385 7.69809 6.3154
0.979037 6.44009 6.30509
1.16837 5.38454 6.29114
1.39432 4.4984 6.2722
1.66396 3.75424 6.24691
1.98575 3.12892 6.21325
2.36977 2.60311 6.16878
2.82806 2.16065 6.11043
3.37497 1.78801 6.03448
4.02765 1.47395 5.93654
4.80654 1.20905 5.81134
5.73607 0.985622 5.65359
6.84535 0.79718 5.45698
8.16916 0.638477 5.21582
9.74897 0.505198 4.92516
11.6343 0.393826 4.58189
13.8842 0.301483 4.18586
16.5693 0.225786 3.74111
19.7736 0.16471 3.25691
23.5975 0.11646 2.74818
28.161 0.0793682 2.23509
33.607 0.0518092 1.74115
40.1062 0.0321698 1.29021
47.8622 0.0188565 0.902515
57.1181 0.0103472 0.591014
68.1641 0.00526715 0.35903
81.3462 0.00246235 0.200303
97.0775 0.00104538 0.101483
115.851 0.00039789 0.046096
138.255 0.000133744 0.0184908
164.992 3.89943e-05 0.00643375
196.9 9.65147e-06 0.00190037
234.977 1.97643e-06 0.000464416
280.419 3.24812e-07 9.10836e-05
334.649 4.13325e-08 1.38319e-05
399.366 3.90437e-09 1.55927e-06
476.598 2.60207e-10 1.24014e-07
