6.71669 0.00250942 111.702 7.72802e-52
6.76371 0.00275772 110.724 2.25845e-51
6.81105 0.00302651 109.734 6.67163e-51
6.85873 0.00331709 108.748 1.96023e-50
6.90674 0.00363081 107.758 5.77051e-50
6.95509 0.0039696 106.756 1.71834e-49
7.00377 0.00433385 105.746 5.15132e-49
7.0528 0.00472558 104.727 1.5566e-48
7.10217 0.00514631 103.703 4.72135e-48
7.15189 0.00559765 102.672 1.43873e-47
7.20195 0.00608122 101.637 4.40314e-47
7.25236 0.00659868 100.597 1.35183e-46
7.30313 0.00715176 99.5515 4.16618e-46
7.35425 0.00774219 98.501 1.28944e-45
7.40573 0.00837177 97.4448 4.00923e-45
7.45757 0.0090423 96.3834 1.25169e-44
7.50977 0.00975565 95.3149 3.93119e-44
7.56234 0.0105137 94.2355 1.24685e-43
7.61528 0.0113183 93.1468 3.98678e-43
7.66859 0.0121714 92.0631 1.26717e-42
7.72227 0.0130749 90.9763 4.03594e-42
7.77632 0.0140323 89.8791 1.29751e-41
7.83076 0.0150426 88.7767 4.18896e-41
7.88557 0.0161091 87.6632 1.36598e-40
7.94077 0.0172339 86.5561 4.42124e-40
7.99636 0.0184189 85.4401 1.44252e-39
8.05233 0.019666 84.3191 4.725e-39
8.1087 0.0209773 83.1902 1.55847e-38
8.16546 0.0223545 82.0669 5.10687e-38
8.22261 0.0237997 80.9253 1.70278e-37
8.28017 0.0253146 79.791 5.63119e-37
8.33813 0.026901 78.6411 1.88957e-36
8.3965 0.0285609 77.5 6.27973e-36
8.45528 0.0302958 76.3512 2.10126e-35
8.51446 0.0321076 75.2021 7.02683e-35
8.57407 0.0339978 74.0364 2.38705e-34
8.63408 0.0359681 72.8794 8.03171e-34
8.69452 0.0380199 71.7204 2.70544e-33
8.75538 0.040158 70.5586 9.1316e-33
8.81667 0.0423771 69.3912 3.09681e-32
8.87839 0.0446818 68.2171 1.0564e-31
8.94054 0.0470734 67.0472 3.58564e-31
9.00312 0.0495529 65.871 1.22369e-30
9.06614 0.0521214 64.6965 4.16577e-30
9.12961 0.0547798 63.5197 1.42027e-29
9.19351 0.0575289 62.3405 4.85029e-29
9.25787 0.0603694 61.1664 1.64659e-28
9.32267 0.0633019 59.9888 5.60552e-28
9.38793 0.0663268 58.8054 1.91794e-27
9.45365 0.0694446 57.6232 6.54956e-27
9.51982 0.0726554 56.4467 2.22223e-26
9.58646 0.0759595 55.2682 7.54957e-26
9.65357 0.0793567 54.0849 2.57528e-25
9.72114 0.0828469 52.9125 8.6826e-25
9.78919 0.0864355 51.737 2.93482e-24
9.85771 0.0901108 50.5619 9.90849e-24
9.92672 0.0938778 49.3952 3.31498e-23
9.9962 0.097736 48.2223 1.11523e-22
10.0662 0.101684 47.0581 3.71672e-22
10.1366 0.105722 45.8938 1.23803e-21
10.2076 0.109848 44.7307 4.11606e-21
10.2791 0.114062 43.5827 1.34713e-20
10.351 0.118361 42.4281 4.43542e-20
10.4235 0.122744 41.2776 1.45327e-19
10.4964 0.127209 40.1397 4.69954e-19
10.5699 0.131756 39.008 1.50936e-18
10.6439 0.136381 37.8784 4.83482e-18
10.7184 0.141084 36.7568 1.53538e-17
10.7934 0.145861 35.6419 4.84021e-17
10.869 0.150711 34.5341 1.51412e-16
10.9451 0.155631 33.4345 4.69553e-16
11.0217 0.160626 32.3452 1.44033e-15
11.0988 0.165678 31.2611 4.39277e-15
11.1765 0.170793 30.1854 1.3278e-14
11.2548 0.175967 29.1279 3.93861e-14
11.3335 0.181198 28.0781 1.15878e-13
11.4129 0.186483 27.0385 3.3725e-13
11.4928 0.191818 26.0078 9.72441e-13
11.5732 0.1972 24.9962 2.74906e-12
11.6542 0.202626 23.9935 7.69909e-12
11.7358 0.208093 23.0074 2.11968e-11
11.818 0.213598 22.034 5.75902e-11
11.9007 0.219136 21.0776 1.53747e-10
11.984 0.224704 20.1308 4.06348e-10
12.0679 0.230299 19.2093 1.04664e-09
12.1524 0.235917 18.302 2.65656e-09
12.2374 0.241555 17.409 6.64306e-09
12.3231 0.247217 16.5379 1.6247e-08
12.4093 0.252881 15.6854 3.89809e-08
12.4962 0.258554 14.8538 9.15393e-08
12.5837 0.264232 14.0425 2.10565e-07
12.6718 0.26991 13.251 4.74639e-07
12.7605 0.275585 12.4815 1.04618e-06
12.8498 0.281253 11.7339 2.25492e-06
12.9397 0.28691 11.0113 4.73803e-06
13.0303 0.292552 10.3127 9.71535e-06
13.1215 0.298177 9.63753 1.94512e-05
13.2134 0.303779 8.98808 3.79388e-05
13.3059 0.309356 8.36386 7.21242e-05
13.399 0.314904 7.76563 0.000133539
13.4928 0.320418 7.1915 0.000241261
13.5873 0.325896 6.64451 0.000424038
13.6824 0.331334 6.12442 0.000725207
13.7781 0.336728 5.62956 0.0012089
13.8746 0.342083 5.16255 0.00195913
13.9717 0.347379 4.72069 0.00309481
14.0695 0.352622 4.3048 0.00476168
14.168 0.357808 3.91574 0.0071296
14.2672 0.362933 3.55163 0.0104081
14.367 0.367996 3.21218 0.0148187
14.4676 0.372992 2.89679 0.0205893
14.5689 0.377919 2.60499 0.0279297
14.6709 0.382775 2.33531 0.037045
14.7736 0.387555 2.08704 0.0480778
14.877 0.392259 1.86084 0.0610129
14.9811 0.396882 1.65404 0.0759136
15.086 0.401423 1.46514 0.0927467
15.1916 0.40588 1.29508 0.111161
15.2979 0.410249 1.14044 0.131148
15.405 0.414529 1.00208 0.152179
15.5129 0.418725 0.877659 0.174087
15.6214 0.42282 0.76624 0.196509
15.7308 0.42682 0.667051 0.219053
15.8409 0.430724 0.579078 0.241384
15.9518 0.434528 0.501293 0.263214
16.0635 0.438233 0.432741 0.284294
16.1759 0.441837 0.37252 0.304424
16.2891 0.445337 0.319748 0.323463
16.4032 0.448733 0.273526 0.341348
16.518 0.452024 0.233339 0.357951
16.6336 0.455209 0.198531 0.373241
16.75 0.458286 0.168322 0.387289
16.8673 0.461256 0.142212 0.40011
16.9854 0.464116 0.119954 0.411653
17.1043 0.466867 0.100776 0.422111
17.224 0.469508 0.0843767 0.431518
17.3446 0.472038 0.0704227 0.43994
17.466 0.474461 0.0585792 0.447466
17.5882 0.47677 0.0485563 0.454173
17.7114 0.478967 0.0400982 0.460141
17.8353 0.481052 0.0329697 0.465451
17.9602 0.483026 0.0270376 0.470141
18.0859 0.484889 0.0220479 0.474316
18.2125 0.486641 0.0179428 0.477987
18.34 0.488282 0.0145157 0.481246
18.4684 0.489813 0.0116943 0.484118
18.5976 0.491234 0.00939024 0.486642
18.7278 0.492545 0.00749942 0.488865
18.8589 0.493746 0.00596158 0.490812
18.9909 0.49484 0.00471364 0.492513
19.1239 0.495826 0.00370854 0.493991
19.2577 0.496705 0.00290664 0.495263
19.3925 0.497478 0.00226407 0.496353
19.5283 0.498146 0.0017561 0.497272
19.665 0.49871 0.00135568 0.498034
19.8026 0.49917 0.00103993 0.498651
19.9413 0.499528 0.000793412 0.499131
20.0809 0.499784 0.000603496 0.499483
20.2214 0.499941 0.00045629 0.499713
20.363 0.5 0.000343213 0.499828
20.5055 0.49996 0.000256665 0.499832
20.649 0.499825 0.000190763 0.49973
20.7936 0.499595 0.000141135 0.499524
20.9391 0.499271 0.000103796 0.499219
21.0857 0.498855 7.57992e-05 0.498818
21.2333 0.498349 5.49325e-05 0.498322
21.382 0.497754 3.94333e-05 0.497734
21.5316 0.49707 2.806e-05 0.497057
21.6824 0.496301 1.97671e-05 0.496291
21.8341 0.495447 1.37603e-05 0.495441
21.987 0.494509 9.44696e-06 0.494504
22.1409 0.493491 6.36499e-06 0.493488
22.2959 0.492393 4.19077e-06 0.492391
22.4519 0.491216 2.68659e-06 0.491215
22.6091 0.489963 1.64943e-06 0.489963
22.7674 0.488636 9.71224e-07 0.488635
22.9267 0.487235 5.26812e-07 0.487234
23.0872 0.485762 2.49746e-07 0.485762
23.2488 0.48422 8.59892e-08 0.484219
23.4116 0.482609 2.21425e-09 0.482609
23.5755 0.480931 0 0.480931
23.7405 0.479189 0 0.479189
23.9067 0.477384 0 0.477384
24.074 0.475517 0 0.475517
24.2425 0.47359 0 0.47359
24.4122 0.471606 0 0.471606
24.5831 0.469561 0 0.469561
24.7552 0.467465 0 0.467465
24.9285 0.465316 0 0.465316
25.103 0.463116 0 0.463116
25.2787 0.460865 0 0.460865
25.4556 0.458567 0 0.458567
25.6338 0.456222 0 0.456222
25.8133 0.453832 0 0.453832
25.994 0.451398 0 0.451398
26.1759 0.448923 0 0.448923
26.3592 0.446407 0 0.446407
26.5437 0.443853 0 0.443853
26.7295 0.441262 0 0.441262
26.9166 0.438635 0 0.438635
27.105 0.435974 0 0.435974
27.2947 0.43328 0 0.43328
27.4858 0.430555 0 0.430555
27.6782 0.427797 0 0.427797
27.8719 0.425014 0 0.425014
28.067 0.422204 0 0.422204
28.2635 0.419369 0 0.419369
28.4614 0.41651 0 0.41651
28.6606 0.413628 0 0.413628
28.8612 0.410724 0 0.410724
29.0632 0.4078 0 0.4078
29.2667 0.404857 0 0.404857
29.4716 0.401897 0 0.401897
29.6779 0.39892 0 0.39892
29.8856 0.395927 0 0.395927
30.0948 0.392921 0 0.392921
30.3055 0.389902 0 0.389902
30.5176 0.386871 0 0.386871
30.7312 0.383829 0 0.383829
30.9463 0.380773 0 0.380773
31.163 0.377713 0 0.377713
31.3811 0.374646 0 0.374646
31.6008 0.371573 0 0.371573
31.822 0.368493 0 0.368493
32.0447 0.36541 0 0.36541
32.269 0.362323 0 0.362323
32.4949 0.359233 0 0.359233
32.7224 0.356141 0 0.356141
32.9515 0.353049 0 0.353049
33.1821 0.349957 0 0.349957
33.4144 0.346865 0 0.346865
33.6483 0.343775 0 0.343775
33.8838 0.340688 0 0.340688
34.121 0.337604 0 0.337604
34.3599 0.334524 0 0.334524
34.6004 0.331449 0 0.331449
34.8426 0.328374 0 0.328374
35.0865 0.325311 0 0.325311
35.3321 0.322254 0 0.322254
35.5794 0.319204 0 0.319204
35.8285 0.316163 0 0.316163
36.0793 0.31313 0 0.31313
36.3318 0.310107 0 0.310107
36.5861 0.307093 0 0.307093
36.8422 0.30409 0 0.30409
37.1001 0.301097 0 0.301097
37.3598 0.298116 0 0.298116
37.6214 0.295147 0 0.295147
37.8847 0.29219 0 0.29219
38.1499 0.289246 0 0.289246
38.417 0.286315 0 0.286315
38.6859 0.283398 0 0.283398
38.9567 0.280491 0 0.280491
39.2294 0.277603 0 0.277603
39.504 0.274729 0 0.274729
39.7805 0.271871 0 0.271871
40.059 0.269029 0 0.269029
40.3394 0.266202 0 0.266202
40.6218 0.263391 0 0.263391
40.9061 0.260597 0 0.260597
41.1925 0.25782 0 0.25782
41.4808 0.25506 0 0.25506
41.7712 0.252317 0 0.252317
42.0636 0.249592 0 0.249592
42.358 0.246885 0 0.246885
42.6545 0.244195 0 0.244195
42.9531 0.241524 0 0.241524
43.2538 0.238871 0 0.238871
43.5565 0.236237 0 0.236237
43.8614 0.233618 0 0.233618
44.1685 0.231022 0 0.231022
44.4776 0.228445 0 0.228445
44.789 0.225887 0 0.225887
45.1025 0.223348 0 0.223348
45.4182 0.220829 0 0.220829
45.7362 0.21833 0 0.21833
46.0563 0.21585 0 0.21585
46.3787 0.21339 0 0.21339
46.7034 0.21095 0 0.21095
47.0303 0.20853 0 0.20853
47.3595 0.20613 0 0.20613
47.691 0.20375 0 0.20375
48.0248 0.20139 0 0.20139
48.361 0.19905 0 0.19905
48.6995 0.19673 0 0.19673
49.0404 0.194428 0 0.194428
49.3837 0.192149 0 0.192149
49.7294 0.18989 0 0.18989
50.0775 0.187651 0 0.187651
50.4281 0.185433 0 0.185433
50.7811 0.183235 0 0.183235
51.1365 0.181057 0 0.181057
51.4945 0.178899 0 0.178899
51.8549 0.176762 0 0.176762
52.2179 0.174644 0 0.174644
52.5835 0.172547 0 0.172547
52.9515 0.17047 0 0.17047
53.3222 0.168413 0 0.168413
53.6955 0.166376 0 0.166376
54.0713 0.164358 0 0.164358
54.4498 0.162361 0 0.162361
54.831 0.160383 0 0.160383
55.2148 0.158422 0 0.158422
55.6013 0.156484 0 0.156484
55.9905 0.154566 0 0.154566
56.3824 0.152667 0 0.152667
56.7771 0.150787 0 0.150787
57.1746 0.148926 0 0.148926
57.5748 0.147085 0 0.147085
57.9778 0.145263 0 0.145263
58.3836 0.14346 0 0.14346
58.7923 0.141676 0 0.141676
59.2039 0.139911 0 0.139911
59.6183 0.138164 0 0.138164
60.0356 0.136436 0 0.136436
60.4559 0.134727 0 0.134727
60.8791 0.133036 0 0.133036
61.3052 0.131363 0 0.131363
61.7344 0.129706 0 0.129706
62.1665 0.12807 0 0.12807
62.6017 0.126451 0 0.126451
63.0399 0.124851 0 0.124851
63.4812 0.123268 0 0.123268
63.9255 0.121702 0 0.121702
64.373 0.120155 0 0.120155
64.8236 0.118624 0 0.118624
65.2774 0.117111 0 0.117111
65.7343 0.115614 0 0.115614
66.1945 0.114135 0 0.114135
66.6578 0.112672 0 0.112672
67.1244 0.111226 0 0.111226
67.5943 0.109797 0 0.109797
68.0675 0.108384 0 0.108384
68.5439 0.106987 0 0.106987
69.0237 0.105607 0 0.105607
69.5069 0.10424 0 0.10424
69.9935 0.102892 0 0.102892
70.4834 0.101559 0 0.101559
70.9768 0.100242 0 0.100242
71.4736 0.09894 0 0.09894
71.9739 0.0976535 0 0.0976535
72.4778 0.0963823 0 0.0963823
72.9851 0.0951261 0 0.0951261
73.496 0.0938848 0 0.0938848
74.0105 0.0926583 0 0.0926583
74.5285 0.0914465 0 0.0914465
75.0502 0.0902492 0 0.0902492
75.5756 0.0890662 0 0.0890662
76.1046 0.0878975 0 0.0878975
76.6374 0.0867429 0 0.0867429
77.1738 0.0856023 0 0.0856023
77.714 0.0844739 0 0.0844739
78.258 0.0833608 0 0.0833608
78.8058 0.0822614 0 0.0822614
79.3575 0.0811753 0 0.0811753
79.913 0.0801026 0 0.0801026
80.4724 0.079043 0 0.079043
81.0357 0.0779965 0 0.0779965
81.6029 0.0769628 0 0.0769628
82.1742 0.0759419 0 0.0759419
82.7494 0.0749336 0 0.0749336
83.3286 0.0739378 0 0.0739378
83.9119 0.0729544 0 0.0729544
84.4993 0.0719833 0 0.0719833
85.0908 0.0710242 0 0.0710242
85.6864 0.0700772 0 0.0700772
86.2862 0.069142 0 0.069142
86.8902 0.0682185 0 0.0682185
87.4985 0.0673053 0 0.0673053
88.111 0.066405 0 0.066405
88.7277 0.0655161 0 0.0655161
89.3488 0.0646383 0 0.0646383
89.9743 0.0637717 0 0.0637717
90.6041 0.062916 0 0.062916
91.2383 0.0620712 0 0.0620712
91.877 0.0612372 0 0.0612372
92.5201 0.0604137 0 0.0604137
93.1678 0.0596008 0 0.0596008
93.8199 0.0587983 0 0.0587983
94.4767 0.058006 0 0.058006
95.138 0.0572239 0 0.0572239
95.804 0.0564518 0 0.0564518
96.4746 0.0556896 0 0.0556896
97.1499 0.0549373 0 0.0549373
97.83 0.0541936 0 0.0541936
98.5148 0.0534605 0 0.0534605
99.2044 0.052737 0 0.052737
99.8988 0.0520228 0 0.0520228
100.598 0.0513179 0 0.0513179
101.302 0.0506221 0 0.0506221
102.011 0.0499353 0 0.0499353
102.726 0.0492575 0 0.0492575
103.445 0.0485885 0 0.0485885
104.169 0.0479282 0 0.0479282
104.898 0.0472766 0 0.0472766
105.632 0.0466334 0 0.0466334
106.372 0.0459987 0 0.0459987
107.116 0.0453723 0 0.0453723
107.866 0.0447541 0 0.0447541
108.621 0.044144 0 0.044144
109.381 0.043542 0 0.043542
110.147 0.042947 0 0.042947
110.918 0.0423607 0 0.0423607
111.695 0.0417822 0 0.0417822
112.476 0.0412112 0 0.0412112
113.264 0.0406479 0 0.0406479
114.057 0.0400919 0 0.0400919
114.855 0.0395434 0 0.0395434
115.659 0.0390021 0 0.0390021
116.469 0.0384679 0 0.0384679
117.284 0.0379409 0 0.0379409
118.105 0.0374208 0 0.0374208
118.932 0.0369077 0 0.0369077
119.764 0.0364014 0 0.0364014
120.602 0.0359019 0 0.0359019
121.447 0.035409 0 0.035409
122.297 0.0349226 0 0.0349226
123.153 0.0344421 0 0.0344421
124.015 0.0339688 0 0.0339688
124.883 0.0335017 0 0.0335017
125.757 0.0330409 0 0.0330409
126.638 0.0325863 0 0.0325863
127.524 0.0321378 0 0.0321378
128.417 0.0316952 0 0.0316952
129.316 0.0312587 0 0.0312587
130.221 0.0308279 0 0.0308279
131.132 0.030403 0 0.030403
132.05 0.0299838 0 0.0299838
132.975 0.0295703 0 0.0295703
133.905 0.0291623 0 0.0291623
134.843 0.0287598 0 0.0287598
135.787 0.0283627 0 0.0283627
136.737 0.027971 0 0.027971
137.694 0.0275846 0 0.0275846
138.658 0.0272029 0 0.0272029
139.629 0.0268269 0 0.0268269
140.606 0.026456 0 0.026456
141.59 0.0260901 0 0.0260901
142.582 0.0257291 0 0.0257291
143.58 0.0253731 0 0.0253731
144.585 0.0250219 0 0.0250219
145.597 0.0246754 0 0.0246754
146.616 0.0243337 0 0.0243337
147.642 0.0239966 0 0.0239966
148.676 0.0236641 0 0.0236641
149.717 0.0233361 0 0.0233361
150.765 0.0230126 0 0.0230126
151.82 0.0226934 0 0.0226934
152.883 0.0223787 0 0.0223787
153.953 0.0220682 0 0.0220682
155.03 0.0217619 0 0.0217619
156.116 0.0214594 0 0.0214594
157.208 0.0211615 0 0.0211615
158.309 0.0208677 0 0.0208677
159.417 0.0205778 0 0.0205778
160.533 0.0202919 0 0.0202919
161.657 0.02001 0 0.02001
162.788 0.0197319 0 0.0197319
163.928 0.0194575 0 0.0194575
165.075 0.019187 0 0.019187
166.231 0.0189202 0 0.0189202
167.395 0.018657 0 0.018657
168.566 0.0183974 0 0.0183974
169.746 0.0181414 0 0.0181414
170.934 0.0178889 0 0.0178889
172.131 0.0176398 0 0.0176398
173.336 0.0173942 0 0.0173942
174.549 0.0171516 0 0.0171516
175.771 0.0169128 0 0.0169128
177.002 0.0166771 0 0.0166771
178.241 0.0164448 0 0.0164448
179.488 0.0162156 0 0.0162156
180.745 0.0159896 0 0.0159896
182.01 0.0157667 0 0.0157667
183.284 0.0155468 0 0.0155468
184.567 0.01533 0 0.01533
185.859 0.0151162 0 0.0151162
187.16 0.0149053 0 0.0149053
188.47 0.0146974 0 0.0146974
189.789 0.0144923 0 0.0144923
191.118 0.01429 0 0.01429
192.456 0.0140906 0 0.0140906
193.803 0.0138938 0 0.0138938
195.159 0.0136998 0 0.0136998
196.526 0.0135083 0 0.0135083
197.901 0.0133196 0 0.0133196
199.287 0.0131336 0 0.0131336
200.682 0.0129501 0 0.0129501
202.086 0.0127691 0 0.0127691
203.501 0.0125907 0 0.0125907
204.925 0.0124147 0 0.0124147
206.36 0.0122412 0 0.0122412
207.804 0.0120701 0 0.0120701
209.259 0.0119013 0 0.0119013
210.724 0.0117349 0 0.0117349
212.199 0.0115708 0 0.0115708
213.684 0.011409 0 0.011409
215.18 0.0112494 0 0.0112494
216.686 0.011092 0 0.011092
218.203 0.0109368 0 0.0109368
219.731 0.0107836 0 0.0107836
221.269 0.0106327 0 0.0106327
222.818 0.0104838 0 0.0104838
224.377 0.0103371 0 0.0103371
225.948 0.0101924 0 0.0101924
227.53 0.0100497 0 0.0100497
229.122 0.00990899 0 0.00990899
230.726 0.00977023 0 0.00977023
232.341 0.0096334 0 0.0096334
233.968 0.00949847 0 0.00949847
235.605 0.00936542 0 0.00936542
237.255 0.00923423 0 0.00923423
238.915 0.00910485 0 0.00910485
240.588 0.00897728 0 0.00897728
242.272 0.00885148 0 0.00885148
243.968 0.00872743 0 0.00872743
245.676 0.00860511 0 0.00860511
247.395 0.00848434 0 0.00848434
249.127 0.00836542 0 0.00836542
250.871 0.00824814 0 0.00824814
252.627 0.00813251 0 0.00813251
254.396 0.00801848 0 0.00801848
256.176 0.00790605 0 0.00790605
257.97 0.00779518 0 0.00779518
259.775 0.00768586 0 0.00768586
261.594 0.00757806 0 0.00757806
263.425 0.00747176 0 0.00747176
265.269 0.00736695 0 0.00736695
267.126 0.0072636 0 0.0072636
268.996 0.00716169 0 0.00716169
270.879 0.00706121 0 0.00706121
272.775 0.00696212 0 0.00696212
274.684 0.00686442 0 0.00686442
276.607 0.00676796 0 0.00676796
278.543 0.00667298 0 0.00667298
280.493 0.00657932 0 0.00657932
282.456 0.00648697 0 0.00648697
284.434 0.00639591 0 0.00639591
286.425 0.00630613 0 0.00630613
288.43 0.00621759 0 0.00621759
290.449 0.0061303 0 0.0061303
292.482 0.00604422 0 0.00604422
294.529 0.00595935 0 0.00595935
296.591 0.00587567 0 0.00587567
298.667 0.00579315 0 0.00579315
300.758 0.00571179 0 0.00571179
302.863 0.00563157 0 0.00563157
304.983 0.00555247 0 0.00555247
307.118 0.00547447 0 0.00547447
309.268 0.00539757 0 0.00539757
311.433 0.00532164 0 0.00532164
313.613 0.00524688 0 0.00524688
315.808 0.00517317 0 0.00517317
318.019 0.00510048 0 0.00510048
320.245 0.00502882 0 0.00502882
322.486 0.00495816 0 0.00495816
324.744 0.00488848 0 0.00488848
327.017 0.00481979 0 0.00481979
329.306 0.00475205 0 0.00475205
331.611 0.00468526 0 0.00468526
333.933 0.00461941 0 0.00461941
336.27 0.00455448 0 0.00455448
338.624 0.00449046 0 0.00449046
340.994 0.00442734 0 0.00442734
343.381 0.0043651 0 0.0043651
345.785 0.00430374 0 0.00430374
348.206 0.00424315 0 0.00424315
350.643 0.0041835 0 0.0041835
353.097 0.00412468 0 0.00412468
355.569 0.00406669 0 0.00406669
358.058 0.00400951 0 0.00400951
360.565 0.00395313 0 0.00395313
363.088 0.00389754 0 0.00389754
365.63 0.00384274 0 0.00384274
368.19 0.0037887 0 0.0037887
370.767 0.00373541 0 0.00373541
373.362 0.00368288 0 0.00368288
375.976 0.00363108 0 0.00363108
378.608 0.00358001 0 0.00358001
381.258 0.00352966 0 0.00352966
383.927 0.00348001 0 0.00348001
386.614 0.00343106 0 0.00343106
389.32 0.00338279 0 0.00338279
392.046 0.00333514 0 0.00333514
394.79 0.00328823 0 0.00328823
397.553 0.00324197 0 0.00324197
400.336 0.00319636 0 0.00319636
403.139 0.00315139 0 0.00315139
405.961 0.00310706 0 0.00310706
408.802 0.00306334 0 0.00306334
411.664 0.00302024 0 0.00302024
414.546 0.00297774 0 0.00297774
417.448 0.00293585 0 0.00293585
420.37 0.00289453 0 0.00289453
423.312 0.0028538 0 0.0028538
426.275 0.00281364 0 0.00281364
429.259 0.00277405 0 0.00277405
432.264 0.00273501 0 0.00273501
435.29 0.00269652 0 0.00269652
438.337 0.00265852 0 0.00265852
441.405 0.00262111 0 0.00262111
444.495 0.00258422 0 0.00258422
447.607 0.00254785 0 0.00254785
450.74 0.00251199 0 0.00251199
453.895 0.00247663 0 0.00247663
457.072 0.00244177 0 0.00244177
460.272 0.0024074 0 0.0024074
463.494 0.00237352 0 0.00237352
466.738 0.00234011 0 0.00234011
470.005 0.00230717 0 0.00230717
473.295 0.00227469 0 0.00227469
476.609 0.00224267 0 0.00224267
479.945 0.0022111 0 0.0022111
483.304 0.00217997 0 0.00217997
486.688 0.00214928 0 0.00214928
490.094 0.00211902 0 0.00211902
493.525 0.00208915 0 0.00208915
496.98 0.00205974 0 0.00205974
500.459 0.00203074 0 0.00203074
503.962 0.00200215 0 0.00200215
507.489 0.00197396 0 0.00197396
511.042 0.00194617 0 0.00194617
514.619 0.00191877 0 0.00191877
518.222 0.00189175 0 0.00189175
521.849 0.00186512 0 0.00186512
525.502 0.00183886 0 0.00183886
529.181 0.00181296 0 0.00181296
532.885 0.00178744 0 0.00178744
536.615 0.00176227 0 0.00176227
540.371 0.00173745 0 0.00173745
544.154 0.00171298 0 0.00171298
547.963 0.00168886 0 0.00168886
551.799 0.00166505 0 0.00166505
555.661 0.0016416 0 0.0016416
559.551 0.00161849 0 0.00161849
563.468 0.00159569 0 0.00159569
567.412 0.00157322 0 0.00157322
571.384 0.00155107 0 0.00155107
575.384 0.00152922 0 0.00152922
579.411 0.00150769 0 0.00150769
583.467 0.00148645 0 0.00148645
587.551 0.00146552 0 0.00146552
591.664 0.00144488 0 0.00144488
595.806 0.00142453 0 0.00142453
599.977 0.00140447 0 0.00140447
604.176 0.00138469 0 0.00138469
608.406 0.00136518 0 0.00136518
612.665 0.00134596 0 0.00134596
616.953 0.001327 0 0.001327
621.272 0.00130828 0 0.00130828
625.621 0.00128986 0 0.00128986
630 0.00127169 0 0.00127169
634.41 0.00125378 0 0.00125378
638.851 0.00123612 0 0.00123612
643.323 0.00121871 0 0.00121871
647.826 0.00120154 0 0.00120154
652.361 0.00118462 0 0.00118462
656.928 0.00116793 0 0.00116793
661.526 0.00115148 0 0.00115148
666.157 0.00113526 0 0.00113526
670.82 0.00111927 0 0.00111927
675.516 0.0011035 0 0.0011035
680.244 0.00108796 0 0.00108796
685.006 0.00107263 0 0.00107263
689.801 0.00105752 0 0.00105752
694.629 0.00104261 0 0.00104261
699.492 0.00102792 0 0.00102792
704.388 0.00101344 0 0.00101344
709.319 0.000999166 0 0.000999166
714.284 0.000985091 0 0.000985091
719.284 0.000971215 0 0.000971215
724.319 0.000957533 0 0.000957533
729.39 0.000944044 0 0.000944044
734.495 0.000930745 0 0.000930745
739.637 0.000917634 0 0.000917634
744.814 0.000904707 0 0.000904707
750.028 0.000891961 0 0.000891961
755.278 0.000879396 0 0.000879396
760.565 0.000867007 0 0.000867007
765.889 0.000854793 0 0.000854793
771.25 0.00084275 0 0.00084275
776.649 0.000830878 0 0.000830878
782.085 0.000819157 0 0.000819157
787.56 0.000807617 0 0.000807617
793.073 0.00079624 0 0.00079624
798.625 0.000785023 0 0.000785023
804.215 0.000773963 0 0.000773963
809.844 0.00076306 0 0.00076306
815.513 0.00075231 0 0.00075231
821.222 0.000741711 0 0.000741711
826.97 0.000731261 0 0.000731261
832.759 0.000720959 0 0.000720959
838.589 0.000710802 0 0.000710802
844.459 0.000700787 0 0.000700787
850.37 0.000690914 0 0.000690914
856.322 0.00068118 0 0.00068118
862.317 0.000671583 0 0.000671583
868.353 0.000662121 0 0.000662121
874.431 0.00065278 0 0.00065278
880.552 0.000643584 0 0.000643584
886.716 0.000634517 0 0.000634517
892.923 0.000625577 0 0.000625577
899.174 0.000616764 0 0.000616764
905.468 0.000608074 0 0.000608074
911.806 0.000599507 0 0.000599507
918.189 0.000591061 0 0.000591061
924.616 0.000582733 0 0.000582733
931.089 0.000574523 0 0.000574523
937.606 0.000566429 0 0.000566429
944.169 0.000558448 0 0.000558448
950.779 0.00055058 0 0.00055058
957.434 0.000542822 0 0.000542822
964.136 0.000535174 0 0.000535174
970.885 0.000527634 0 0.000527634
977.681 0.0005202 0 0.0005202
984.525 0.000512861 0 0.000512861
991.417 0.000505636 0 0.000505636
998.357 0.000498512 0 0.000498512
1005.35 0.000491488 0 0.000491488
1012.38 0.000484564 0 0.000484564
1019.47 0.000477736 0 0.000477736
1026.61 0.000471005 0 0.000471005
1033.79 0.000464369 0 0.000464369
1041.03 0.000457826 0 0.000457826
1048.32 0.000451376 0 0.000451376
1055.65 0.000445016 0 0.000445016
1063.04 0.000438746 0 0.000438746
1070.48 0.000432564 0 0.000432564
1077.98 0.00042647 0 0.00042647
1085.52 0.000420461 0 0.000420461
1093.12 0.000414536 0 0.000414536
1100.77 0.000408688 0 0.000408688
1108.48 0.00040293 0 0.00040293
1116.24 0.000397253 0 0.000397253
1124.05 0.000391656 0 0.000391656
1131.92 0.000386138 0 0.000386138
1139.84 0.000380698 0 0.000380698
1147.82 0.000375334 0 0.000375334
1155.86 0.000370046 0 0.000370046
1163.95 0.000364832 0 0.000364832
1172.1 0.000359691 0 0.000359691
1180.3 0.000354623 0 0.000354623
1188.56 0.000349627 0 0.000349627
1196.88 0.000344701 0 0.000344701
1205.26 0.000339844 0 0.000339844
1213.7 0.000335056 0 0.000335056
1222.19 0.000330335 0 0.000330335
1230.75 0.00032568 0 0.00032568
1239.37 0.000321086 0 0.000321086
1248.04 0.000316562 0 0.000316562
1256.78 0.000312102 0 0.000312102
1265.57 0.000307705 0 0.000307705
1274.43 0.000303369 0 0.000303369
1283.35 0.000299095 0 0.000299095
1292.34 0.000294881 0 0.000294881
1301.38 0.000290726 0 0.000290726
1310.49 0.00028663 0 0.00028663
1319.67 0.000282591 0 0.000282591
1328.91 0.00027861 0 0.00027861
1338.21 0.000274684 0 0.000274684
1347.57 0.000270814 0 0.000270814
1357.01 0.000266998 0 0.000266998
1366.51 0.000263236 0 0.000263236
1376.07 0.000259527 0 0.000259527
1385.71 0.000255866 0 0.000255866
1395.41 0.000252261 0 0.000252261
1405.17 0.000248707 0 0.000248707
1415.01 0.000245203 0 0.000245203
1424.91 0.000241748 0 0.000241748
1434.89 0.000238342 0 0.000238342
1444.93 0.000234984 0 0.000234984
1455.05 0.000231673 0 0.000231673
1465.23 0.000228409 0 0.000228409
1475.49 0.000225191 0 0.000225191
1485.82 0.000222018 0 0.000222018
1496.22 0.00021889 0 0.00021889
1506.69 0.000215806 0 0.000215806
1517.24 0.000212766 0 0.000212766
1527.86 0.000209768 0 0.000209768
1538.55 0.000206812 0 0.000206812
1549.32 0.000203898 0 0.000203898
1560.17 0.000201022 0 0.000201022
1571.09 0.00019819 0 0.00019819
1582.09 0.000195398 0 0.000195398
1593.16 0.000192645 0 0.000192645
1604.32 0.000189931 0 0.000189931
1615.55 0.000187255 0 0.000187255
1626.85 0.000184616 0 0.000184616
1638.24 0.000182015 0 0.000182015
1649.71 0.000179451 0 0.000179451
1661.26 0.000176923 0 0.000176923
1672.89 0.00017443 0 0.00017443
1684.6 0.000171972 0 0.000171972
1696.39 0.000169549 0 0.000169549
1708.26 0.000167161 0 0.000167161
1720.22 0.000164805 0 0.000164805
1732.26 0.000162483 0 0.000162483
1744.39 0.000160191 0 0.000160191
1756.6 0.000157934 0 0.000157934
1768.9 0.000155709 0 0.000155709
1781.28 0.000153516 0 0.000153516
1793.75 0.000151353 0 0.000151353
1806.3 0.00014922 0 0.00014922
1818.95 0.000147118 0 0.000147118
1831.68 0.000145045 0 0.000145045
1844.5 0.000143002 0 0.000143002
1857.41 0.000140987 0 0.000140987
1870.42 0.000139001 0 0.000139001
1883.51 0.000137043 0 0.000137043
1896.69 0.000135112 0 0.000135112
1909.97 0.000133208 0 0.000133208
1923.34 0.000131331 0 0.000131331
1936.8 0.000129481 0 0.000129481
1950.36 0.000127657 0 0.000127657
1964.01 0.000125856 0 0.000125856
1977.76 0.000124083 0 0.000124083
1991.61 0.000122335 0 0.000122335
2005.55 0.000120612 0 0.000120612
2019.59 0.000118912 0 0.000118912
2033.72 0.000117237 0 0.000117237
2047.96 0.000115585 0 0.000115585
2062.29 0.000113957 0 0.000113957
2076.73 0.000112352 0 0.000112352
2091.27 0.000110769 0 0.000110769
2105.91 0.000109208 0 0.000109208
2120.65 0.00010767 0 0.00010767
2135.49 0.000106153 0 0.000106153
2150.44 0.000104657 0 0.000104657
2165.49 0.000103183 0 0.000103183
2180.65 0.000101729 0 0.000101729
2195.92 0.000100294 0 0.000100294
2211.29 9.88812e-05 0 9.88812e-05
2226.77 9.74882e-05 0 9.74882e-05
2242.35 9.61148e-05 0 9.61148e-05
2258.05 9.47608e-05 0 9.47608e-05
2273.86 9.34258e-05 0 9.34258e-05
2289.77 9.21097e-05 0 9.21097e-05
2305.8 9.08121e-05 0 9.08121e-05
2321.94 8.95327e-05 0 8.95327e-05
2338.2 8.82714e-05 0 8.82714e-05
2354.56 8.70278e-05 0 8.70278e-05
2371.05 8.58018e-05 0 8.58018e-05
2387.64 8.4593e-05 0 8.4593e-05
2404.36 8.34013e-05 0 8.34013e-05
2421.19 8.22263e-05 0 8.22263e-05
2438.14 8.10679e-05 0 8.10679e-05
2455.2 7.99259e-05 0 7.99259e-05
2472.39 7.87985e-05 0 7.87985e-05
2489.7 7.76885e-05 0 7.76885e-05
2507.12 7.65941e-05 0 7.65941e-05
2524.67 7.55151e-05 0 7.55151e-05
2542.35 7.44513e-05 0 7.44513e-05
2560.14 7.34024e-05 0 7.34024e-05
2578.06 7.23684e-05 0 7.23684e-05
2596.11 7.13489e-05 0 7.13489e-05
2614.28 7.03438e-05 0 7.03438e-05
2632.58 6.93528e-05 0 6.93528e-05
2651.01 6.83758e-05 0 6.83758e-05
2669.57 6.74126e-05 0 6.74126e-05
2688.26 6.64629e-05 0 6.64629e-05
2707.07 6.55266e-05 0 6.55266e-05
2726.02 6.46035e-05 0 6.46035e-05
2745.1 6.36934e-05 0 6.36934e-05
2764.32 6.27951e-05 0 6.27951e-05
2783.67 6.19105e-05 0 6.19105e-05
2803.16 6.10384e-05 0 6.10384e-05
2822.78 6.01785e-05 0 6.01785e-05
2842.54 5.93308e-05 0 5.93308e-05
2862.44 5.8495e-05 0 5.8495e-05
2882.47 5.7671e-05 0 5.7671e-05
2902.65 5.68586e-05 0 5.68586e-05
2922.97 5.60577e-05 0 5.60577e-05
2943.43 5.5268e-05 0 5.5268e-05
2964.03 5.44894e-05 0 5.44894e-05
2984.78 5.37218e-05 0 5.37218e-05
3005.68 5.29651e-05 0 5.29651e-05
3026.71 5.22189e-05 0 5.22189e-05
3047.9 5.14833e-05 0 5.14833e-05
3069.24 5.07581e-05 0 5.07581e-05
3090.72 5.00431e-05 0 5.00431e-05
3112.36 4.93373e-05 0 4.93373e-05
3134.14 4.86423e-05 0 4.86423e-05
3156.08 4.79571e-05 0 4.79571e-05
3178.17 4.72816e-05 0 4.72816e-05
3200.42 4.66156e-05 0 4.66156e-05
3222.83 4.59589e-05 0 4.59589e-05
3245.38 4.53115e-05 0 4.53115e-05
3268.1 4.46732e-05 0 4.46732e-05
3290.98 4.4044e-05 0 4.4044e-05
3314.02 4.34235e-05 0 4.34235e-05
3337.21 4.28118e-05 0 4.28118e-05
3360.57 4.22088e-05 0 4.22088e-05
3384.1 4.16142e-05 0 4.16142e-05
3407.79 4.1028e-05 0 4.1028e-05
3431.64 4.04501e-05 0 4.04501e-05
3455.66 3.98803e-05 0 3.98803e-05
3479.85 3.93178e-05 0 3.93178e-05
3504.21 3.8764e-05 0 3.8764e-05
3528.74 3.8218e-05 0 3.8218e-05
3553.44 3.76796e-05 0 3.76796e-05
3578.32 3.71489e-05 0 3.71489e-05
3603.37 3.66256e-05 0 3.66256e-05
3628.59 3.61097e-05 0 3.61097e-05
3653.99 3.56011e-05 0 3.56011e-05
3679.57 3.50996e-05 0 3.50996e-05
3705.32 3.46052e-05 0 3.46052e-05
3731.26 3.41177e-05 0 3.41177e-05
3757.38 3.36372e-05 0 3.36372e-05
3783.68 3.31634e-05 0 3.31634e-05
3810.17 3.26962e-05 0 3.26962e-05
3836.84 3.22357e-05 0 3.22357e-05
3863.7 3.17816e-05 0 3.17816e-05
3890.74 3.13339e-05 0 3.13339e-05
3917.98 3.0892e-05 0 3.0892e-05
3945.4 3.04569e-05 0 3.04569e-05
3973.02 3.00279e-05 0 3.00279e-05
4000.83 2.96049e-05 0 2.96049e-05
4028.84 2.91879e-05 0 2.91879e-05
4057.04 2.87768e-05 0 2.87768e-05
4085.44 2.83715e-05 0 2.83715e-05
4114.04 2.79719e-05 0 2.79719e-05
4142.84 2.75779e-05 0 2.75779e-05
4171.84 2.71894e-05 0 2.71894e-05
4201.04 2.68064e-05 0 2.68064e-05
4230.45 2.64288e-05 0 2.64288e-05
4260.06 2.60566e-05 0 2.60566e-05
4289.88 2.56896e-05 0 2.56896e-05
4319.91 2.53277e-05 0 2.53277e-05
4350.15 2.4971e-05 0 2.4971e-05
4380.6 2.46188e-05 0 2.46188e-05
4411.26 2.4272e-05 0 2.4272e-05
4442.14 2.39302e-05 0 2.39302e-05
4473.24 2.35931e-05 0 2.35931e-05
4504.55 2.32608e-05 0 2.32608e-05
4536.08 2.29332e-05 0 2.29332e-05
4567.83 2.26102e-05 0 2.26102e-05
4599.81 2.22917e-05 0 2.22917e-05
4632.01 2.19777e-05 0 2.19777e-05
4664.43 2.16682e-05 0 2.16682e-05
4697.08 2.1363e-05 0 2.1363e-05
4729.96 2.10621e-05 0 2.10621e-05
4763.07 2.07654e-05 0 2.07654e-05
4796.41 2.04729e-05 0 2.04729e-05
4829.99 2.01846e-05 0 2.01846e-05
4863.8 1.99003e-05 0 1.99003e-05
4897.84 1.962e-05 0 1.962e-05
4932.13 1.93433e-05 0 1.93433e-05
4966.65 1.90708e-05 0 1.90708e-05
5001.42 1.88022e-05 0 1.88022e-05
5036.43 1.85374e-05 0 1.85374e-05
5071.69 1.82763e-05 0 1.82763e-05
5107.19 1.80189e-05 0 1.80189e-05
5142.94 1.77651e-05 0 1.77651e-05
5178.94 1.75149e-05 0 1.75149e-05
5215.19 1.72682e-05 0 1.72682e-05
5251.7 1.7025e-05 0 1.7025e-05
5288.46 1.67852e-05 0 1.67852e-05
5325.48 1.65488e-05 0 1.65488e-05
5362.76 1.63157e-05 0 1.63157e-05
5400.3 1.60859e-05 0 1.60859e-05
5438.1 1.58593e-05 0 1.58593e-05
5476.16 1.5636e-05 0 1.5636e-05
5514.5 1.54155e-05 0 1.54155e-05
5553.1 1.51983e-05 0 1.51983e-05
5591.97 1.49843e-05 0 1.49843e-05
5631.11 1.47733e-05 0 1.47733e-05
5670.53 1.45652e-05 0 1.45652e-05
5710.23 1.436e-05 0 1.436e-05
5750.2 1.41578e-05 0 1.41578e-05
5790.45 1.39584e-05 0 1.39584e-05
5830.98 1.37618e-05 0 1.37618e-05
5871.8 1.3568e-05 0 1.3568e-05
5912.9 1.33769e-05 0 1.33769e-05
5954.29 1.31885e-05 0 1.31885e-05
5995.97 1.30027e-05 0 1.30027e-05
6037.94 1.28196e-05 0 1.28196e-05
6080.21 1.2639e-05 0 1.2639e-05
6122.77 1.2461e-05 0 1.2461e-05
6165.63 1.22855e-05 0 1.22855e-05
6208.79 1.21123e-05 0 1.21123e-05
6252.25 1.19417e-05 0 1.19417e-05
6296.02 1.17735e-05 0 1.17735e-05
6340.09 1.16077e-05 0 1.16077e-05
6384.47 1.14442e-05 0 1.14442e-05
6429.16 1.1283e-05 0 1.1283e-05
6474.17 1.11241e-05 0 1.11241e-05
6519.48 1.09674e-05 0 1.09674e-05
6565.12 1.0813e-05 0 1.0813e-05
6611.08 1.06607e-05 0 1.06607e-05
6657.35 1.05105e-05 0 1.05105e-05
6703.96 1.03625e-05 0 1.03625e-05
6750.88 1.02166e-05 0 1.02166e-05
6798.14 1.00727e-05 0 1.00727e-05
6845.73 9.93079e-06 0 9.93079e-06
6893.65 9.79093e-06 0 9.79093e-06
6941.9 9.65287e-06 0 9.65287e-06
6990.5 9.51692e-06 0 9.51692e-06
7039.43 9.38289e-06 0 9.38289e-06
7088.71 9.25074e-06 0 9.25074e-06
7138.33 9.12046e-06 0 9.12046e-06
7188.29 8.99201e-06 0 8.99201e-06
7238.61 8.86537e-06 0 8.86537e-06
7289.28 8.74051e-06 0 8.74051e-06
7340.31 8.61741e-06 0 8.61741e-06
7391.69 8.49605e-06 0 8.49605e-06
7443.43 8.37639e-06 0 8.37639e-06
7495.54 8.25842e-06 0 8.25842e-06
7548 8.14211e-06 0 8.14211e-06
7600.84 8.02743e-06 0 8.02743e-06
7654.05 7.91438e-06 0 7.91438e-06
7707.62 7.80291e-06 0 7.80291e-06
7761.58 7.69301e-06 0 7.69301e-06
7815.91 7.58454e-06 0 7.58454e-06
7870.62 7.47773e-06 0 7.47773e-06
7925.71 7.37242e-06 0 7.37242e-06
7981.19 7.26859e-06 0 7.26859e-06
8037.06 7.16622e-06 0 7.16622e-06
8093.32 7.06529e-06 0 7.06529e-06
8149.98 6.96579e-06 0 6.96579e-06
8207.03 6.86769e-06 0 6.86769e-06
8264.47 6.77097e-06 0 6.77097e-06
8322.33 6.67561e-06 0 6.67561e-06
8380.58 6.58159e-06 0 6.58159e-06
8439.25 6.4889e-06 0 6.4889e-06
8498.32 6.39751e-06 0 6.39751e-06
8557.81 6.30741e-06 0 6.30741e-06
8617.71 6.21858e-06 0 6.21858e-06
8678.04 6.13099e-06 0 6.13099e-06
8738.78 6.04455e-06 0 6.04455e-06
8799.96 5.95942e-06 0 5.95942e-06
8861.56 5.87549e-06 0 5.87549e-06
8923.59 5.79275e-06 0 5.79275e-06
8986.05 5.71117e-06 0 5.71117e-06
9048.95 5.63073e-06 0 5.63073e-06
9112.3 5.55143e-06 0 5.55143e-06
9176.08 5.47325e-06 0 5.47325e-06
9240.32 5.39617e-06 0 5.39617e-06
9305 5.32017e-06 0 5.32017e-06
9370.13 5.24525e-06 0 5.24525e-06
9435.72 5.17137e-06 0 5.17137e-06
9501.77 5.09854e-06 0 5.09854e-06
9568.29 5.02674e-06 0 5.02674e-06
9635.26 4.95594e-06 0 4.95594e-06
9702.71 4.88614e-06 0 4.88614e-06
9770.63 4.81733e-06 0 4.81733e-06
9839.02 4.74941e-06 0 4.74941e-06
9907.9 4.68252e-06 0 4.68252e-06
9977.25 4.61658e-06 0 4.61658e-06
10047.1 4.55156e-06 0 4.55156e-06
10117.4 4.48746e-06 0 4.48746e-06
10188.2 4.42426e-06 0 4.42426e-06
10259.6 4.36195e-06 0 4.36195e-06
10331.4 4.30052e-06 0 4.30052e-06
10403.7 4.23996e-06 0 4.23996e-06
10476.5 4.18025e-06 0 4.18025e-06
10549.9 4.12137e-06 0 4.12137e-06
10623.7 4.06333e-06 0 4.06333e-06
10698.1 4.0061e-06 0 4.0061e-06
10773 3.94968e-06 0 3.94968e-06
10848.4 3.89406e-06 0 3.89406e-06
10924.3 3.83922e-06 0 3.83922e-06
11000.8 3.78508e-06 0 3.78508e-06
11077.8 3.73178e-06 0 3.73178e-06
11155.3 3.67922e-06 0 3.67922e-06
11233.4 3.62741e-06 0 3.62741e-06
11312.1 3.57632e-06 0 3.57632e-06
11391.2 3.52596e-06 0 3.52596e-06
11471 3.4763e-06 0 3.4763e-06
11551.3 3.42734e-06 0 3.42734e-06
11632.1 3.37908e-06 0 3.37908e-06
11713.6 3.33149e-06 0 3.33149e-06
11795.6 3.28457e-06 0 3.28457e-06
11878.1 3.23831e-06 0 3.23831e-06
11961.3 3.1927e-06 0 3.1927e-06
12045 3.14774e-06 0 3.14774e-06
12129.3 3.10341e-06 0 3.10341e-06
12214.2 3.0597e-06 0 3.0597e-06
12299.7 3.01661e-06 0 3.01661e-06
12385.8 2.97408e-06 0 2.97408e-06
12472.5 2.93219e-06 0 2.93219e-06
12559.8 2.8909e-06 0 2.8909e-06
12647.7 2.85018e-06 0 2.85018e-06
12736.3 2.81005e-06 0 2.81005e-06
12825.4 2.77047e-06 0 2.77047e-06
12915.2 2.73145e-06 0 2.73145e-06
13005.6 2.69299e-06 0 2.69299e-06
13096.7 2.65506e-06 0 2.65506e-06
13188.3 2.61767e-06 0 2.61767e-06
13280.6 2.5808e-06 0 2.5808e-06
13373.6 2.54445e-06 0 2.54445e-06
13467.2 2.50862e-06 0 2.50862e-06
13561.5 2.47329e-06 0 2.47329e-06
13656.4 2.43846e-06 0 2.43846e-06
13752 2.40411e-06 0 2.40411e-06
13848.3 2.37022e-06 0 2.37022e-06
13945.2 2.33684e-06 0 2.33684e-06
14042.8 2.30393e-06 0 2.30393e-06
14141.1 2.27148e-06 0 2.27148e-06
14240.1 2.23949e-06 0 2.23949e-06
14339.8 2.20795e-06 0 2.20795e-06
14440.2 2.17686e-06 0 2.17686e-06
14541.3 2.1462e-06 0 2.1462e-06
14643.1 2.11597e-06 0 2.11597e-06
14745.6 2.08617e-06 0 2.08617e-06
14848.8 2.05679e-06 0 2.05679e-06
14952.7 2.02782e-06 0 2.02782e-06
15057.4 1.99926e-06 0 1.99926e-06
15162.8 1.97111e-06 0 1.97111e-06
15268.9 1.94335e-06 0 1.94335e-06
15375.8 1.91598e-06 0 1.91598e-06
15483.4 1.88899e-06 0 1.88899e-06
15591.8 1.86236e-06 0 1.86236e-06
15701 1.83613e-06 0 1.83613e-06
15810.9 1.81027e-06 0 1.81027e-06
15921.6 1.78478e-06 0 1.78478e-06
16033 1.75964e-06 0 1.75964e-06
16145.2 1.73486e-06 0 1.73486e-06
16258.3 1.71043e-06 0 1.71043e-06
16372.1 1.68634e-06 0 1.68634e-06
16486.7 1.66259e-06 0 1.66259e-06
16602.1 1.63917e-06 0 1.63917e-06
16718.3 1.61609e-06 0 1.61609e-06
16835.3 1.59333e-06 0 1.59333e-06
16953.2 1.57089e-06 0 1.57089e-06
17071.8 1.54876e-06 0 1.54876e-06
17191.3 1.52695e-06 0 1.52695e-06
17311.7 1.50544e-06 0 1.50544e-06
17432.9 1.48422e-06 0 1.48422e-06
17554.9 1.46331e-06 0 1.46331e-06
17677.8 1.4427e-06 0 1.4427e-06
17801.5 1.42239e-06 0 1.42239e-06
17926.1 1.40235e-06 0 1.40235e-06
18051.6 1.3826e-06 0 1.3826e-06
18178 1.36313e-06 0 1.36313e-06
18305.2 1.34393e-06 0 1.34393e-06
18433.4 1.32501e-06 0 1.32501e-06
18562.4 1.30634e-06 0 1.30634e-06
18692.3 1.28795e-06 0 1.28795e-06
18823.2 1.26981e-06 0 1.26981e-06
18954.9 1.25192e-06 0 1.25192e-06
19087.6 1.23429e-06 0 1.23429e-06
19221.2 1.21691e-06 0 1.21691e-06
19355.8 1.19977e-06 0 1.19977e-06
19491.3 1.18287e-06 0 1.18287e-06
19627.7 1.16619e-06 0 1.16619e-06
19765.1 1.14976e-06 0 1.14976e-06
19903.5 1.13357e-06 0 1.13357e-06
20042.8 1.11761e-06 0 1.11761e-06
20183.1 1.10187e-06 0 1.10187e-06
20324.4 1.08635e-06 0 1.08635e-06
20466.6 1.07105e-06 0 1.07105e-06
20609.9 1.05596e-06 0 1.05596e-06
20754.2 1.04109e-06 0 1.04109e-06
20899.4 1.02643e-06 0 1.02643e-06
21045.7 1.01197e-06 0 1.01197e-06
21193.1 9.97717e-07 0 9.97717e-07
21341.4 9.83664e-07 0 9.83664e-07
21490.8 9.6981e-07 0 9.6981e-07
21641.2 9.5615e-07 0 9.5615e-07
21792.7 9.42683e-07 0 9.42683e-07
21945.3 9.29391e-07 0 9.29391e-07
22098.9 9.16301e-07 0 9.16301e-07
22253.6 9.03395e-07 0 9.03395e-07
22409.4 8.90672e-07 0 8.90672e-07
22566.2 8.78127e-07 0 8.78127e-07
22724.2 8.65759e-07 0 8.65759e-07
22883.3 8.53565e-07 0 8.53565e-07
23043.4 8.41543e-07 0 8.41543e-07
23204.8 8.2969e-07 0 8.2969e-07
23367.2 8.18004e-07 0 8.18004e-07
23530.8 8.06483e-07 0 8.06483e-07
23695.5 7.95123e-07 0 7.95123e-07
23861.3 7.83924e-07 0 7.83924e-07
24028.4 7.72882e-07 0 7.72882e-07
24196.6 7.61996e-07 0 7.61996e-07
24365.9 7.51263e-07 0 7.51263e-07
24536.5 7.40682e-07 0 7.40682e-07
24708.3 7.30237e-07 0 7.30237e-07
24881.2 7.19952e-07 0 7.19952e-07
25055.4 7.09811e-07 0 7.09811e-07
25230.8 6.99814e-07 0 6.99814e-07
25407.4 6.89957e-07 0 6.89957e-07
25585.2 6.80239e-07 0 6.80239e-07
25764.3 6.70658e-07 0 6.70658e-07
25944.7 6.61211e-07 0 6.61211e-07
26126.3 6.51898e-07 0 6.51898e-07
26309.2 6.42716e-07 0 6.42716e-07
26493.3 6.33663e-07 0 6.33663e-07
26678.8 6.24737e-07 0 6.24737e-07
26865.6 6.15937e-07 0 6.15937e-07
27053.6 6.07261e-07 0 6.07261e-07
27243 5.98708e-07 0 5.98708e-07
27433.7 5.90274e-07 0 5.90274e-07
27625.7 5.8195e-07 0 5.8195e-07
27819.1 5.73753e-07 0 5.73753e-07
28013.8 5.65672e-07 0 5.65672e-07
28209.9 5.57704e-07 0 5.57704e-07
28407.4 5.49848e-07 0 5.49848e-07
28606.3 5.42103e-07 0 5.42103e-07
28806.5 5.34467e-07 0 5.34467e-07
29008.1 5.26939e-07 0 5.26939e-07
29211.2 5.19516e-07 0 5.19516e-07
29415.7 5.12198e-07 0 5.12198e-07
29621.6 5.04984e-07 0 5.04984e-07
29828.9 4.9787e-07 0 4.9787e-07
30037.7 4.90857e-07 0 4.90857e-07
30248 4.83943e-07 0 4.83943e-07
30459.7 4.77126e-07 0 4.77126e-07
30673 4.70405e-07 0 4.70405e-07
30887.7 4.63778e-07 0 4.63778e-07
31103.9 4.57238e-07 0 4.57238e-07
31321.6 4.50797e-07 0 4.50797e-07
31540.9 4.44447e-07 0 4.44447e-07
31761.7 4.38186e-07 0 4.38186e-07
31984 4.32014e-07 0 4.32014e-07
32207.9 4.25928e-07 0 4.25928e-07
32433.3 4.19928e-07 0 4.19928e-07
32660.4 4.14013e-07 0 4.14013e-07
32889 4.08181e-07 0 4.08181e-07
33119.2 4.02431e-07 0 4.02431e-07
33351 3.96762e-07 0 3.96762e-07
33584.5 3.91173e-07 0 3.91173e-07
33819.6 3.85662e-07 0 3.85662e-07
34056.3 3.80229e-07 0 3.80229e-07
34294.7 3.74873e-07 0 3.74873e-07
34534.8 3.69592e-07 0 3.69592e-07
34776.5 3.64379e-07 0 3.64379e-07
35020 3.59246e-07 0 3.59246e-07
35265.1 3.54185e-07 0 3.54185e-07
35512 3.49196e-07 0 3.49196e-07
35760.5 3.44277e-07 0 3.44277e-07
36010.9 3.39427e-07 0 3.39427e-07
36262.9 3.34645e-07 0 3.34645e-07
36516.8 3.29931e-07 0 3.29931e-07
36772.4 3.25283e-07 0 3.25283e-07
37029.8 3.207e-07 0 3.207e-07
37289 3.16182e-07 0 3.16182e-07
37550 3.11728e-07 0 3.11728e-07
37812.9 3.07336e-07 0 3.07336e-07
38077.6 3.03006e-07 0 3.03006e-07
38344.1 2.98737e-07 0 2.98737e-07
38612.5 2.94529e-07 0 2.94529e-07
38882.8 2.90379e-07 0 2.90379e-07
39155 2.86284e-07 0 2.86284e-07
39429.1 2.8225e-07 0 2.8225e-07
39705.1 2.78274e-07 0 2.78274e-07
39983 2.74354e-07 0 2.74354e-07
40262.9 2.70488e-07 0 2.70488e-07
40544.7 2.66678e-07 0 2.66678e-07
40828.6 2.62921e-07 0 2.62921e-07
41114.4 2.59216e-07 0 2.59216e-07
41402.2 2.55564e-07 0 2.55564e-07
41692 2.51964e-07 0 2.51964e-07
41983.8 2.48414e-07 0 2.48414e-07
42277.7 2.44914e-07 0 2.44914e-07
42573.6 2.41463e-07 0 2.41463e-07
42871.7 2.38061e-07 0 2.38061e-07
43171.8 2.34707e-07 0 2.34707e-07
43474 2.314e-07 0 2.314e-07
43778.3 2.28136e-07 0 2.28136e-07
44084.7 2.24922e-07 0 2.24922e-07
44393.3 2.21753e-07 0 2.21753e-07
44704.1 2.18628e-07 0 2.18628e-07
45017 2.15548e-07 0 2.15548e-07
45332.1 2.12511e-07 0 2.12511e-07
45649.5 2.09517e-07 0 2.09517e-07
45969 2.06565e-07 0 2.06565e-07
46290.8 2.03654e-07 0 2.03654e-07
46614.8 2.00785e-07 0 2.00785e-07
46941.1 1.97955e-07 0 1.97955e-07
47269.7 1.95166e-07 0 1.95166e-07
47600.6 1.92416e-07 0 1.92416e-07
47933.8 1.89705e-07 0 1.89705e-07
48269.3 1.87032e-07 0 1.87032e-07
48607.2 1.84396e-07 0 1.84396e-07
48947.5 1.81798e-07 0 1.81798e-07
49290.1 1.79233e-07 0 1.79233e-07
49635.1 1.76708e-07 0 1.76708e-07
49982.6 1.74218e-07 0 1.74218e-07
50332.5 1.71763e-07 0 1.71763e-07
50684.8 1.69343e-07 0 1.69343e-07
51039.6 1.66957e-07 0 1.66957e-07
51396.9 1.64604e-07 0 1.64604e-07
51756.6 1.62284e-07 0 1.62284e-07
52118.9 1.59998e-07 0 1.59998e-07
52483.8 1.57743e-07 0 1.57743e-07
52851.1 1.5552e-07 0 1.5552e-07
53221.1 1.53328e-07 0 1.53328e-07
53593.7 1.51168e-07 0 1.51168e-07
53968.8 1.49037e-07 0 1.49037e-07
54346.6 1.46937e-07 0 1.46937e-07
54727 1.44866e-07 0 1.44866e-07
55110.1 1.42825e-07 0 1.42825e-07
55495.9 1.4081e-07 0 1.4081e-07
55884.3 1.38826e-07 0 1.38826e-07
56275.5 1.36869e-07 0 1.36869e-07
56669.5 1.3494e-07 0 1.3494e-07
57066.2 1.33039e-07 0 1.33039e-07
57465.6 1.31164e-07 0 1.31164e-07
57867.9 1.29315e-07 0 1.29315e-07
58273 1.27493e-07 0 1.27493e-07
58680.9 1.25696e-07 0 1.25696e-07
59091.6 1.23925e-07 0 1.23925e-07
59505.3 1.22178e-07 0 1.22178e-07
59921.8 1.20456e-07 0 1.20456e-07
60341.3 1.18758e-07 0 1.18758e-07
60763.6 1.17085e-07 0 1.17085e-07
61189 1.15434e-07 0 1.15434e-07
61617.3 1.13807e-07 0 1.13807e-07
62048.6 1.12202e-07 0 1.12202e-07
62483 1.1062e-07 0 1.1062e-07
62920.4 1.09061e-07 0 1.09061e-07
63360.8 1.07524e-07 0 1.07524e-07
63804.3 1.06009e-07 0 1.06009e-07
64251 1.04514e-07 0 1.04514e-07
64700.7 1.03041e-07 0 1.03041e-07
65153.6 1.01589e-07 0 1.01589e-07
65609.7 1.00157e-07 0 1.00157e-07
66069 9.87453e-08 0 9.87453e-08
66531.4 9.73535e-08 0 9.73535e-08
66997.2 9.59812e-08 0 9.59812e-08
67466.1 9.46283e-08 0 9.46283e-08
67938.4 9.32944e-08 0 9.32944e-08
68414 9.19793e-08 0 9.19793e-08
68892.9 9.06828e-08 0 9.06828e-08
69375.1 8.94045e-08 0 8.94045e-08
69860.8 8.81428e-08 0 8.81428e-08
70349.8 8.69003e-08 0 8.69003e-08
70842.2 8.56754e-08 0 8.56754e-08
71338.1 8.44677e-08 0 8.44677e-08
71837.5 8.3277e-08 0 8.3277e-08
72340.4 8.2103e-08 0 8.2103e-08
72846.7 8.09456e-08 0 8.09456e-08
73356.7 7.98045e-08 0 7.98045e-08
73870.2 7.86795e-08 0 7.86795e-08
74387.2 7.75703e-08 0 7.75703e-08
74908 7.64768e-08 0 7.64768e-08
75432.3 7.53986e-08 0 7.53986e-08
75960.3 7.43356e-08 0 7.43356e-08
76492.1 7.32876e-08 0 7.32876e-08
77027.5 7.22544e-08 0 7.22544e-08
77566.7 7.12357e-08 0 7.12357e-08
78109.7 7.02302e-08 0 7.02302e-08
78656.4 6.92401e-08 0 6.92401e-08
79207 6.82639e-08 0 6.82639e-08
79761.5 6.73015e-08 0 6.73015e-08
80319.8 6.63526e-08 0 6.63526e-08
80882 6.54171e-08 0 6.54171e-08
81448.2 6.44948e-08 0 6.44948e-08
82018.4 6.35854e-08 0 6.35854e-08
82592.5 6.26889e-08 0 6.26889e-08
83170.6 6.1805e-08 0 6.1805e-08
83752.8 6.09335e-08 0 6.09335e-08
84339.1 6.00744e-08 0 6.00744e-08
84929.5 5.92273e-08 0 5.92273e-08
85524 5.83921e-08 0 5.83921e-08
86122.6 5.75688e-08 0 5.75688e-08
86725.5 5.6757e-08 0 5.6757e-08
87332.6 5.59566e-08 0 5.59566e-08
87943.9 5.51667e-08 0 5.51667e-08
88559.5 5.43888e-08 0 5.43888e-08
89179.4 5.36218e-08 0 5.36218e-08
89803.7 5.28657e-08 0 5.28657e-08
90432.3 5.21202e-08 0 5.21202e-08
91065.3 5.13852e-08 0 5.13852e-08
91702.8 5.06606e-08 0 5.06606e-08
92344.7 4.99461e-08 0 4.99461e-08
92991.1 4.92417e-08 0 4.92417e-08
93642.1 4.85473e-08 0 4.85473e-08
94297.6 4.78626e-08 0 4.78626e-08
94957.7 4.71876e-08 0 4.71876e-08
95622.4 4.65221e-08 0 4.65221e-08
96291.7 4.5866e-08 0 4.5866e-08
96965.8 4.52191e-08 0 4.52191e-08
97644.5 4.45813e-08 0 4.45813e-08
98328 4.39518e-08 0 4.39518e-08
99016.3 4.33319e-08 0 4.33319e-08
99709.4 4.27207e-08 0 4.27207e-08
100407 4.21182e-08 0 4.21182e-08
101110 4.15241e-08 0 4.15241e-08
101818 4.09384e-08 0 4.09384e-08
102531 4.0361e-08 0 4.0361e-08
103248 3.97917e-08 0 3.97917e-08
103971 3.92304e-08 0 3.92304e-08
104699 3.8677e-08 0 3.8677e-08
105432 3.81314e-08 0 3.81314e-08
106170 3.75935e-08 0 3.75935e-08
106913 3.70632e-08 0 3.70632e-08
107662 3.65403e-08 0 3.65403e-08
108415 3.60248e-08 0 3.60248e-08
109174 3.55166e-08 0 3.55166e-08
109938 3.50156e-08 0 3.50156e-08
110708 3.4521e-08 0 3.4521e-08
111483 3.4034e-08 0 3.4034e-08
112263 3.35539e-08 0 3.35539e-08
113049 3.30805e-08 0 3.30805e-08
113840 3.26138e-08 0 3.26138e-08
114637 3.21536e-08 0 3.21536e-08
115440 3.17e-08 0 3.17e-08
116248 3.12527e-08 0 3.12527e-08
117061 3.08117e-08 0 3.08117e-08
117881 3.0377e-08 0 3.0377e-08
118706 2.99484e-08 0 2.99484e-08
119537 2.95258e-08 0 2.95258e-08
120374 2.91091e-08 0 2.91091e-08
121216 2.86984e-08 0 2.86984e-08
122065 2.82934e-08 0 2.82934e-08
122919 2.78941e-08 0 2.78941e-08
123780 2.75001e-08 0 2.75001e-08
124646 2.7112e-08 0 2.7112e-08
125519 2.67294e-08 0 2.67294e-08
126397 2.63522e-08 0 2.63522e-08
127282 2.59803e-08 0 2.59803e-08
128173 2.56136e-08 0 2.56136e-08
129070 2.52521e-08 0 2.52521e-08
129974 2.48958e-08 0 2.48958e-08
130884 2.45444e-08 0 2.45444e-08
131800 2.4198e-08 0 2.4198e-08
132722 2.38564e-08 0 2.38564e-08
133652 2.35197e-08 0 2.35197e-08
134587 2.31877e-08 0 2.31877e-08
135529 2.28604e-08 0 2.28604e-08
136478 2.25377e-08 0 2.25377e-08
137433 2.22196e-08 0 2.22196e-08
138395 2.19059e-08 0 2.19059e-08
139364 2.15963e-08 0 2.15963e-08
140340 2.12915e-08 0 2.12915e-08
141322 2.09909e-08 0 2.09909e-08
142311 2.06946e-08 0 2.06946e-08
143307 2.04024e-08 0 2.04024e-08
144311 2.01144e-08 0 2.01144e-08
145321 1.98304e-08 0 1.98304e-08
146338 1.95504e-08 0 1.95504e-08
147362 1.92744e-08 0 1.92744e-08
148394 1.90023e-08 0 1.90023e-08
149433 1.8734e-08 0 1.8734e-08
150479 1.84694e-08 0 1.84694e-08
151532 1.82086e-08 0 1.82086e-08
152593 1.79515e-08 0 1.79515e-08
153661 1.7698e-08 0 1.7698e-08
154737 1.74481e-08 0 1.74481e-08
155820 1.72017e-08 0 1.72017e-08
156910 1.69585e-08 0 1.69585e-08
158009 1.6719e-08 0 1.6719e-08
159115 1.64829e-08 0 1.64829e-08
160229 1.62501e-08 0 1.62501e-08
161350 1.60206e-08 0 1.60206e-08
162480 1.57944e-08 0 1.57944e-08
163617 1.55713e-08 0 1.55713e-08
164762 1.53514e-08 0 1.53514e-08
165916 1.51345e-08 0 1.51345e-08
167077 1.49207e-08 0 1.49207e-08
168247 1.471e-08 0 1.471e-08
169424 1.45022e-08 0 1.45022e-08
170610 1.42973e-08 0 1.42973e-08
171805 1.40954e-08 0 1.40954e-08
173007 1.38962e-08 0 1.38962e-08
174218 1.36999e-08 0 1.36999e-08
175438 1.35061e-08 0 1.35061e-08
176666 1.33153e-08 0 1.33153e-08
177903 1.31272e-08 0 1.31272e-08
179148 1.29417e-08 0 1.29417e-08
180402 1.27589e-08 0 1.27589e-08
181665 1.25786e-08 0 1.25786e-08
182936 1.24009e-08 0 1.24009e-08
184217 1.22256e-08 0 1.22256e-08
185507 1.20529e-08 0 1.20529e-08
186805 1.18825e-08 0 1.18825e-08
188113 1.17146e-08 0 1.17146e-08
189429 1.15491e-08 0 1.15491e-08
190755 1.13858e-08 0 1.13858e-08
192091 1.12249e-08 0 1.12249e-08
193435 1.10663e-08 0 1.10663e-08
194789 1.09098e-08 0 1.09098e-08
196153 1.07556e-08 0 1.07556e-08
197526 1.06034e-08 0 1.06034e-08
198909 1.04536e-08 0 1.04536e-08
200301 1.03058e-08 0 1.03058e-08
201703 1.01601e-08 0 1.01601e-08
203115 1.00165e-08 0 1.00165e-08
204537 9.87487e-09 0 9.87487e-09
205969 9.73526e-09 0 9.73526e-09
207410 9.59762e-09 0 9.59762e-09
208862 9.46192e-09 0 9.46192e-09
210324 9.32813e-09 0 9.32813e-09
211797 9.19624e-09 0 9.19624e-09
213279 9.0662e-09 0 9.0662e-09
214772 8.93799e-09 0 8.93799e-09
216276 8.8116e-09 0 8.8116e-09
217790 8.68699e-09 0 8.68699e-09
219314 8.56413e-09 0 8.56413e-09
220849 8.44301e-09 0 8.44301e-09
222395 8.32346e-09 0 8.32346e-09
223952 8.20573e-09 0 8.20573e-09
225520 8.08967e-09 0 8.08967e-09
227098 7.97525e-09 0 7.97525e-09
228688 7.86244e-09 0 7.86244e-09
230289 7.75121e-09 0 7.75121e-09
231901 7.64156e-09 0 7.64156e-09
233524 7.53346e-09 0 7.53346e-09
235159 7.42688e-09 0 7.42688e-09
236805 7.3218e-09 0 7.3218e-09
238462 7.21821e-09 0 7.21821e-09
240132 7.11607e-09 0 7.11607e-09
241813 7.01538e-09 0 7.01538e-09
243505 6.91611e-09 0 6.91611e-09
245210 6.81824e-09 0 6.81824e-09
246926 6.72175e-09 0 6.72175e-09
248655 6.62651e-09 0 6.62651e-09
250395 6.53273e-09 0 6.53273e-09
252148 6.44027e-09 0 6.44027e-09
253913 6.34912e-09 0 6.34912e-09
255691 6.25925e-09 0 6.25925e-09
257480 6.17065e-09 0 6.17065e-09
259283 6.0833e-09 0 6.0833e-09
261098 5.99718e-09 0 5.99718e-09
262925 5.91228e-09 0 5.91228e-09
264766 5.82858e-09 0 5.82858e-09
266619 5.74606e-09 0 5.74606e-09
268486 5.6647e-09 0 5.6647e-09
270365 5.58449e-09 0 5.58449e-09
272258 5.50541e-09 0 5.50541e-09
274163 5.42745e-09 0 5.42745e-09
276083 5.35059e-09 0 5.35059e-09
278015 5.27481e-09 0 5.27481e-09
279961 5.20002e-09 0 5.20002e-09
281921 5.12637e-09 0 5.12637e-09
283894 5.05376e-09 0 5.05376e-09
285882 4.98218e-09 0 4.98218e-09
287883 4.9116e-09 0 4.9116e-09
289898 4.84203e-09 0 4.84203e-09
291927 4.77343e-09 0 4.77343e-09
293971 4.70581e-09 0 4.70581e-09
296029 4.63913e-09 0 4.63913e-09
298101 4.5734e-09 0 4.5734e-09
300188 4.5086e-09 0 4.5086e-09
302289 4.44471e-09 0 4.44471e-09
304405 4.38172e-09 0 4.38172e-09
306536 4.31963e-09 0 4.31963e-09
308681 4.25841e-09 0 4.25841e-09
310842 4.19805e-09 0 4.19805e-09
313018 4.13855e-09 0 4.13855e-09
315209 4.07982e-09 0 4.07982e-09
317416 4.02199e-09 0 4.02199e-09
319638 3.96497e-09 0 3.96497e-09
321875 3.90876e-09 0 3.90876e-09
324128 3.85335e-09 0 3.85335e-09
326397 3.79871e-09 0 3.79871e-09
328682 3.74485e-09 0 3.74485e-09
330983 3.69175e-09 0 3.69175e-09
333300 3.6394e-09 0 3.6394e-09
335633 3.58779e-09 0 3.58779e-09
337982 3.53691e-09 0 3.53691e-09
340348 3.48674e-09 0 3.48674e-09
342730 3.43729e-09 0 3.43729e-09
345129 3.38853e-09 0 3.38853e-09
347545 3.34046e-09 0 3.34046e-09
349978 3.29307e-09 0 3.29307e-09
352428 3.2463e-09 0 3.2463e-09
354895 3.20024e-09 0 3.20024e-09
357379 3.15484e-09 0 3.15484e-09
359881 3.11007e-09 0 3.11007e-09
362400 3.06594e-09 0 3.06594e-09
364937 3.02243e-09 0 3.02243e-09
367491 2.97954e-09 0 2.97954e-09
370064 2.93725e-09 0 2.93725e-09
372654 2.89556e-09 0 2.89556e-09
375263 2.85446e-09 0 2.85446e-09
377890 2.81394e-09 0 2.81394e-09
380535 2.774e-09 0 2.774e-09
383199 2.73461e-09 0 2.73461e-09
385881 2.69579e-09 0 2.69579e-09
388582 2.65751e-09 0 2.65751e-09
391302 2.61978e-09 0 2.61978e-09
394041 2.58257e-09 0 2.58257e-09
396800 2.54585e-09 0 2.54585e-09
399577 2.5097e-09 0 2.5097e-09
402374 2.47405e-09 0 2.47405e-09
405191 2.43891e-09 0 2.43891e-09
408027 2.40427e-09 0 2.40427e-09
410884 2.37012e-09 0 2.37012e-09
413760 2.33645e-09 0 2.33645e-09
416656 2.30325e-09 0 2.30325e-09
419573 2.27052e-09 0 2.27052e-09
422510 2.23826e-09 0 2.23826e-09
425467 2.20646e-09 0 2.20646e-09
428446 2.1751e-09 0 2.1751e-09
431445 2.14419e-09 0 2.14419e-09
434465 2.11371e-09 0 2.11371e-09
437506 2.08367e-09 0 2.08367e-09
440569 2.05405e-09 0 2.05405e-09
443653 2.02485e-09 0 2.02485e-09
446758 1.99602e-09 0 1.99602e-09
449885 1.96765e-09 0 1.96765e-09
453035 1.93967e-09 0 1.93967e-09
456206 1.91209e-09 0 1.91209e-09
459399 1.8849e-09 0 1.8849e-09
462615 1.85809e-09 0 1.85809e-09
465853 1.83166e-09 0 1.83166e-09
469114 1.80561e-09 0 1.80561e-09
472398 1.77993e-09 0 1.77993e-09
475705 1.75461e-09 0 1.75461e-09
479035 1.72964e-09 0 1.72964e-09
482388 1.70504e-09 0 1.70504e-09
485765 1.68078e-09 0 1.68078e-09
489165 1.65686e-09 0 1.65686e-09
492589 1.63328e-09 0 1.63328e-09
496037 1.61004e-09 0 1.61004e-09
499510 1.58712e-09 0 1.58712e-09
503006 1.5645e-09 0 1.5645e-09
506527 1.54223e-09 0 1.54223e-09
510073 1.52028e-09 0 1.52028e-09
513644 1.49863e-09 0 1.49863e-09
517239 1.4773e-09 0 1.4773e-09
520860 1.45626e-09 0 1.45626e-09
524506 1.43552e-09 0 1.43552e-09
528177 1.41508e-09 0 1.41508e-09
531875 1.39493e-09 0 1.39493e-09
535598 1.37506e-09 0 1.37506e-09
539347 1.35547e-09 0 1.35547e-09
543122 1.33616e-09 0 1.33616e-09
546924 1.31713e-09 0 1.31713e-09
550753 1.29836e-09 0 1.29836e-09
554608 1.27986e-09 0 1.27986e-09
558490 1.26162e-09 0 1.26162e-09
562400 1.24364e-09 0 1.24364e-09
566336 1.2259e-09 0 1.2259e-09
570301 1.20843e-09 0 1.20843e-09
574293 1.1912e-09 0 1.1912e-09
578313 1.17422e-09 0 1.17422e-09
582361 1.15748e-09 0 1.15748e-09
586438 1.14098e-09 0 1.14098e-09
590543 1.12471e-09 0 1.12471e-09
594676 1.10867e-09 0 1.10867e-09
598839 1.09286e-09 0 1.09286e-09
603031 1.07727e-09 0 1.07727e-09
607252 1.06191e-09 0 1.06191e-09
611503 1.04676e-09 0 1.04676e-09
615784 1.03183e-09 0 1.03183e-09
620094 1.01711e-09 0 1.01711e-09
624435 1.0026e-09 0 1.0026e-09
628806 9.88289e-10 0 9.88289e-10
