6.7469 0.998184 113.054 7.95463e-50
6.79413 0.997995 112.091 2.08234e-49
6.84169 0.99779 111.11 5.55586e-49
6.88958 0.997566 110.129 1.48037e-48
6.93781 0.997324 109.137 3.99131e-48
6.98637 0.997061 108.139 1.08235e-47
7.03528 0.996778 107.132 2.96351e-47
7.08452 0.996471 106.119 8.15505e-47
7.13411 0.99614 105.099 2.26044e-46
7.18405 0.995784 104.075 6.29293e-46
7.23434 0.995401 103.045 1.76244e-45
7.28498 0.994989 102.009 4.96388e-45
7.33598 0.994546 100.969 1.40457e-44
7.38733 0.994072 99.9225 3.99596e-44
7.43904 0.993565 98.8703 1.14391e-43
7.49111 0.993022 97.8109 3.2977e-43
7.54355 0.992441 96.744 9.57852e-43
7.59636 0.991822 95.6699 2.80239e-42
7.64953 0.991163 94.5942 8.2112e-42
7.70308 0.99046 93.5082 2.43084e-41
7.757 0.989714 92.4201 7.21086e-41
7.8113 0.988919 91.324 2.15598e-40
7.86598 0.988077 90.2276 6.44798e-40
7.92104 0.987185 89.1242 1.942e-39
7.97649 0.98624 88.0074 5.9271e-39
8.03232 0.985241 86.9028 1.78698e-38
8.08855 0.984185 85.773 5.52517e-38
8.14517 0.98307 84.6563 1.68586e-37
8.20218 0.981894 83.5247 5.22082e-37
8.2596 0.980656 82.3905 1.62101e-36
8.31742 0.979353 81.2544 5.04184e-36
8.37564 0.977983 80.1111 1.57958e-35
8.43427 0.976544 78.9726 4.92404e-35
8.49331 0.975033 77.8133 1.56715e-34
8.55276 0.97345 76.6663 4.92692e-34
8.61263 0.971791 75.5089 1.56484e-33
8.67292 0.970055 74.3532 4.96126e-33
8.73363 0.968237 73.1862 1.59081e-32
8.79476 0.966341 72.0147 5.12321e-32
8.85633 0.964362 70.8509 1.63713e-31
8.91832 0.962298 69.678 5.27904e-31
8.98075 0.960148 68.5051 1.702e-30
9.04361 0.95791 67.3314 5.4913e-30
9.10692 0.955581 66.155 1.77626e-29
9.17067 0.953161 64.9752 5.76521e-29
9.23486 0.950648 63.7915 1.87817e-28
9.29951 0.94804 62.6135 6.08308e-28
9.3646 0.945336 61.434 1.97296e-27
9.43016 0.942535 60.2552 6.39438e-27
9.49617 0.939635 59.0675 2.09059e-26
9.56264 0.936636 57.8856 6.79478e-26
9.62958 0.933536 56.7054 2.20432e-25
9.69699 0.930334 55.5224 7.17081e-25
9.76486 0.927029 54.3396 2.33189e-24
9.83322 0.923615 53.1621 7.54165e-24
9.90205 0.920103 51.9758 2.4605e-23
9.97137 0.916486 50.803 7.91869e-23
10.0412 0.912764 49.6248 2.56197e-22
10.1115 0.908936 48.4569 8.20271e-22
10.1822 0.905002 47.2865 2.63262e-21
10.2535 0.900963 46.1162 8.44713e-21
10.3253 0.896817 44.9598 2.67256e-20
10.3976 0.892565 43.8032 8.4559e-20
10.4703 0.888207 42.6475 2.67256e-19
10.5436 0.883744 41.4921 8.44363e-19
10.6174 0.879176 40.3521 2.62665e-18
10.6918 0.874503 39.2176 8.12373e-18
10.7666 0.869726 38.086 2.50514e-17
10.842 0.864846 36.9625 7.66188e-17
10.9179 0.859863 35.8438 2.33161e-16
10.9943 0.854771 34.7336 7.03425e-16
11.0713 0.849587 33.6296 2.10885e-15
11.1487 0.844303 32.5363 6.25395e-15
11.2268 0.838922 31.4566 1.82939e-14
11.3054 0.833444 30.3851 5.30629e-14
11.3845 0.827871 29.3195 1.52989e-13
11.4642 0.822204 28.2659 4.35778e-13
11.5445 0.816446 27.228 1.22173e-12
11.6253 0.810598 26.1956 3.40578e-12
11.7066 0.804662 25.1837 9.29973e-12
11.7886 0.798639 24.1782 2.52281e-11
11.8711 0.792532 23.1925 6.70865e-11
11.9542 0.786343 22.2151 1.76894e-10
12.0379 0.780075 21.2602 4.55962e-10
12.1222 0.773729 20.3183 1.15998e-09
12.207 0.767307 19.3895 2.91205e-09
12.2925 0.760813 18.4822 7.15452e-09
12.3785 0.754239 17.592 1.72749e-08
12.4652 0.747607 16.7217 4.08839e-08
12.5524 0.74091 15.8693 9.50212e-08
12.6403 0.734151 15.0356 2.16734e-07
12.7288 0.727332 14.2224 4.8418e-07
12.8179 0.720455 13.4341 1.05504e-06
12.9076 0.713525 12.6653 2.254e-06
12.9979 0.706542 11.9188 4.70833e-06
13.0889 0.699512 11.1967 9.59664e-06
13.1805 0.692435 10.4972 1.91206e-05
13.2728 0.685315 9.82028 3.7239e-05
13.3657 0.678156 9.17139 7.05095e-05
13.4593 0.670959 8.54699 0.000130253
13.5535 0.663729 7.94636 0.000234925
13.6484 0.656467 7.37237 0.000412509
13.7439 0.649177 6.82461 0.00070546
13.8401 0.64185 6.30164 0.00117671
13.937 0.634513 5.80432 0.00191273
14.0346 0.627156 5.33585 0.00302026
14.1328 0.619783 4.89104 0.0046568
14.2317 0.612396 4.47194 0.00699673
14.3313 0.604999 4.07836 0.0102458
14.4317 0.597593 3.70973 0.0146315
14.5327 0.590183 3.36583 0.0203809
14.6344 0.58277 3.04567 0.0277192
14.7369 0.575358 2.7487 0.0368294
14.84 0.56795 2.47394 0.0478511
14.9439 0.560547 2.21939 0.0609175
15.0485 0.553153 1.98698 0.0758422
15.1538 0.54577 1.77364 0.0926251
15.2599 0.538402 1.57856 0.111057
15.3667 0.531049 1.40085 0.130844
15.4743 0.523716 1.24038 0.151497
15.5826 0.516393 1.09475 0.172797
15.6917 0.509105 0.963449 0.194262
15.8015 0.501844 0.845664 0.215428
15.9122 0.49461 0.740188 0.235941
16.0235 0.487408 0.646153 0.25543
16.1357 0.480238 0.56254 0.27362
16.2487 0.473103 0.488352 0.290313
16.3624 0.466004 0.422678 0.305368
16.4769 0.458945 0.364705 0.318692
16.5923 0.451927 0.313966 0.330152
16.7084 0.444951 0.269315 0.339899
16.8254 0.438019 0.230474 0.347856
16.9432 0.431134 0.196601 0.354185
17.0618 0.424297 0.167142 0.358989
17.1812 0.417509 0.141666 0.362361
17.3015 0.410772 0.119704 0.36443
17.4226 0.404078 0.100821 0.365325
17.5445 0.397448 0.0846516 0.365188
17.6673 0.390874 0.0708292 0.364146
17.791 0.384356 0.0590495 0.362317
17.9156 0.377896 0.0490089 0.359822
18.041 0.371494 0.0405737 0.356723
18.1672 0.365153 0.0334195 0.353152
18.2944 0.358873 0.0274522 0.349155
18.4225 0.352655 0.0224403 0.344829
18.5514 0.3465 0.0182632 0.340229
18.6813 0.340409 0.014795 0.335409
18.8121 0.334382 0.0119422 0.330413
18.9437 0.328421 0.00959205 0.325286
19.0764 0.322526 0.00767097 0.320061
19.2099 0.316697 0.00610543 0.31477
19.3444 0.310936 0.0048286 0.309438
19.4798 0.305243 0.00380796 0.304083
19.6161 0.29961 0.00298484 0.298717
19.7534 0.294054 0.00232932 0.293369
19.8917 0.288567 0.00180633 0.288046
20.031 0.283149 0.00139623 0.282754
20.1712 0.277801 0.00107277 0.277503
20.3124 0.272523 0.000820163 0.272299
20.4546 0.267314 0.000623674 0.267148
20.5977 0.262176 0.000471418 0.262053
20.7419 0.257108 0.000354833 0.257017
20.8871 0.252111 0.000265233 0.252044
21.0333 0.247183 0.00019712 0.247134
21.1806 0.242326 0.000145308 0.24229
21.3288 0.237538 0.000106235 0.237513
21.4781 0.232821 7.71848e-05 0.232803
21.6285 0.228174 5.54755e-05 0.228161
21.7799 0.223596 3.94434e-05 0.223587
21.9323 0.219081 2.76607e-05 0.219075
22.0859 0.214642 1.91176e-05 0.214638
22.2405 0.210272 1.29923e-05 0.210269
22.3961 0.205971 8.59453e-06 0.205969
22.5529 0.201737 5.51846e-06 0.201736
22.7108 0.197572 3.38107e-06 0.197571
22.8698 0.193474 1.96984e-06 0.193474
23.0298 0.189443 1.04532e-06 0.189443
23.1911 0.185479 4.67871e-07 0.185479
23.3534 0.181581 1.30577e-07 0.181581
23.5169 0.177748 0 0.177748
23.6815 0.17398 0 0.17398
23.8473 0.170277 0 0.170277
24.0142 0.166638 0 0.166638
24.1823 0.163063 0 0.163063
24.3516 0.15955 0 0.15955
24.522 0.1561 0 0.1561
24.6937 0.152706 0 0.152706
24.8665 0.149379 0 0.149379
25.0406 0.146112 0 0.146112
25.2159 0.142904 0 0.142904
25.3924 0.139756 0 0.139756
25.5701 0.136666 0 0.136666
25.7491 0.133634 0 0.133634
25.9294 0.130659 0 0.130659
26.1109 0.127741 0 0.127741
26.2937 0.124878 0 0.124878
26.4777 0.12207 0 0.12207
26.6631 0.119316 0 0.119316
26.8497 0.116615 0 0.116615
27.0376 0.113968 0 0.113968
27.2269 0.111373 0 0.111373
27.4175 0.108829 0 0.108829
27.6094 0.106331 0 0.106331
27.8027 0.103888 0 0.103888
27.9973 0.101494 0 0.101494
28.1933 0.0991486 0 0.0991486
28.3906 0.0968507 0 0.0968507
28.5894 0.0945998 0 0.0945998
28.7895 0.0923952 0 0.0923952
28.991 0.0902361 0 0.0902361
29.194 0.0881219 0 0.0881219
29.3983 0.0860518 0 0.0860518
29.6041 0.0840251 0 0.0840251
29.8113 0.0820411 0 0.0820411
30.02 0.0800991 0 0.0800991
30.2302 0.0781984 0 0.0781984
30.4418 0.0763382 0 0.0763382
30.6549 0.074518 0 0.074518
30.8694 0.072737 0 0.072737
31.0855 0.070992 0 0.070992
31.3031 0.0692875 0 0.0692875
31.5223 0.0676202 0 0.0676202
31.7429 0.0659894 0 0.0659894
31.9651 0.0643944 0 0.0643944
32.1889 0.0628346 0 0.0628346
32.4142 0.0613093 0 0.0613093
32.6411 0.059818 0 0.059818
32.8696 0.0583599 0 0.0583599
33.0997 0.0569345 0 0.0569345
33.3314 0.0555411 0 0.0555411
33.5647 0.0541792 0 0.0541792
33.7996 0.052848 0 0.052848
34.0362 0.0515471 0 0.0515471
34.2745 0.0502758 0 0.0502758
34.5144 0.0490335 0 0.0490335
34.756 0.047818 0 0.047818
34.9993 0.0466323 0 0.0466323
35.2443 0.0454739 0 0.0454739
35.491 0.0443423 0 0.0443423
35.7394 0.0432369 0 0.0432369
35.9896 0.0421573 0 0.0421573
36.2415 0.0411028 0 0.0411028
36.4952 0.0400731 0 0.0400731
36.7507 0.0390675 0 0.0390675
37.008 0.0380855 0 0.0380855
37.267 0.0371267 0 0.0371267
37.5279 0.0361907 0 0.0361907
37.7906 0.0352768 0 0.0352768
38.0551 0.0343846 0 0.0343846
38.3215 0.0335137 0 0.0335137
38.5897 0.0326637 0 0.0326637
38.8599 0.031834 0 0.031834
39.1319 0.031023 0 0.031023
39.4058 0.0302328 0 0.0302328
39.6817 0.0294617 0 0.0294617
39.9594 0.0287092 0 0.0287092
40.2391 0.0279749 0 0.0279749
40.5208 0.0272584 0 0.0272584
40.8045 0.0265594 0 0.0265594
41.0901 0.0258775 0 0.0258775
41.3777 0.0252122 0 0.0252122
41.6674 0.0245632 0 0.0245632
41.959 0.0239301 0 0.0239301
42.2528 0.0233126 0 0.0233126
42.5485 0.0227104 0 0.0227104
42.8464 0.022123 0 0.022123
43.1463 0.0215501 0 0.0215501
43.4483 0.0209914 0 0.0209914
43.7525 0.0204458 0 0.0204458
44.0587 0.0199146 0 0.0199146
44.3671 0.0193966 0 0.0193966
44.6777 0.0188916 0 0.0188916
44.9904 0.0183992 0 0.0183992
45.3054 0.0179191 0 0.0179191
45.6225 0.017451 0 0.017451
45.9419 0.0169948 0 0.0169948
46.2635 0.01655 0 0.01655
46.5873 0.0161164 0 0.0161164
46.9134 0.0156937 0 0.0156937
47.2418 0.0152818 0 0.0152818
47.5725 0.0148803 0 0.0148803
47.9055 0.014489 0 0.014489
48.2409 0.0141076 0 0.0141076
48.5785 0.0137359 0 0.0137359
48.9186 0.0133737 0 0.0133737
49.261 0.0130202 0 0.0130202
49.6058 0.0126763 0 0.0126763
49.9531 0.0123412 0 0.0123412
50.3028 0.0120146 0 0.0120146
50.6549 0.0116965 0 0.0116965
51.0095 0.0113865 0 0.0113865
51.3665 0.0110845 0 0.0110845
51.7261 0.0107902 0 0.0107902
52.0882 0.0105036 0 0.0105036
52.4528 0.0102243 0 0.0102243
52.82 0.00995231 0 0.00995231
53.1897 0.00968731 0 0.00968731
53.562 0.00942918 0 0.00942918
53.937 0.00917775 0 0.00917775
54.3145 0.00893285 0 0.00893285
54.6947 0.00869431 0 0.00869431
55.0776 0.00846165 0 0.00846165
55.4631 0.0082354 0 0.0082354
55.8514 0.00801504 0 0.00801504
56.2423 0.00780044 0 0.00780044
56.636 0.00759145 0 0.00759145
57.0325 0.00738793 0 0.00738793
57.4317 0.00718973 0 0.00718973
57.8337 0.00699673 0 0.00699673
58.2386 0.0068088 0 0.0068088
58.6462 0.0066258 0 0.0066258
59.0568 0.00644761 0 0.00644761
59.4702 0.00627411 0 0.00627411
59.8864 0.00610518 0 0.00610518
60.3057 0.00594071 0 0.00594071
60.7278 0.00578057 0 0.00578057
61.1529 0.00562467 0 0.00562467
61.581 0.00547288 0 0.00547288
62.012 0.00532491 0 0.00532491
62.4461 0.00518107 0 0.00518107
62.8832 0.00504103 0 0.00504103
63.3234 0.00490472 0 0.00490472
63.7667 0.00477202 0 0.00477202
64.213 0.00464284 0 0.00464284
64.6625 0.0045171 0 0.0045171
65.1152 0.00439471 0 0.00439471
65.571 0.00427557 0 0.00427557
66.03 0.00415961 0 0.00415961
66.4922 0.00404674 0 0.00404674
66.9576 0.00393688 0 0.00393688
67.4263 0.00382995 0 0.00382995
67.8983 0.00372588 0 0.00372588
68.3736 0.0036246 0 0.0036246
68.8522 0.00352602 0 0.00352602
69.3342 0.00342995 0 0.00342995
69.8195 0.00333659 0 0.00333659
70.3083 0.00324574 0 0.00324574
70.8004 0.00315732 0 0.00315732
71.296 0.00307128 0 0.00307128
71.7951 0.00298755 0 0.00298755
72.2977 0.00290607 0 0.00290607
72.8037 0.00282678 0 0.00282678
73.3134 0.00274962 0 0.00274962
73.8266 0.00267454 0 0.00267454
74.3434 0.00260149 0 0.00260149
74.8638 0.0025304 0 0.0025304
75.3878 0.00246123 0 0.00246123
75.9155 0.00239393 0 0.00239393
76.4469 0.00232844 0 0.00232844
76.9821 0.00226473 0 0.00226473
77.5209 0.00220273 0 0.00220273
78.0636 0.00214233 0 0.00214233
78.61 0.00208365 0 0.00208365
79.1603 0.00202656 0 0.00202656
79.7144 0.00197102 0 0.00197102
80.2724 0.00191698 0 0.00191698
80.8343 0.0018644 0 0.0018644
81.4002 0.00181325 0 0.00181325
81.97 0.00176349 0 0.00176349
82.5438 0.00171508 0 0.00171508
83.1216 0.00166799 0 0.00166799
83.7034 0.00162217 0 0.00162217
84.2893 0.0015776 0 0.0015776
84.8794 0.00153425 0 0.00153425
85.4735 0.00149207 0 0.00149207
86.0718 0.00145104 0 0.00145104
86.6743 0.00141113 0 0.00141113
87.2811 0.00137225 0 0.00137225
87.892 0.00133449 0 0.00133449
88.5073 0.00129775 0 0.00129775
89.1268 0.00126202 0 0.00126202
89.7507 0.00122727 0 0.00122727
90.379 0.00119346 0 0.00119346
91.0116 0.00116057 0 0.00116057
91.6487 0.00112859 0 0.00112859
92.2902 0.00109748 0 0.00109748
92.9363 0.00106721 0 0.00106721
93.5868 0.00103778 0 0.00103778
94.2419 0.00100915 0 0.00100915
94.9016 0.000981307 0 0.000981307
95.5659 0.000954224 0 0.000954224
96.2349 0.000927883 0 0.000927883
96.9085 0.000902264 0 0.000902264
97.5869 0.000877346 0 0.000877346
98.27 0.000853079 0 0.000853079
98.9579 0.000829511 0 0.000829511
99.6506 0.00080659 0 0.00080659
100.348 0.000784298 0 0.000784298
101.051 0.000762617 0 0.000762617
101.758 0.000741532 0 0.000741532
102.47 0.000721026 0 0.000721026
103.188 0.000701082 0 0.000701082
103.91 0.000681687 0 0.000681687
104.637 0.000662825 0 0.000662825
105.37 0.000644482 0 0.000644482
106.107 0.000626643 0 0.000626643
106.85 0.000609294 0 0.000609294
107.598 0.000592423 0 0.000592423
108.351 0.000576017 0 0.000576017
109.11 0.000560062 0 0.000560062
109.873 0.000544525 0 0.000544525
110.642 0.000529438 0 0.000529438
111.417 0.000514767 0 0.000514767
112.197 0.0005005 0 0.0005005
112.982 0.000486626 0 0.000486626
113.773 0.000473135 0 0.000473135
114.57 0.000460016 0 0.000460016
115.372 0.000447258 0 0.000447258
116.179 0.000434853 0 0.000434853
116.992 0.00042279 0 0.00042279
117.811 0.00041106 0 0.00041106
118.636 0.000399653 0 0.000399653
119.467 0.000388562 0 0.000388562
120.303 0.000377777 0 0.000377777
121.145 0.00036729 0 0.00036729
121.993 0.000357092 0 0.000357092
122.847 0.000347177 0 0.000347177
123.707 0.000337522 0 0.000337522
124.573 0.000328148 0 0.000328148
125.445 0.000319033 0 0.000319033
126.323 0.000310171 0 0.000310171
127.207 0.000301553 0 0.000301553
128.098 0.000293174 0 0.000293174
128.994 0.000285026 0 0.000285026
129.897 0.000277104 0 0.000277104
130.806 0.000269402 0 0.000269402
131.722 0.000261912 0 0.000261912
132.644 0.00025463 0 0.00025463
133.573 0.00024755 0 0.00024755
134.508 0.000240666 0 0.000240666
135.449 0.000233972 0 0.000233972
136.397 0.000227464 0 0.000227464
137.352 0.000221136 0 0.000221136
138.314 0.000214976 0 0.000214976
139.282 0.000208995 0 0.000208995
140.257 0.000203179 0 0.000203179
141.239 0.000197525 0 0.000197525
142.227 0.000192028 0 0.000192028
143.223 0.000186683 0 0.000186683
144.225 0.000181487 0 0.000181487
145.235 0.000176434 0 0.000176434
146.252 0.000171522 0 0.000171522
147.275 0.000166746 0 0.000166746
148.306 0.000162103 0 0.000162103
149.344 0.000157589 0 0.000157589
150.39 0.0001532 0 0.0001532
151.443 0.000148932 0 0.000148932
152.503 0.000144784 0 0.000144784
153.57 0.00014075 0 0.00014075
154.645 0.000136829 0 0.000136829
155.728 0.000133011 0 0.000133011
156.818 0.000129305 0 0.000129305
157.916 0.000125702 0 0.000125702
159.021 0.000122199 0 0.000122199
160.134 0.000118793 0 0.000118793
161.255 0.000115482 0 0.000115482
162.384 0.000112263 0 0.000112263
163.521 0.000109134 0 0.000109134
164.665 0.000106091 0 0.000106091
165.818 0.000103133 0 0.000103133
166.979 0.000100258 0 0.000100258
168.147 9.74623e-05 0 9.74623e-05
169.324 9.47444e-05 0 9.47444e-05
170.51 9.21022e-05 0 9.21022e-05
171.703 8.95335e-05 0 8.95335e-05
172.905 8.70362e-05 0 8.70362e-05
174.116 8.46052e-05 0 8.46052e-05
175.334 8.22453e-05 0 8.22453e-05
176.562 7.9951e-05 0 7.9951e-05
177.798 7.77206e-05 0 7.77206e-05
179.042 7.55523e-05 0 7.55523e-05
180.296 7.34444e-05 0 7.34444e-05
181.558 7.13951e-05 0 7.13951e-05
182.828 6.94029e-05 0 6.94029e-05
184.108 6.74662e-05 0 6.74662e-05
185.397 6.55835e-05 0 6.55835e-05
186.695 6.37531e-05 0 6.37531e-05
188.002 6.19738e-05 0 6.19738e-05
189.318 6.0244e-05 0 6.0244e-05
190.643 5.85624e-05 0 5.85624e-05
191.977 5.69277e-05 0 5.69277e-05
193.321 5.53385e-05 0 5.53385e-05
194.675 5.37936e-05 0 5.37936e-05
196.037 5.22897e-05 0 5.22897e-05
197.409 5.08299e-05 0 5.08299e-05
198.791 4.94107e-05 0 4.94107e-05
200.183 4.80311e-05 0 4.80311e-05
201.584 4.669e-05 0 4.669e-05
202.995 4.53862e-05 0 4.53862e-05
204.416 4.41188e-05 0 4.41188e-05
205.847 4.28867e-05 0 4.28867e-05
207.288 4.1689e-05 0 4.1689e-05
208.739 4.05246e-05 0 4.05246e-05
210.2 3.93928e-05 0 3.93928e-05
211.672 3.82925e-05 0 3.82925e-05
213.153 3.72229e-05 0 3.72229e-05
214.645 3.61831e-05 0 3.61831e-05
216.148 3.51723e-05 0 3.51723e-05
217.661 3.41898e-05 0 3.41898e-05
219.185 3.32333e-05 0 3.32333e-05
220.719 3.23049e-05 0 3.23049e-05
222.264 3.14024e-05 0 3.14024e-05
223.82 3.0525e-05 0 3.0525e-05
225.387 2.96722e-05 0 2.96722e-05
226.964 2.88431e-05 0 2.88431e-05
228.553 2.80372e-05 0 2.80372e-05
230.153 2.72537e-05 0 2.72537e-05
231.764 2.64922e-05 0 2.64922e-05
233.386 2.57518e-05 0 2.57518e-05
235.02 2.50322e-05 0 2.50322e-05
236.665 2.43326e-05 0 2.43326e-05
238.322 2.36526e-05 0 2.36526e-05
239.99 2.29915e-05 0 2.29915e-05
241.67 2.23489e-05 0 2.23489e-05
243.362 2.17243e-05 0 2.17243e-05
245.065 2.1117e-05 0 2.1117e-05
246.781 2.0526e-05 0 2.0526e-05
248.508 1.99523e-05 0 1.99523e-05
250.248 1.93946e-05 0 1.93946e-05
251.999 1.88524e-05 0 1.88524e-05
253.763 1.83254e-05 0 1.83254e-05
255.54 1.78132e-05 0 1.78132e-05
257.329 1.73152e-05 0 1.73152e-05
259.13 1.68311e-05 0 1.68311e-05
260.944 1.63606e-05 0 1.63606e-05
262.77 1.59032e-05 0 1.59032e-05
264.61 1.54585e-05 0 1.54585e-05
266.462 1.50263e-05 0 1.50263e-05
268.327 1.46062e-05 0 1.46062e-05
270.206 1.41978e-05 0 1.41978e-05
272.097 1.38008e-05 0 1.38008e-05
274.002 1.34149e-05 0 1.34149e-05
275.92 1.30393e-05 0 1.30393e-05
277.851 1.26747e-05 0 1.26747e-05
279.796 1.23202e-05 0 1.23202e-05
281.755 1.19757e-05 0 1.19757e-05
283.727 1.16408e-05 0 1.16408e-05
285.713 1.13153e-05 0 1.13153e-05
287.713 1.09989e-05 0 1.09989e-05
289.727 1.06913e-05 0 1.06913e-05
291.755 1.03923e-05 0 1.03923e-05
293.797 1.01016e-05 0 1.01016e-05
295.854 9.81913e-06 0 9.81913e-06
297.925 9.54451e-06 0 9.54451e-06
300.01 9.27756e-06 0 9.27756e-06
302.11 9.01807e-06 0 9.01807e-06
304.225 8.76584e-06 0 8.76584e-06
306.355 8.52065e-06 0 8.52065e-06
308.499 8.28232e-06 0 8.28232e-06
310.659 8.05035e-06 0 8.05035e-06
312.833 7.82518e-06 0 7.82518e-06
315.023 7.6063e-06 0 7.6063e-06
317.228 7.39354e-06 0 7.39354e-06
319.449 7.18673e-06 0 7.18673e-06
321.685 6.9857e-06 0 6.9857e-06
323.937 6.79029e-06 0 6.79029e-06
326.204 6.60034e-06 0 6.60034e-06
328.488 6.41571e-06 0 6.41571e-06
330.787 6.23623e-06 0 6.23623e-06
333.103 6.06177e-06 0 6.06177e-06
335.435 5.89219e-06 0 5.89219e-06
337.783 5.72735e-06 0 5.72735e-06
340.147 5.56712e-06 0 5.56712e-06
342.528 5.41137e-06 0 5.41137e-06
344.926 5.25998e-06 0 5.25998e-06
347.34 5.11262e-06 0 5.11262e-06
349.772 4.96959e-06 0 4.96959e-06
352.22 4.83056e-06 0 4.83056e-06
354.686 4.69542e-06 0 4.69542e-06
357.168 4.56405e-06 0 4.56405e-06
359.669 4.43636e-06 0 4.43636e-06
362.186 4.31224e-06 0 4.31224e-06
364.722 4.19158e-06 0 4.19158e-06
367.275 4.07431e-06 0 4.07431e-06
369.846 3.96031e-06 0 3.96031e-06
372.434 3.8495e-06 0 3.8495e-06
375.041 3.74179e-06 0 3.74179e-06
377.667 3.6371e-06 0 3.6371e-06
380.31 3.53533e-06 0 3.53533e-06
382.973 3.4364e-06 0 3.4364e-06
385.653 3.34025e-06 0 3.34025e-06
388.353 3.24678e-06 0 3.24678e-06
391.071 3.15581e-06 0 3.15581e-06
393.809 3.06751e-06 0 3.06751e-06
396.566 2.98168e-06 0 2.98168e-06
399.342 2.89825e-06 0 2.89825e-06
402.137 2.81715e-06 0 2.81715e-06
404.952 2.73832e-06 0 2.73832e-06
407.787 2.66169e-06 0 2.66169e-06
410.641 2.58721e-06 0 2.58721e-06
413.516 2.51481e-06 0 2.51481e-06
416.41 2.44444e-06 0 2.44444e-06
419.325 2.37604e-06 0 2.37604e-06
422.26 2.30955e-06 0 2.30955e-06
425.216 2.24492e-06 0 2.24492e-06
428.193 2.18209e-06 0 2.18209e-06
431.19 2.12103e-06 0 2.12103e-06
434.208 2.06167e-06 0 2.06167e-06
437.248 2.0039e-06 0 2.0039e-06
440.309 1.94782e-06 0 1.94782e-06
443.391 1.89332e-06 0 1.89332e-06
446.494 1.84033e-06 0 1.84033e-06
449.62 1.78883e-06 0 1.78883e-06
452.767 1.73877e-06 0 1.73877e-06
455.937 1.69011e-06 0 1.69011e-06
459.128 1.64281e-06 0 1.64281e-06
462.342 1.59684e-06 0 1.59684e-06
465.578 1.55215e-06 0 1.55215e-06
468.838 1.50871e-06 0 1.50871e-06
472.119 1.46649e-06 0 1.46649e-06
475.424 1.42545e-06 0 1.42545e-06
478.752 1.38555e-06 0 1.38555e-06
482.103 1.34678e-06 0 1.34678e-06
485.478 1.30908e-06 0 1.30908e-06
488.877 1.27245e-06 0 1.27245e-06
492.299 1.23679e-06 0 1.23679e-06
495.745 1.20218e-06 0 1.20218e-06
499.215 1.16853e-06 0 1.16853e-06
502.709 1.13583e-06 0 1.13583e-06
506.228 1.10404e-06 0 1.10404e-06
509.772 1.07314e-06 0 1.07314e-06
513.34 1.04311e-06 0 1.04311e-06
516.934 1.01391e-06 0 1.01391e-06
520.552 9.85538e-07 0 9.85538e-07
524.196 9.57955e-07 0 9.57955e-07
527.866 9.31144e-07 0 9.31144e-07
531.561 9.05084e-07 0 9.05084e-07
535.282 8.79752e-07 0 8.79752e-07
539.029 8.5513e-07 0 8.5513e-07
542.802 8.31196e-07 0 8.31196e-07
546.601 8.07932e-07 0 8.07932e-07
550.428 7.8529e-07 0 7.8529e-07
554.281 7.63312e-07 0 7.63312e-07
558.161 7.41949e-07 0 7.41949e-07
562.068 7.21184e-07 0 7.21184e-07
566.002 7.01e-07 0 7.01e-07
569.964 6.8138e-07 0 6.8138e-07
573.954 6.6231e-07 0 6.6231e-07
577.972 6.43773e-07 0 6.43773e-07
582.017 6.25755e-07 0 6.25755e-07
586.092 6.08241e-07 0 6.08241e-07
590.194 5.91218e-07 0 5.91218e-07
594.326 5.7467e-07 0 5.7467e-07
598.486 5.58586e-07 0 5.58586e-07
602.675 5.42952e-07 0 5.42952e-07
606.894 5.27755e-07 0 5.27755e-07
611.142 5.12984e-07 0 5.12984e-07
615.42 4.98626e-07 0 4.98626e-07
619.728 4.84652e-07 0 4.84652e-07
624.066 4.71088e-07 0 4.71088e-07
628.435 4.57903e-07 0 4.57903e-07
632.834 4.45087e-07 0 4.45087e-07
637.264 4.3263e-07 0 4.3263e-07
641.724 4.20522e-07 0 4.20522e-07
646.216 4.08752e-07 0 4.08752e-07
650.74 3.97311e-07 0 3.97311e-07
655.295 3.86191e-07 0 3.86191e-07
659.882 3.75382e-07 0 3.75382e-07
664.501 3.64876e-07 0 3.64876e-07
669.153 3.54663e-07 0 3.54663e-07
673.837 3.44737e-07 0 3.44737e-07
678.554 3.35088e-07 0 3.35088e-07
683.304 3.25709e-07 0 3.25709e-07
688.087 3.16593e-07 0 3.16593e-07
692.903 3.0772e-07 0 3.0772e-07
697.754 2.99108e-07 0 2.99108e-07
702.638 2.90736e-07 0 2.90736e-07
707.557 2.82599e-07 0 2.82599e-07
712.509 2.7469e-07 0 2.7469e-07
717.497 2.67002e-07 0 2.67002e-07
722.519 2.59529e-07 0 2.59529e-07
727.577 2.52265e-07 0 2.52265e-07
732.67 2.45204e-07 0 2.45204e-07
737.799 2.38341e-07 0 2.38341e-07
742.963 2.31671e-07 0 2.31671e-07
748.164 2.25186e-07 0 2.25186e-07
753.401 2.18884e-07 0 2.18884e-07
758.675 2.12757e-07 0 2.12757e-07
763.986 2.06803e-07 0 2.06803e-07
769.334 2.01014e-07 0 2.01014e-07
774.719 1.95388e-07 0 1.95388e-07
780.142 1.89913e-07 0 1.89913e-07
785.603 1.84597e-07 0 1.84597e-07
791.102 1.79431e-07 0 1.79431e-07
796.64 1.74409e-07 0 1.74409e-07
802.217 1.69528e-07 0 1.69528e-07
807.832 1.64783e-07 0 1.64783e-07
813.487 1.60171e-07 0 1.60171e-07
819.181 1.55688e-07 0 1.55688e-07
824.916 1.51331e-07 0 1.51331e-07
830.69 1.47095e-07 0 1.47095e-07
836.505 1.42978e-07 0 1.42978e-07
842.36 1.38977e-07 0 1.38977e-07
848.257 1.35087e-07 0 1.35087e-07
854.195 1.31306e-07 0 1.31306e-07
860.174 1.27631e-07 0 1.27631e-07
866.195 1.24059e-07 0 1.24059e-07
872.259 1.20582e-07 0 1.20582e-07
878.364 1.17207e-07 0 1.17207e-07
884.513 1.13927e-07 0 1.13927e-07
890.705 1.10739e-07 0 1.10739e-07
896.939 1.07639e-07 0 1.07639e-07
903.218 1.04627e-07 0 1.04627e-07
909.541 1.01699e-07 0 1.01699e-07
915.907 9.88524e-08 0 9.88524e-08
922.319 9.60857e-08 0 9.60857e-08
928.775 9.33965e-08 0 9.33965e-08
935.276 9.07826e-08 0 9.07826e-08
941.823 8.82418e-08 0 8.82418e-08
948.416 8.57721e-08 0 8.57721e-08
955.055 8.33716e-08 0 8.33716e-08
961.74 8.10382e-08 0 8.10382e-08
968.473 7.87701e-08 0 7.87701e-08
975.252 7.65655e-08 0 7.65655e-08
982.079 7.442e-08 0 7.442e-08
988.953 7.23372e-08 0 7.23372e-08
995.876 7.03128e-08 0 7.03128e-08
1002.85 6.8345e-08 0 6.8345e-08
1009.87 6.64323e-08 0 6.64323e-08
1016.94 6.45731e-08 0 6.45731e-08
1024.05 6.27659e-08 0 6.27659e-08
1031.22 6.10093e-08 0 6.10093e-08
1038.44 5.93018e-08 0 5.93018e-08
1045.71 5.76422e-08 0 5.76422e-08
1053.03 5.6029e-08 0 5.6029e-08
1060.4 5.44609e-08 0 5.44609e-08
1067.82 5.29367e-08 0 5.29367e-08
1075.3 5.14552e-08 0 5.14552e-08
1082.83 5.00151e-08 0 5.00151e-08
1090.41 4.86154e-08 0 4.86154e-08
1098.04 4.72531e-08 0 4.72531e-08
1105.73 4.59307e-08 0 4.59307e-08
1113.47 4.46453e-08 0 4.46453e-08
1121.26 4.33959e-08 0 4.33959e-08
1129.11 4.21814e-08 0 4.21814e-08
1137.01 4.1001e-08 0 4.1001e-08
1144.97 3.98535e-08 0 3.98535e-08
1152.99 3.87382e-08 0 3.87382e-08
1161.06 3.76541e-08 0 3.76541e-08
1169.18 3.66003e-08 0 3.66003e-08
1177.37 3.5576e-08 0 3.5576e-08
1185.61 3.45804e-08 0 3.45804e-08
1193.91 3.36127e-08 0 3.36127e-08
1202.27 3.2672e-08 0 3.2672e-08
1210.68 3.17576e-08 0 3.17576e-08
1219.16 3.08689e-08 0 3.08689e-08
1227.69 3.0005e-08 0 3.0005e-08
1236.29 2.91642e-08 0 2.91642e-08
1244.94 2.83481e-08 0 2.83481e-08
1253.65 2.75548e-08 0 2.75548e-08
1262.43 2.67837e-08 0 2.67837e-08
1271.27 2.60342e-08 0 2.60342e-08
1280.17 2.53056e-08 0 2.53056e-08
1289.13 2.45975e-08 0 2.45975e-08
1298.15 2.39091e-08 0 2.39091e-08
1307.24 2.324e-08 0 2.324e-08
1316.39 2.25897e-08 0 2.25897e-08
1325.6 2.19575e-08 0 2.19575e-08
1334.88 2.1343e-08 0 2.1343e-08
1344.23 2.07458e-08 0 2.07458e-08
1353.64 2.01652e-08 0 2.01652e-08
1363.11 1.96009e-08 0 1.96009e-08
1372.65 1.90524e-08 0 1.90524e-08
1382.26 1.85185e-08 0 1.85185e-08
1391.94 1.80003e-08 0 1.80003e-08
1401.68 1.74966e-08 0 1.74966e-08
1411.49 1.7007e-08 0 1.7007e-08
1421.37 1.65311e-08 0 1.65311e-08
1431.32 1.60685e-08 0 1.60685e-08
1441.34 1.56189e-08 0 1.56189e-08
1451.43 1.51818e-08 0 1.51818e-08
1461.59 1.4757e-08 0 1.4757e-08
1471.82 1.4344e-08 0 1.4344e-08
1482.13 1.39426e-08 0 1.39426e-08
1492.5 1.35525e-08 0 1.35525e-08
1502.95 1.31732e-08 0 1.31732e-08
1513.47 1.28046e-08 0 1.28046e-08
1524.06 1.24463e-08 0 1.24463e-08
1534.73 1.2098e-08 0 1.2098e-08
1545.47 1.17594e-08 0 1.17594e-08
1556.29 1.143e-08 0 1.143e-08
1567.19 1.11101e-08 0 1.11101e-08
1578.16 1.07992e-08 0 1.07992e-08
1589.2 1.04971e-08 0 1.04971e-08
1600.33 1.02033e-08 0 1.02033e-08
1611.53 9.91783e-09 0 9.91783e-09
1622.81 9.64031e-09 0 9.64031e-09
1634.17 9.37055e-09 0 9.37055e-09
1645.61 9.10834e-09 0 9.10834e-09
1657.13 8.85347e-09 0 8.85347e-09
1668.73 8.60573e-09 0 8.60573e-09
1680.41 8.36493e-09 0 8.36493e-09
1692.17 8.13086e-09 0 8.13086e-09
1704.02 7.90334e-09 0 7.90334e-09
1715.95 7.68219e-09 0 7.68219e-09
1727.96 7.46722e-09 0 7.46722e-09
1740.05 7.25801e-09 0 7.25801e-09
1752.23 7.05493e-09 0 7.05493e-09
1764.5 6.85753e-09 0 6.85753e-09
1776.85 6.66565e-09 0 6.66565e-09
1789.29 6.47914e-09 0 6.47914e-09
1801.81 6.29785e-09 0 6.29785e-09
1814.43 6.12163e-09 0 6.12163e-09
1827.13 5.95034e-09 0 5.95034e-09
1839.92 5.78385e-09 0 5.78385e-09
1852.8 5.62201e-09 0 5.62201e-09
1865.77 5.4647e-09 0 5.4647e-09
1878.83 5.31179e-09 0 5.31179e-09
1891.98 5.16316e-09 0 5.16316e-09
1905.22 5.01869e-09 0 5.01869e-09
1918.56 4.87827e-09 0 4.87827e-09
1931.99 4.74177e-09 0 4.74177e-09
1945.51 4.60909e-09 0 4.60909e-09
1959.13 4.47997e-09 0 4.47997e-09
1972.85 4.35462e-09 0 4.35462e-09
1986.66 4.23278e-09 0 4.23278e-09
2000.56 4.11435e-09 0 4.11435e-09
2014.57 3.99923e-09 0 3.99923e-09
2028.67 3.88733e-09 0 3.88733e-09
2042.87 3.77857e-09 0 3.77857e-09
2057.17 3.67285e-09 0 3.67285e-09
2071.57 3.57008e-09 0 3.57008e-09
2086.07 3.47019e-09 0 3.47019e-09
2100.67 3.3731e-09 0 3.3731e-09
2115.38 3.27872e-09 0 3.27872e-09
2130.19 3.18698e-09 0 3.18698e-09
2145.1 3.09781e-09 0 3.09781e-09
2160.11 3.01113e-09 0 3.01113e-09
2175.23 2.92688e-09 0 2.92688e-09
2190.46 2.84489e-09 0 2.84489e-09
2205.79 2.76529e-09 0 2.76529e-09
2221.23 2.68793e-09 0 2.68793e-09
2236.78 2.61272e-09 0 2.61272e-09
2252.44 2.53962e-09 0 2.53962e-09
2268.21 2.46857e-09 0 2.46857e-09
2284.08 2.3995e-09 0 2.3995e-09
2300.07 2.33237e-09 0 2.33237e-09
2316.17 2.26711e-09 0 2.26711e-09
2332.39 2.20368e-09 0 2.20368e-09
2348.71 2.14203e-09 0 2.14203e-09
2365.15 2.0821e-09 0 2.0821e-09
2381.71 2.02384e-09 0 2.02384e-09
2398.38 1.96722e-09 0 1.96722e-09
2415.17 1.91218e-09 0 1.91218e-09
2432.08 1.85868e-09 0 1.85868e-09
2449.1 1.80668e-09 0 1.80668e-09
2466.25 1.75607e-09 0 1.75607e-09
2483.51 1.70694e-09 0 1.70694e-09
2500.89 1.65918e-09 0 1.65918e-09
2518.4 1.61276e-09 0 1.61276e-09
2536.03 1.56764e-09 0 1.56764e-09
2553.78 1.52378e-09 0 1.52378e-09
2571.66 1.48115e-09 0 1.48115e-09
2589.66 1.43972e-09 0 1.43972e-09
2607.79 1.39944e-09 0 1.39944e-09
2626.04 1.36028e-09 0 1.36028e-09
2644.42 1.32223e-09 0 1.32223e-09
2662.93 1.28523e-09 0 1.28523e-09
2681.58 1.24928e-09 0 1.24928e-09
2700.35 1.21433e-09 0 1.21433e-09
2719.25 1.18035e-09 0 1.18035e-09
2738.28 1.14733e-09 0 1.14733e-09
2757.45 1.11519e-09 0 1.11519e-09
2776.75 1.08399e-09 0 1.08399e-09
2796.19 1.05367e-09 0 1.05367e-09
2815.76 1.02419e-09 0 1.02419e-09
2835.47 9.95537e-10 0 9.95537e-10
