6.67037 0.99846 110.447 1.0781e-48
6.71706 0.998296 109.461 2.88908e-48
6.76408 0.998117 108.477 7.73394e-48
6.81143 0.997922 107.482 2.09079e-47
6.85911 0.99771 106.476 5.71706e-47
6.90712 0.99748 105.465 1.57031e-46
6.95547 0.99723 104.454 4.3168e-46
7.00416 0.99696 103.441 1.18828e-45
7.05319 0.996669 102.416 3.30957e-45
7.10256 0.996353 101.385 9.2817e-45
7.15228 0.996014 100.346 2.62154e-44
7.20235 0.995648 99.301 7.45105e-44
7.25276 0.995254 98.251 2.12848e-43
7.30353 0.994831 97.1958 6.11176e-43
7.35466 0.994377 96.1346 1.76533e-42
7.40614 0.993891 95.0657 5.13842e-42
7.45798 0.993371 93.9875 1.50952e-41
7.51019 0.992814 92.9044 4.45654e-41
7.56276 0.99222 91.8203 1.31696e-40
7.6157 0.991587 90.7367 3.88953e-40
7.66901 0.990912 89.6443 1.15881e-39
7.72269 0.990193 88.5445 3.47811e-39
7.77675 0.989429 87.441 1.0477e-38
7.83119 0.988618 86.3254 3.1944e-38
7.88601 0.987758 85.2173 9.66643e-38
7.94121 0.986846 84.0969 2.96083e-37
7.9968 0.985882 82.9794 9.04374e-37
8.05277 0.984862 81.8423 2.81657e-36
8.10914 0.983785 80.7228 8.61876e-36
8.16591 0.982648 79.5756 2.71126e-35
8.22307 0.98145 78.4444 8.39242e-35
8.28063 0.980189 77.3009 2.63e-34
8.33859 0.978861 76.1539 8.26967e-34
8.39696 0.977466 75.0064 2.60154e-33
8.45574 0.976001 73.8442 8.30462e-33
8.51493 0.974464 72.6955 2.61512e-32
8.57454 0.972854 71.5362 8.3225e-32
8.63456 0.971167 70.3745 2.65491e-31
8.695 0.969403 69.2083 8.50565e-31
8.75587 0.967555 68.0343 2.74632e-30
8.81716 0.965629 66.8747 8.73942e-30
8.87888 0.96362 65.7039 2.81222e-29
8.94103 0.961525 64.5307 9.07083e-29
9.00362 0.959342 63.3609 2.91527e-28
9.06664 0.957071 62.188 9.39832e-28
9.13011 0.954709 61.0069 3.05437e-27
9.19402 0.952256 59.832 9.86362e-27
9.25838 0.949708 58.6522 3.20078e-26
9.32319 0.947065 57.4727 1.0383e-25
9.38845 0.944326 56.3026 3.33589e-25
9.45417 0.941489 55.1278 1.07673e-24
9.52035 0.938553 53.9548 3.46901e-24
9.58699 0.935517 52.7738 1.12636e-23
9.6541 0.93238 51.6039 3.61659e-23
9.72168 0.929141 50.4372 1.15746e-22
9.78973 0.925793 49.2637 3.72874e-22
9.85826 0.922347 48.1005 1.1888e-21
9.92727 0.918797 46.9296 3.81912e-21
9.99676 0.915141 45.7728 1.20947e-20
10.0667 0.911381 44.6124 3.84394e-20
10.1372 0.907514 43.4643 1.20657e-19
10.2082 0.903542 42.3152 3.79051e-19
10.2796 0.899463 41.1672 1.18926e-18
10.3516 0.895279 40.0348 3.67342e-18
10.424 0.890989 38.9033 1.13341e-17
10.497 0.886592 37.7743 3.48788e-17
10.5705 0.882091 36.6489 1.06925e-16
10.6445 0.877484 35.5363 3.23595e-16
10.719 0.872773 34.4318 9.71299e-16
10.794 0.867959 33.3344 2.89436e-15
10.8696 0.863041 32.2454 8.55142e-15
10.9457 0.858021 31.1631 2.50931e-14
11.0223 0.852893 30.0895 7.29756e-14
11.0994 0.847672 29.0328 2.08665e-13
11.1771 0.842353 27.9831 5.92353e-13
11.2554 0.836936 26.9428 1.66572e-12
11.3342 0.831423 25.9176 4.61256e-12
11.4135 0.825816 24.901 1.26625e-11
11.4934 0.820116 23.902 3.4147e-11
11.5739 0.814324 22.9134 9.1122e-11
11.6549 0.808444 21.9394 2.39592e-10
11.7365 0.802476 20.981 6.20167e-10
11.8186 0.796422 20.0347 1.58554e-09
11.9013 0.790285 19.1101 3.96638e-09
11.9846 0.784067 18.2021 9.75624e-09
12.0685 0.77777 17.309 2.36399e-08
12.153 0.771396 16.4352 5.61758e-08
12.2381 0.764948 15.5828 1.3065e-07
12.3238 0.758418 14.7459 2.9911e-07
12.41 0.751829 13.9333 6.683e-07
12.4969 0.745173 13.1397 1.46473e-06
12.5844 0.738453 12.367 3.14348e-06
12.6725 0.731672 11.6211 6.56667e-06
12.7612 0.724831 10.896 1.34331e-05
12.8505 0.717935 10.1945 2.68323e-05
12.9405 0.710985 9.51747 5.22971e-05
13.031 0.703985 8.86548 9.93878e-05
13.1223 0.696937 8.2388 0.000184131
13.2141 0.689844 7.63782 0.00033242
13.3066 0.68271 7.06328 0.000584376
13.3998 0.675536 6.51323 0.00100228
13.4936 0.668327 5.99325 0.00166783
13.588 0.661085 5.4992 0.00270387
13.6831 0.653812 5.03027 0.00427401
13.7789 0.646513 4.5902 0.00656261
13.8754 0.639178 4.17522 0.00982535
13.9725 0.631833 3.7871 0.014318
14.0703 0.62447 3.42516 0.0203228
14.1688 0.617091 3.08782 0.0281401
14.268 0.6097 2.77494 0.038017
14.3678 0.6023 2.4864 0.0501166
14.4684 0.594892 2.22096 0.0645485
14.5697 0.587481 1.97769 0.0813009
14.6717 0.580068 1.75568 0.100229
14.7744 0.572657 1.55378 0.121087
14.8778 0.56525 1.37057 0.143553
14.982 0.55785 1.2048 0.167216
15.0868 0.55046 1.0565 0.191378
15.1924 0.543082 0.922792 0.215825
15.2988 0.535719 0.80434 0.239672
15.4059 0.528373 0.698355 0.262814
15.5137 0.521036 0.604584 0.284643
15.6223 0.513733 0.52212 0.304778
15.7317 0.506455 0.44933 0.323146
15.8418 0.499203 0.385478 0.339521
15.9527 0.491981 0.32976 0.353782
16.0643 0.48479 0.28127 0.365931
16.1768 0.477632 0.239145 0.37604
16.29 0.47051 0.202625 0.384211
16.4041 0.463426 0.171342 0.390452
16.5189 0.456382 0.144404 0.395015
16.6345 0.449378 0.12127 0.398057
16.751 0.442419 0.101588 0.399682
16.8682 0.435504 0.0848053 0.400094
16.9863 0.428636 0.0705449 0.39944
17.1052 0.421816 0.0584847 0.397854
17.2249 0.415047 0.0483682 0.39545
17.3455 0.408329 0.0398484 0.392378
17.4669 0.401655 0.0326991 0.388733
17.5892 0.395045 0.0267258 0.384627
17.7123 0.388491 0.0217808 0.380121
17.8363 0.381994 0.017677 0.375301
17.9612 0.375555 0.0142706 0.370234
18.0869 0.369176 0.0114917 0.364957
18.2135 0.362856 0.00920043 0.359533
18.341 0.356599 0.00734343 0.35399
18.4694 0.350404 0.00582913 0.348367
18.5987 0.344272 0.00460448 0.34269
18.7289 0.338204 0.00361795 0.336983
18.86 0.332201 0.00283247 0.331262
18.992 0.326264 0.00220364 0.325546
19.1249 0.320393 0.00170724 0.319847
19.2588 0.314589 0.00131569 0.314176
19.3936 0.308853 0.00100767 0.308542
19.5294 0.303176 0.00076894 0.302943
19.6661 0.297576 0.000583476 0.297403
19.8037 0.292045 0.000440039 0.291917
19.9424 0.286584 0.000330533 0.286489
20.082 0.281191 0.000247241 0.281122
20.2225 0.275869 0.000183835 0.275818
20.3641 0.270616 0.00013597 0.270579
20.5066 0.265433 9.99441e-05 0.265407
20.6502 0.260321 7.29487e-05 0.260302
20.7947 0.255278 5.2999e-05 0.255265
20.9403 0.250306 3.82863e-05 0.250296
21.0869 0.245404 2.74698e-05 0.245397
21.2345 0.240572 1.95191e-05 0.240568
21.3831 0.235811 1.37759e-05 0.235807
21.5328 0.231119 9.61372e-06 0.231117
21.6835 0.226497 6.62957e-06 0.226495
21.8353 0.221944 4.51466e-06 0.221943
21.9882 0.217455 3.02096e-06 0.217454
22.1421 0.213041 1.9831e-06 0.21304
22.2971 0.208696 1.26721e-06 0.208696
22.4532 0.204419 7.77798e-07 0.204419
22.6103 0.200211 4.6126e-07 0.200211
22.7686 0.19607 2.54846e-07 0.19607
22.928 0.191997 1.26647e-07 0.191997
23.0885 0.18799 5.02208e-08 0.18799
23.2501 0.18405 9.01303e-09 0.18405
23.4129 0.180176 0 0.180176
23.5768 0.176367 0 0.176367
23.7418 0.172623 0 0.172623
23.908 0.168943 0 0.168943
24.0753 0.165327 0 0.165327
24.2439 0.161775 0 0.161775
24.4136 0.158285 0 0.158285
24.5845 0.154852 0 0.154852
24.7566 0.151486 0 0.151486
24.9299 0.148181 0 0.148181
25.1044 0.144935 0 0.144935
25.2801 0.14175 0 0.14175
25.4571 0.138623 0 0.138623
25.6353 0.135554 0 0.135554
25.8147 0.132543 0 0.132543
25.9954 0.129589 0 0.129589
26.1774 0.12669 0 0.12669
26.3606 0.123848 0 0.123848
26.5451 0.121059 0 0.121059
26.731 0.118325 0 0.118325
26.9181 0.115644 0 0.115644
27.1065 0.113016 0 0.113016
27.2962 0.110439 0 0.110439
27.4873 0.107914 0 0.107914
27.6797 0.105435 0 0.105435
27.8735 0.10301 0 0.10301
28.0686 0.100633 0 0.100633
28.2651 0.0983053 0 0.0983053
28.4629 0.0960247 0 0.0960247
28.6622 0.0937907 0 0.0937907
28.8628 0.0916028 0 0.0916028
29.0648 0.0894602 0 0.0894602
29.2683 0.0873621 0 0.0873621
29.4732 0.0853079 0 0.0853079
29.6795 0.0832969 0 0.0832969
29.8873 0.0813283 0 0.0813283
30.0965 0.0794014 0 0.0794014
30.3071 0.0775156 0 0.0775156
30.5193 0.07567 0 0.07567
30.7329 0.0738642 0 0.0738642
30.9481 0.0720947 0 0.0720947
31.1647 0.0703662 0 0.0703662
31.3828 0.0686754 0 0.0686754
31.6025 0.0670214 0 0.0670214
31.8237 0.0654038 0 0.0654038
32.0465 0.0638217 0 0.0638217
32.2708 0.0622746 0 0.0622746
32.4967 0.0607618 0 0.0607618
32.7242 0.0592826 0 0.0592826
32.9533 0.0578365 0 0.0578365
33.1839 0.0564229 0 0.0564229
33.4162 0.055041 0 0.055041
33.6501 0.0536903 0 0.0536903
33.8857 0.0523703 0 0.0523703
34.1229 0.0510802 0 0.0510802
34.3618 0.0498196 0 0.0498196
34.6023 0.0485878 0 0.0485878
34.8445 0.0473825 0 0.0473825
35.0884 0.0462068 0 0.0462068
35.334 0.0450582 0 0.0450582
35.5814 0.0439363 0 0.0439363
35.8304 0.0428403 0 0.0428403
36.0813 0.04177 0 0.04177
36.3338 0.0407246 0 0.0407246
36.5882 0.0397037 0 0.0397037
36.8443 0.0387068 0 0.0387068
37.1022 0.0377333 0 0.0377333
37.3619 0.0367829 0 0.0367829
37.6234 0.0358549 0 0.0358549
37.8868 0.034949 0 0.034949
38.152 0.0340647 0 0.0340647
38.4191 0.0332014 0 0.0332014
38.688 0.0323588 0 0.0323588
38.9588 0.0315353 0 0.0315353
39.2315 0.0307327 0 0.0307327
39.5062 0.0299495 0 0.0299495
39.7827 0.0291852 0 0.0291852
40.0612 0.0284394 0 0.0284394
40.3416 0.0277116 0 0.0277116
40.624 0.0270016 0 0.0270016
40.9084 0.0263089 0 0.0263089
41.1947 0.025633 0 0.025633
41.4831 0.0249737 0 0.0249737
41.7735 0.0243306 0 0.0243306
42.0659 0.0237032 0 0.0237032
42.3603 0.0230913 0 0.0230913
42.6569 0.0224945 0 0.0224945
42.9555 0.0219124 0 0.0219124
43.2562 0.0213448 0 0.0213448
43.5589 0.0207912 0 0.0207912
43.8639 0.0202506 0 0.0202506
44.1709 0.0197242 0 0.0197242
44.4801 0.019211 0 0.019211
44.7915 0.0187106 0 0.0187106
45.105 0.0182227 0 0.0182227
45.4207 0.0177471 0 0.0177471
45.7387 0.0172833 0 0.0172833
46.0589 0.0168313 0 0.0168313
46.3813 0.0163906 0 0.0163906
46.7059 0.015961 0 0.015961
47.0329 0.0155423 0 0.0155423
47.3621 0.0151342 0 0.0151342
47.6936 0.0147364 0 0.0147364
48.0275 0.0143488 0 0.0143488
48.3637 0.013971 0 0.013971
48.7022 0.0136028 0 0.0136028
49.0432 0.0132434 0 0.0132434
49.3865 0.0128938 0 0.0128938
49.7322 0.0125531 0 0.0125531
50.0803 0.0122212 0 0.0122212
50.4308 0.0118977 0 0.0118977
50.7839 0.0115825 0 0.0115825
51.1393 0.0112755 0 0.0112755
51.4973 0.0109763 0 0.0109763
51.8578 0.0106849 0 0.0106849
52.2208 0.0104009 0 0.0104009
52.5864 0.0101243 0 0.0101243
52.9545 0.00985489 0 0.00985489
53.3251 0.00959242 0 0.00959242
53.6984 0.00933675 0 0.00933675
54.0743 0.00908772 0 0.00908772
54.4528 0.00884515 0 0.00884515
54.834 0.0086089 0 0.0086089
55.2178 0.00837847 0 0.00837847
55.6044 0.00815439 0 0.00815439
55.9936 0.00793615 0 0.00793615
56.3855 0.00772361 0 0.00772361
56.7802 0.00751663 0 0.00751663
57.1777 0.00731506 0 0.00731506
57.5779 0.00711877 0 0.00711877
57.981 0.00692764 0 0.00692764
58.3869 0.00674152 0 0.00674152
58.7956 0.00656029 0 0.00656029
59.2071 0.00638382 0 0.00638382
59.6216 0.006212 0 0.006212
60.0389 0.00604471 0 0.00604471
60.4592 0.00588183 0 0.00588183
60.8824 0.00572325 0 0.00572325
61.3086 0.00556886 0 0.00556886
61.7378 0.00541833 0 0.00541833
62.1699 0.00527202 0 0.00527202
62.6051 0.00512958 0 0.00512958
63.0434 0.00499091 0 0.00499091
63.4847 0.00485592 0 0.00485592
63.9291 0.00472452 0 0.00472452
64.3766 0.00459661 0 0.00459661
64.8272 0.0044721 0 0.0044721
65.281 0.0043509 0 0.0043509
65.7379 0.00423293 0 0.00423293
66.1981 0.0041181 0 0.0041181
66.6615 0.00400634 0 0.00400634
67.1281 0.00389756 0 0.00389756
67.598 0.00379168 0 0.00379168
68.0712 0.00368864 0 0.00368864
68.5477 0.00358835 0 0.00358835
69.0275 0.00349074 0 0.00349074
69.5107 0.00339562 0 0.00339562
69.9973 0.00330318 0 0.00330318
70.4873 0.00321323 0 0.00321323
70.9807 0.00312568 0 0.00312568
71.4776 0.00304049 0 0.00304049
71.9779 0.00295759 0 0.00295759
72.4818 0.00287691 0 0.00287691
72.9891 0.0027984 0 0.0027984
73.5001 0.00272201 0 0.00272201
74.0146 0.00264768 0 0.00264768
74.5327 0.00257534 0 0.00257534
75.0544 0.00250496 0 0.00250496
75.5798 0.00243648 0 0.00243648
76.1088 0.00236985 0 0.00236985
76.6416 0.00230501 0 0.00230501
77.1781 0.00224193 0 0.00224193
77.7183 0.00218046 0 0.00218046
78.2624 0.00212075 0 0.00212075
78.8102 0.00206266 0 0.00206266
79.3619 0.00200613 0 0.00200613
79.9174 0.00195114 0 0.00195114
80.4768 0.00189764 0 0.00189764
81.0402 0.00184559 0 0.00184559
81.6074 0.00179495 0 0.00179495
82.1787 0.00174569 0 0.00174569
82.7539 0.00169776 0 0.00169776
83.3332 0.00165114 0 0.00165114
83.9165 0.00160578 0 0.00160578
84.504 0.00156166 0 0.00156166
85.0955 0.00151873 0 0.00151873
85.6912 0.00147698 0 0.00147698
86.291 0.00143636 0 0.00143636
86.895 0.00139685 0 0.00139685
87.5033 0.00135836 0 0.00135836
88.1158 0.00132098 0 0.00132098
88.7326 0.00128461 0 0.00128461
89.3538 0.00124924 0 0.00124924
89.9792 0.00121483 0 0.00121483
90.6091 0.00118136 0 0.00118136
91.2434 0.00114881 0 0.00114881
91.8821 0.00111715 0 0.00111715
92.5252 0.00108635 0 0.00108635
93.1729 0.00105639 0 0.00105639
93.8251 0.00102725 0 0.00102725
94.4819 0.000998911 0 0.000998911
95.1433 0.000971346 0 0.000971346
95.8093 0.000944536 0 0.000944536
96.4799 0.000918461 0 0.000918461
97.1553 0.000893099 0 0.000893099
97.8354 0.000868398 0 0.000868398
98.5202 0.000844411 0 0.000844411
99.2099 0.000821081 0 0.000821081
99.9043 0.000798391 0 0.000798391
100.604 0.000776324 0 0.000776324
101.308 0.000754862 0 0.000754862
102.017 0.00073399 0 0.00073399
102.731 0.00071369 0 0.00071369
103.45 0.000693949 0 0.000693949
104.174 0.00067475 0 0.00067475
104.904 0.000656078 0 0.000656078
105.638 0.00063792 0 0.00063792
106.377 0.000620262 0 0.000620262
107.122 0.000603089 0 0.000603089
107.872 0.000586389 0 0.000586389
108.627 0.000570148 0 0.000570148
109.387 0.000554355 0 0.000554355
110.153 0.000538976 0 0.000538976
110.924 0.000524042 0 0.000524042
111.701 0.000509519 0 0.000509519
112.483 0.000495397 0 0.000495397
113.27 0.000481664 0 0.000481664
114.063 0.00046831 0 0.00046831
114.861 0.000455323 0 0.000455323
115.665 0.000442696 0 0.000442696
116.475 0.000430416 0 0.000430416
117.29 0.000418475 0 0.000418475
118.111 0.000406864 0 0.000406864
118.938 0.000395574 0 0.000395574
119.771 0.000384595 0 0.000384595
120.609 0.000373919 0 0.000373919
121.453 0.000363539 0 0.000363539
122.304 0.000353445 0 0.000353445
123.16 0.000343617 0 0.000343617
124.022 0.000334074 0 0.000334074
124.89 0.000324796 0 0.000324796
125.764 0.000315773 0 0.000315773
126.645 0.000307001 0 0.000307001
127.531 0.000298471 0 0.000298471
128.424 0.000290177 0 0.000290177
129.323 0.000282112 0 0.000282112
130.228 0.000274271 0 0.000274271
131.14 0.000266647 0 0.000266647
132.058 0.000259234 0 0.000259234
132.982 0.000252026 0 0.000252026
133.913 0.000245018 0 0.000245018
134.85 0.000238204 0 0.000238204
135.794 0.000231578 0 0.000231578
136.745 0.000225137 0 0.000225137
137.702 0.000218873 0 0.000218873
138.666 0.000212776 0 0.000212776
139.637 0.000206856 0 0.000206856
140.614 0.0002011 0 0.0002011
141.598 0.000195503 0 0.000195503
142.589 0.000190062 0 0.000190062
143.588 0.000184772 0 0.000184772
144.593 0.000179628 0 0.000179628
145.605 0.000174627 0 0.000174627
146.624 0.000169765 0 0.000169765
147.65 0.000165038 0 0.000165038
148.684 0.000160442 0 0.000160442
149.725 0.000155974 0 0.000155974
150.773 0.00015163 0 0.00015163
151.828 0.000147406 0 0.000147406
152.891 0.0001433 0 0.0001433
153.961 0.000139308 0 0.000139308
155.039 0.000135421 0 0.000135421
156.124 0.000131648 0 0.000131648
157.217 0.00012798 0 0.00012798
158.318 0.000124413 0 0.000124413
159.426 0.000120946 0 0.000120946
160.542 0.000117575 0 0.000117575
161.666 0.000114298 0 0.000114298
162.797 0.000111112 0 0.000111112
163.937 0.000108015 0 0.000108015
165.084 0.000105003 0 0.000105003
166.24 0.000102076 0 0.000102076
167.404 9.92295e-05 0 9.92295e-05
168.576 9.64625e-05 0 9.64625e-05
169.756 9.37725e-05 0 9.37725e-05
170.944 9.11573e-05 0 9.11573e-05
172.141 8.86149e-05 0 8.86149e-05
173.345 8.61432e-05 0 8.61432e-05
174.559 8.37371e-05 0 8.37371e-05
175.781 8.14013e-05 0 8.14013e-05
177.011 7.91306e-05 0 7.91306e-05
178.25 7.6923e-05 0 7.6923e-05
179.498 7.47769e-05 0 7.47769e-05
180.755 7.26906e-05 0 7.26906e-05
182.02 7.06623e-05 0 7.06623e-05
183.294 6.86905e-05 0 6.86905e-05
184.577 6.67736e-05 0 6.67736e-05
185.869 6.49102e-05 0 6.49102e-05
187.17 6.30986e-05 0 6.30986e-05
188.48 6.13375e-05 0 6.13375e-05
189.8 5.96254e-05 0 5.96254e-05
191.128 5.79611e-05 0 5.79611e-05
192.466 5.63431e-05 0 5.63431e-05
193.814 5.47702e-05 0 5.47702e-05
195.17 5.32411e-05 0 5.32411e-05
196.536 5.17527e-05 0 5.17527e-05
197.912 5.03078e-05 0 5.03078e-05
199.298 4.89032e-05 0 4.89032e-05
200.693 4.75378e-05 0 4.75378e-05
202.097 4.62104e-05 0 4.62104e-05
203.512 4.492e-05 0 4.492e-05
204.937 4.36656e-05 0 4.36656e-05
206.371 4.24461e-05 0 4.24461e-05
207.816 4.12607e-05 0 4.12607e-05
209.271 4.01083e-05 0 4.01083e-05
210.736 3.8988e-05 0 3.8988e-05
212.211 3.7899e-05 0 3.7899e-05
213.696 3.68404e-05 0 3.68404e-05
215.192 3.58113e-05 0 3.58113e-05
216.698 3.48109e-05 0 3.48109e-05
218.215 3.38384e-05 0 3.38384e-05
219.743 3.28918e-05 0 3.28918e-05
221.281 3.19729e-05 0 3.19729e-05
222.83 3.10796e-05 0 3.10796e-05
224.39 3.02113e-05 0 3.02113e-05
225.96 2.93672e-05 0 2.93672e-05
227.542 2.85466e-05 0 2.85466e-05
229.135 2.7749e-05 0 2.7749e-05
230.739 2.69736e-05 0 2.69736e-05
232.354 2.62198e-05 0 2.62198e-05
233.981 2.54871e-05 0 2.54871e-05
235.618 2.47749e-05 0 2.47749e-05
237.268 2.40825e-05 0 2.40825e-05
238.929 2.34094e-05 0 2.34094e-05
240.601 2.27551e-05 0 2.27551e-05
242.285 2.21191e-05 0 2.21191e-05
243.981 2.15009e-05 0 2.15009e-05
245.689 2.08999e-05 0 2.08999e-05
247.409 2.0315e-05 0 2.0315e-05
249.141 1.97471e-05 0 1.97471e-05
250.885 1.91951e-05 0 1.91951e-05
252.641 1.86586e-05 0 1.86586e-05
254.41 1.8137e-05 0 1.8137e-05
256.19 1.763e-05 0 1.763e-05
257.984 1.71371e-05 0 1.71371e-05
259.79 1.6658e-05 0 1.6658e-05
261.608 1.61923e-05 0 1.61923e-05
263.439 1.57396e-05 0 1.57396e-05
265.284 1.52995e-05 0 1.52995e-05
267.14 1.48718e-05 0 1.48718e-05
269.01 1.44559e-05 0 1.44559e-05
270.894 1.40517e-05 0 1.40517e-05
272.79 1.36588e-05 0 1.36588e-05
274.699 1.32769e-05 0 1.32769e-05
276.622 1.29051e-05 0 1.29051e-05
278.559 1.25443e-05 0 1.25443e-05
280.508 1.21935e-05 0 1.21935e-05
282.472 1.18525e-05 0 1.18525e-05
284.449 1.15211e-05 0 1.15211e-05
286.44 1.11989e-05 0 1.11989e-05
288.446 1.08857e-05 0 1.08857e-05
290.465 1.05813e-05 0 1.05813e-05
292.498 1.02854e-05 0 1.02854e-05
294.545 9.99772e-06 0 9.99772e-06
296.607 9.71811e-06 0 9.71811e-06
298.684 9.44631e-06 0 9.44631e-06
300.774 9.1821e-06 0 9.1821e-06
302.88 8.92528e-06 0 8.92528e-06
305 8.67564e-06 0 8.67564e-06
307.135 8.43298e-06 0 8.43298e-06
309.285 8.1971e-06 0 8.1971e-06
311.45 7.96752e-06 0 7.96752e-06
313.63 7.74467e-06 0 7.74467e-06
315.825 7.52804e-06 0 7.52804e-06
318.036 7.31747e-06 0 7.31747e-06
320.262 7.11278e-06 0 7.11278e-06
322.504 6.91382e-06 0 6.91382e-06
324.762 6.72042e-06 0 6.72042e-06
327.035 6.53242e-06 0 6.53242e-06
329.324 6.34968e-06 0 6.34968e-06
331.63 6.17205e-06 0 6.17205e-06
333.951 5.99939e-06 0 5.99939e-06
336.289 5.83155e-06 0 5.83155e-06
338.643 5.66841e-06 0 5.66841e-06
341.013 5.50983e-06 0 5.50983e-06
343.4 5.35568e-06 0 5.35568e-06
345.804 5.20585e-06 0 5.20585e-06
348.225 5.06001e-06 0 5.06001e-06
350.662 4.91845e-06 0 4.91845e-06
353.117 4.78085e-06 0 4.78085e-06
355.589 4.64709e-06 0 4.64709e-06
358.078 4.51708e-06 0 4.51708e-06
360.584 4.3907e-06 0 4.3907e-06
363.109 4.26785e-06 0 4.26785e-06
365.65 4.14844e-06 0 4.14844e-06
368.21 4.03237e-06 0 4.03237e-06
370.787 3.91955e-06 0 3.91955e-06
373.383 3.80988e-06 0 3.80988e-06
375.996 3.70328e-06 0 3.70328e-06
378.628 3.59966e-06 0 3.59966e-06
381.279 3.49894e-06 0 3.49894e-06
383.948 3.40103e-06 0 3.40103e-06
386.635 3.30587e-06 0 3.30587e-06
389.342 3.21336e-06 0 3.21336e-06
392.067 3.12333e-06 0 3.12333e-06
394.812 3.03594e-06 0 3.03594e-06
397.575 2.95099e-06 0 2.95099e-06
400.358 2.86841e-06 0 2.86841e-06
403.161 2.78815e-06 0 2.78815e-06
405.983 2.71013e-06 0 2.71013e-06
408.825 2.6343e-06 0 2.6343e-06
411.687 2.56058e-06 0 2.56058e-06
414.569 2.48893e-06 0 2.48893e-06
417.471 2.41928e-06 0 2.41928e-06
420.393 2.35158e-06 0 2.35158e-06
423.336 2.28577e-06 0 2.28577e-06
426.299 2.22181e-06 0 2.22181e-06
429.283 2.15963e-06 0 2.15963e-06
432.288 2.09919e-06 0 2.09919e-06
435.314 2.04045e-06 0 2.04045e-06
438.361 1.98327e-06 0 1.98327e-06
441.43 1.92777e-06 0 1.92777e-06
444.52 1.87382e-06 0 1.87382e-06
447.631 1.82139e-06 0 1.82139e-06
450.765 1.77042e-06 0 1.77042e-06
453.92 1.72087e-06 0 1.72087e-06
457.098 1.67271e-06 0 1.67271e-06
460.297 1.6259e-06 0 1.6259e-06
463.519 1.5804e-06 0 1.5804e-06
466.764 1.53617e-06 0 1.53617e-06
470.031 1.49318e-06 0 1.49318e-06
473.322 1.45139e-06 0 1.45139e-06
476.635 1.41077e-06 0 1.41077e-06
479.971 1.37129e-06 0 1.37129e-06
483.331 1.33291e-06 0 1.33291e-06
486.714 1.29561e-06 0 1.29561e-06
490.121 1.25935e-06 0 1.25935e-06
493.552 1.22406e-06 0 1.22406e-06
497.007 1.1898e-06 0 1.1898e-06
500.486 1.1565e-06 0 1.1565e-06
503.99 1.12414e-06 0 1.12414e-06
507.517 1.09267e-06 0 1.09267e-06
511.07 1.06209e-06 0 1.06209e-06
514.648 1.03237e-06 0 1.03237e-06
518.25 1.00348e-06 0 1.00348e-06
521.878 9.75391e-07 0 9.75391e-07
525.531 9.48092e-07 0 9.48092e-07
529.21 9.21558e-07 0 9.21558e-07
532.914 8.95765e-07 0 8.95765e-07
536.645 8.70694e-07 0 8.70694e-07
540.401 8.46325e-07 0 8.46325e-07
544.184 8.22638e-07 0 8.22638e-07
547.993 7.99614e-07 0 7.99614e-07
551.829 7.77205e-07 0 7.77205e-07
555.692 7.55453e-07 0 7.55453e-07
559.582 7.3431e-07 0 7.3431e-07
563.499 7.13759e-07 0 7.13759e-07
567.443 6.93782e-07 0 6.93782e-07
571.415 6.74365e-07 0 6.74365e-07
575.415 6.55491e-07 0 6.55491e-07
579.443 6.37145e-07 0 6.37145e-07
583.499 6.19312e-07 0 6.19312e-07
587.584 6.01979e-07 0 6.01979e-07
591.697 5.8513e-07 0 5.8513e-07
595.839 5.68753e-07 0 5.68753e-07
600.01 5.52835e-07 0 5.52835e-07
604.21 5.37361e-07 0 5.37361e-07
608.439 5.22321e-07 0 5.22321e-07
612.698 5.07702e-07 0 5.07702e-07
616.987 4.93492e-07 0 4.93492e-07
621.306 4.79662e-07 0 4.79662e-07
625.655 4.66238e-07 0 4.66238e-07
630.035 4.53189e-07 0 4.53189e-07
634.445 4.40505e-07 0 4.40505e-07
638.886 4.28176e-07 0 4.28176e-07
643.358 4.16192e-07 0 4.16192e-07
647.862 4.04543e-07 0 4.04543e-07
652.397 3.93221e-07 0 3.93221e-07
656.964 3.82215e-07 0 3.82215e-07
661.563 3.71517e-07 0 3.71517e-07
666.193 3.61119e-07 0 3.61119e-07
670.857 3.51012e-07 0 3.51012e-07
675.553 3.41187e-07 0 3.41187e-07
680.282 3.31638e-07 0 3.31638e-07
685.044 3.22355e-07 0 3.22355e-07
689.839 3.13333e-07 0 3.13333e-07
694.668 3.04552e-07 0 3.04552e-07
699.53 2.96028e-07 0 2.96028e-07
704.427 2.87743e-07 0 2.87743e-07
709.358 2.79689e-07 0 2.79689e-07
714.324 2.71861e-07 0 2.71861e-07
719.324 2.64253e-07 0 2.64253e-07
724.359 2.56857e-07 0 2.56857e-07
729.43 2.49668e-07 0 2.49668e-07
734.536 2.4268e-07 0 2.4268e-07
739.678 2.35887e-07 0 2.35887e-07
744.855 2.29285e-07 0 2.29285e-07
750.069 2.22868e-07 0 2.22868e-07
755.32 2.1663e-07 0 2.1663e-07
760.607 2.10567e-07 0 2.10567e-07
765.931 2.04673e-07 0 2.04673e-07
771.293 1.98945e-07 0 1.98945e-07
776.692 1.93376e-07 0 1.93376e-07
782.129 1.87957e-07 0 1.87957e-07
787.604 1.82697e-07 0 1.82697e-07
793.117 1.77584e-07 0 1.77584e-07
798.669 1.72613e-07 0 1.72613e-07
804.259 1.67782e-07 0 1.67782e-07
809.889 1.63086e-07 0 1.63086e-07
815.558 1.58522e-07 0 1.58522e-07
821.267 1.54085e-07 0 1.54085e-07
827.016 1.49773e-07 0 1.49773e-07
832.805 1.45581e-07 0 1.45581e-07
838.635 1.41506e-07 0 1.41506e-07
844.505 1.37546e-07 0 1.37546e-07
850.417 1.33696e-07 0 1.33696e-07
856.37 1.29954e-07 0 1.29954e-07
862.364 1.26317e-07 0 1.26317e-07
868.401 1.22781e-07 0 1.22781e-07
874.48 1.19341e-07 0 1.19341e-07
880.601 1.16001e-07 0 1.16001e-07
886.765 1.12754e-07 0 1.12754e-07
892.973 1.09599e-07 0 1.09599e-07
899.223 1.06531e-07 0 1.06531e-07
905.518 1.0355e-07 0 1.0355e-07
911.857 1.00652e-07 0 1.00652e-07
918.24 9.78346e-08 0 9.78346e-08
924.667 9.50965e-08 0 9.50965e-08
931.14 9.2435e-08 0 9.2435e-08
937.658 8.98479e-08 0 8.98479e-08
944.222 8.73333e-08 0 8.73333e-08
950.831 8.48891e-08 0 8.48891e-08
957.487 8.25132e-08 0 8.25132e-08
964.189 8.02039e-08 0 8.02039e-08
970.939 7.79591e-08 0 7.79591e-08
977.735 7.57772e-08 0 7.57772e-08
984.579 7.36538e-08 0 7.36538e-08
991.471 7.15925e-08 0 7.15925e-08
998.412 6.95889e-08 0 6.95889e-08
1005.4 6.76414e-08 0 6.76414e-08
1012.44 6.57483e-08 0 6.57483e-08
1019.53 6.39083e-08 0 6.39083e-08
1026.66 6.21197e-08 0 6.21197e-08
1033.85 6.03812e-08 0 6.03812e-08
1041.09 5.86913e-08 0 5.86913e-08
1048.37 5.70487e-08 0 5.70487e-08
1055.71 5.54521e-08 0 5.54521e-08
1063.1 5.39002e-08 0 5.39002e-08
1070.54 5.23917e-08 0 5.23917e-08
1078.04 5.09254e-08 0 5.09254e-08
1085.58 4.95002e-08 0 4.95002e-08
1093.18 4.81149e-08 0 4.81149e-08
1100.84 4.67666e-08 0 4.67666e-08
1108.54 4.54578e-08 0 4.54578e-08
1116.3 4.41857e-08 0 4.41857e-08
1124.11 4.29491e-08 0 4.29491e-08
1131.98 4.17472e-08 0 4.17472e-08
1139.91 4.05789e-08 0 4.05789e-08
1147.89 3.94432e-08 0 3.94432e-08
1155.92 3.83394e-08 0 3.83394e-08
1164.01 3.72665e-08 0 3.72665e-08
1172.16 3.62235e-08 0 3.62235e-08
1180.37 3.52098e-08 0 3.52098e-08
1188.63 3.42244e-08 0 3.42244e-08
1196.95 3.32666e-08 0 3.32666e-08
1205.33 3.23356e-08 0 3.23356e-08
1213.77 3.14307e-08 0 3.14307e-08
1222.26 3.05511e-08 0 3.05511e-08
1230.82 2.96961e-08 0 2.96961e-08
1239.43 2.8864e-08 0 2.8864e-08
1248.11 2.80563e-08 0 2.80563e-08
1256.85 2.72712e-08 0 2.72712e-08
1265.64 2.6508e-08 0 2.6508e-08
1274.5 2.57662e-08 0 2.57662e-08
1283.43 2.50451e-08 0 2.50451e-08
1292.41 2.43443e-08 0 2.43443e-08
1301.46 2.3663e-08 0 2.3663e-08
1310.57 2.30008e-08 0 2.30008e-08
1319.74 2.23571e-08 0 2.23571e-08
1328.98 2.17315e-08 0 2.17315e-08
1338.28 2.11233e-08 0 2.11233e-08
1347.65 2.05322e-08 0 2.05322e-08
1357.08 1.99576e-08 0 1.99576e-08
1366.58 1.93991e-08 0 1.93991e-08
1376.15 1.88562e-08 0 1.88562e-08
1385.78 1.83279e-08 0 1.83279e-08
1395.48 1.7815e-08 0 1.7815e-08
1405.25 1.73165e-08 0 1.73165e-08
1415.09 1.68319e-08 0 1.68319e-08
1424.99 1.63609e-08 0 1.63609e-08
1434.97 1.59031e-08 0 1.59031e-08
1445.01 1.54581e-08 0 1.54581e-08
1455.13 1.50255e-08 0 1.50255e-08
1465.31 1.4605e-08 0 1.4605e-08
1475.57 1.41963e-08 0 1.41963e-08
1485.9 1.37991e-08 0 1.37991e-08
1496.3 1.34129e-08 0 1.34129e-08
1506.78 1.30376e-08 0 1.30376e-08
1517.32 1.26728e-08 0 1.26728e-08
1527.94 1.23181e-08 0 1.23181e-08
1538.64 1.19734e-08 0 1.19734e-08
1549.41 1.16384e-08 0 1.16384e-08
1560.26 1.13123e-08 0 1.13123e-08
1571.18 1.09958e-08 0 1.09958e-08
1582.18 1.06881e-08 0 1.06881e-08
1593.25 1.0389e-08 0 1.0389e-08
1604.4 1.00983e-08 0 1.00983e-08
1615.63 9.81574e-09 0 9.81574e-09
1626.94 9.54107e-09 0 9.54107e-09
1638.33 9.27409e-09 0 9.27409e-09
1649.8 9.01458e-09 0 9.01458e-09
1661.35 8.76234e-09 0 8.76234e-09
1672.98 8.51715e-09 0 8.51715e-09
1684.69 8.27882e-09 0 8.27882e-09
1696.48 8.04716e-09 0 8.04716e-09
1708.36 7.82198e-09 0 7.82198e-09
1720.32 7.60311e-09 0 7.60311e-09
1732.36 7.39036e-09 0 7.39036e-09
1744.49 7.18331e-09 0 7.18331e-09
1756.7 6.98231e-09 0 6.98231e-09
1768.99 6.78694e-09 0 6.78694e-09
1781.38 6.59704e-09 0 6.59704e-09
1793.85 6.41245e-09 0 6.41245e-09
1806.4 6.23302e-09 0 6.23302e-09
1819.05 6.05862e-09 0 6.05862e-09
1831.78 5.88909e-09 0 5.88909e-09
1844.6 5.72431e-09 0 5.72431e-09
1857.52 5.56414e-09 0 5.56414e-09
1870.52 5.40845e-09 0 5.40845e-09
1883.61 5.25712e-09 0 5.25712e-09
1896.8 5.11002e-09 0 5.11002e-09
1910.07 4.96704e-09 0 4.96704e-09
1923.45 4.82805e-09 0 4.82805e-09
1936.91 4.69296e-09 0 4.69296e-09
1950.47 4.56165e-09 0 4.56165e-09
1964.12 4.43386e-09 0 4.43386e-09
1977.87 4.3098e-09 0 4.3098e-09
1991.72 4.18921e-09 0 4.18921e-09
2005.66 4.072e-09 0 4.072e-09
2019.7 3.95807e-09 0 3.95807e-09
2033.83 3.84732e-09 0 3.84732e-09
2048.07 3.73968e-09 0 3.73968e-09
2062.41 3.63504e-09 0 3.63504e-09
2076.84 3.53334e-09 0 3.53334e-09
2091.38 3.43447e-09 0 3.43447e-09
2106.02 3.33838e-09 0 3.33838e-09
2120.76 3.24497e-09 0 3.24497e-09
2135.61 3.15418e-09 0 3.15418e-09
2150.56 3.06593e-09 0 3.06593e-09
2165.61 2.98014e-09 0 2.98014e-09
2180.77 2.89676e-09 0 2.89676e-09
2196.04 2.81561e-09 0 2.81561e-09
2211.41 2.73683e-09 0 2.73683e-09
2226.89 2.66026e-09 0 2.66026e-09
2242.48 2.58583e-09 0 2.58583e-09
2258.18 2.51349e-09 0 2.51349e-09
2273.98 2.44316e-09 0 2.44316e-09
2289.9 2.37481e-09 0 2.37481e-09
2305.93 2.30836e-09 0 2.30836e-09
2322.07 2.24378e-09 0 2.24378e-09
2338.33 2.181e-09 0 2.181e-09
2354.69 2.11998e-09 0 2.11998e-09
2371.18 2.06067e-09 0 2.06067e-09
2387.78 2.00301e-09 0 2.00301e-09
2404.49 1.94697e-09 0 1.94697e-09
2421.32 1.8925e-09 0 1.8925e-09
2438.27 1.83955e-09 0 1.83955e-09
2455.34 1.78808e-09 0 1.78808e-09
2472.53 1.73799e-09 0 1.73799e-09
2489.83 1.68937e-09 0 1.68937e-09
2507.26 1.64211e-09 0 1.64211e-09
2524.81 1.59617e-09 0 1.59617e-09
2542.49 1.55151e-09 0 1.55151e-09
2560.28 1.5081e-09 0 1.5081e-09
2578.21 1.46591e-09 0 1.46591e-09
2596.25 1.4249e-09 0 1.4249e-09
2614.43 1.38503e-09 0 1.38503e-09
2632.73 1.34628e-09 0 1.34628e-09
2651.16 1.30862e-09 0 1.30862e-09
2669.72 1.27201e-09 0 1.27201e-09
2688.4 1.23642e-09 0 1.23642e-09
2707.22 1.20183e-09 0 1.20183e-09
2726.17 1.1682e-09 0 1.1682e-09
2745.26 1.13552e-09 0 1.13552e-09
2764.47 1.10371e-09 0 1.10371e-09
2783.82 1.07284e-09 0 1.07284e-09
2803.31 1.04282e-09 0 1.04282e-09
2822.93 1.01365e-09 0 1.01365e-09
2842.69 9.85291e-10 0 9.85291e-10
