6.7469 1 109.253 3.5634e-48
6.79413 1 108.296 9.2831e-48
6.84169 1 107.32 2.46364e-47
6.88958 1 106.345 6.52773e-47
6.93781 1 105.36 1.74948e-46
6.98637 1 104.368 4.71442e-46
7.03528 1 103.368 1.28228e-45
7.08452 1 102.362 3.50418e-45
7.13411 1 101.35 9.64247e-45
7.18405 1 100.334 2.664e-44
7.23434 1 99.312 7.40179e-44
7.28498 1 98.2848 2.06748e-43
7.33598 1 97.2533 5.79986e-43
7.38733 1 96.2168 1.63521e-42
7.43904 1 95.1743 4.63774e-42
7.49111 1 94.1252 1.32413e-41
7.54355 1 93.069 3.8077e-41
7.59636 1 92.0058 1.10247e-40
7.64953 1 90.9416 3.19583e-40
7.70308 1 89.8675 9.35517e-40
7.757 1 88.7916 2.74339e-39
7.8113 1 87.7082 8.10621e-39
7.86598 1 86.6248 2.39501e-38
7.92104 1 85.535 7.12207e-38
7.97649 1 84.4322 2.14566e-37
8.03232 1 83.3419 6.38386e-37
8.08855 1 82.2269 1.94668e-36
8.14517 1 81.1255 5.85647e-36
8.20218 1 80.0096 1.78764e-35
8.2596 1 78.8917 5.46715e-35
8.31742 1 77.7721 1.67499e-34
8.37564 1 76.6461 5.16431e-34
8.43427 1 75.5249 1.58466e-33
8.49331 1 74.384 4.95929e-33
8.55276 1 73.2552 1.53352e-32
8.61263 1 72.1171 4.78588e-32
8.67292 1 70.9806 1.49115e-31
8.73363 1 69.8337 4.69463e-31
8.79476 1 68.6831 1.48359e-30
8.85633 1 67.5398 4.654e-30
8.91832 1 66.3886 1.47169e-29
8.98075 1 65.238 4.65051e-29
9.04361 1 64.0865 1.47093e-28
9.10692 1 62.9332 4.66081e-28
9.17067 1 61.7771 1.48098e-27
9.23486 1 60.6178 4.72107e-27
9.29951 1 59.4647 1.49558e-26
9.3646 1 58.3103 4.7441e-26
9.43016 1 57.1571 1.50313e-25
9.49617 1 55.9958 4.80115e-25
9.56264 1 54.8409 1.52377e-24
9.62958 1 53.6882 4.82523e-24
9.69699 1 52.5333 1.53131e-23
9.76486 1 51.3793 4.85553e-23
9.83322 1 50.2312 1.5306e-22
9.90205 1 49.0753 4.86281e-22
9.97137 1 47.9329 1.52411e-21
10.0412 1 46.7858 4.79948e-21
10.1115 1 45.6494 1.49522e-20
10.1822 1 44.5114 4.66609e-20
10.2535 1 43.3744 1.4546e-19
10.3253 1 42.2515 4.47085e-19
10.3976 1 41.1291 1.37359e-18
10.4703 1 40.0085 4.21238e-18
10.5436 1 38.889 1.29037e-17
10.6174 1 37.785 3.8919e-17
10.6918 1 36.6876 1.16616e-16
10.7666 1 35.5934 3.48324e-16
10.842 1 34.5083 1.03094e-15
10.9179 1 33.4285 3.03532e-15
10.9943 1 32.3581 8.85185e-15
11.0713 1 31.2946 2.56416e-14
11.1487 1 30.2422 7.34456e-14
11.2268 1 29.204 2.0743e-13
11.3054 1 28.1748 5.80579e-13
11.3845 1 27.1524 1.61381e-12
11.4642 1 26.1427 4.42971e-12
11.5445 1 25.1489 1.19666e-11
11.6253 1 24.162 3.21038e-11
11.7066 1 23.1956 8.43886e-11
11.7886 1 22.237 2.20093e-10
11.8711 1 21.298 5.62864e-10
11.9542 1 20.3686 1.42569e-09
12.0379 1 19.4618 3.53045e-09
12.1222 1 18.5689 8.62268e-09
12.207 1 17.6898 2.07681e-08
12.2925 1 16.8327 4.89408e-08
12.3785 1 15.9929 1.13342e-07
12.4652 1 15.1736 2.57164e-07
12.5524 1 14.3727 5.72808e-07
12.6403 1 13.5909 1.25178e-06
12.7288 1 12.8301 2.67881e-06
12.8179 1 12.0942 5.59171e-06
12.9076 1 11.3782 1.14423e-05
12.9979 1 10.6847 2.2893e-05
13.0889 1 10.0153 4.47088e-05
13.1805 1 9.36862 8.5361e-05
13.2728 1 8.74448 0.000159338
13.3657 1 8.14788 0.000289348
13.4593 1 7.57541 0.000512911
13.5535 1 7.02634 0.000888176
13.6484 1 6.50316 0.00149869
13.7439 1 6.00547 0.00246524
13.8401 1 5.53178 0.00395893
13.937 1 5.08269 0.00620323
14.0346 1 4.66111 0.00945595
14.1328 1 4.26209 0.0140928
14.2317 1 3.88737 0.0204992
14.3313 1 3.53663 0.0291113
14.4317 1 3.20922 0.0403882
14.5327 1 2.90479 0.0547604
14.6344 1 2.62231 0.0726351
14.7369 1 2.36115 0.094312
14.84 1 2.12029 0.119997
14.9439 1 1.89786 0.149889
15.0485 1 1.69543 0.18352
15.1538 1 1.51017 0.220872
15.2599 1 1.34128 0.26151
15.3667 1 1.18788 0.304868
15.4743 1 1.04977 0.350019
15.5826 1 0.924755 0.396629
15.6917 1 0.812353 0.443813
15.8015 1 0.711779 0.49077
15.9122 1 0.621941 0.536902
16.0235 1 0.542039 0.581561
16.1357 1 0.471157 0.624279
16.2487 1 0.408402 0.664712
16.3624 1 0.352962 0.702604
16.4769 1 0.304123 0.73777
16.5923 1 0.261462 0.769925
16.7084 1 0.223985 0.799327
16.8254 1 0.191441 0.825768
16.9432 1 0.163108 0.8495
17.0618 1 0.138504 0.87066
17.1812 1 0.117259 0.889355
17.3015 1 0.098969 0.905771
17.4226 1 0.0832643 0.920108
17.5445 1 0.0698353 0.932547
17.6673 1 0.0583683 0.943302
17.791 1 0.048607 0.952555
17.9156 1 0.0402965 0.960505
18.041 1 0.0333221 0.967227
18.1672 1 0.0274136 0.972959
18.2944 1 0.0224904 0.977761
18.4225 1 0.0183604 0.981807
18.5514 1 0.0149223 0.985189
18.6813 1 0.0120705 0.988002
18.8121 1 0.00972921 0.990318
18.9437 1 0.00780262 0.992228
19.0764 1 0.00623059 0.993789
19.2099 1 0.0049516 0.995061
19.3444 1 0.00391015 0.996097
19.4798 1 0.00307951 0.996925
19.6161 1 0.00241076 0.997592
19.7534 1 0.00187903 0.998123
19.8917 1 0.00145553 0.998546
20.031 1 0.00112406 0.998877
20.1712 1 0.000862923 0.999137
20.3124 1 0.000659239 0.999341
20.4546 1 0.000500984 0.999499
20.5977 1 0.000378471 0.999622
20.7419 1 0.000284746 0.999715
20.8871 1 0.000212763 0.999787
21.0333 1 0.000158072 0.999842
21.1806 1 0.000116492 0.999884
21.3288 1 8.51481e-05 0.999915
21.4781 1 6.18521e-05 0.999938
21.6285 1 4.44482e-05 0.999956
21.7799 1 3.15987e-05 0.999968
21.9323 1 2.21569e-05 0.999978
22.0859 1 1.53123e-05 0.999985
22.2405 1 1.04054e-05 0.99999
22.3961 1 6.88281e-06 0.999993
22.5529 1 4.41914e-06 0.999996
22.7108 1 2.70741e-06 0.999997
22.8698 1 1.5773e-06 0.999998
23.0298 1 8.36991e-07 0.999999
23.1911 1 3.74615e-07 1
23.3534 1 1.04548e-07 1
23.5169 1 0 1
