6.68648 1 106.806 4.11916e-47
6.73329 1 105.835 1.08719e-46
6.78042 1 104.848 2.91766e-46
6.82788 1 103.851 7.90618e-46
6.87568 1 102.86 2.12939e-45
6.92381 1 101.866 5.75887e-45
6.97227 1 100.86 1.57348e-44
7.02108 1 99.8467 4.33625e-44
7.07023 1 98.827 1.20217e-43
7.11972 1 97.8012 3.35336e-43
7.16956 1 96.7717 9.3879e-43
7.21974 1 95.7364 2.64364e-42
7.27028 1 94.6957 7.48459e-42
7.32117 1 93.6489 2.13207e-41
7.37242 1 92.599 6.09221e-41
7.42403 1 91.5442 1.74925e-40
7.476 1 90.4827 5.05642e-40
7.52833 1 89.4136 1.47294e-39
7.58103 1 88.335 4.33116e-39
7.63409 1 87.2573 1.27242e-38
7.68753 1 86.1825 3.72752e-38
7.74135 1 85.1004 1.09988e-37
7.79553 1 83.997 3.31549e-37
7.8501 1 82.9055 9.87616e-37
7.90505 1 81.8084 2.9584e-36
7.96039 1 80.7031 8.93516e-36
8.01611 1 79.5902 2.71903e-35
8.07222 1 78.4822 8.23395e-35
8.12873 1 77.3707 2.50235e-34
8.18563 1 76.242 7.73579e-34
8.24293 1 75.131 2.34983e-33
8.30063 1 73.9948 7.31924e-33
8.35874 1 72.8713 2.25122e-32
8.41725 1 71.7401 6.97717e-32
8.47617 1 70.6016 2.17823e-31
8.5355 1 69.4685 6.76397e-31
8.59525 1 68.331 2.10964e-30
8.65542 1 67.1827 6.65142e-30
8.716 1 66.0399 2.08568e-29
8.77702 1 64.8938 6.5609e-29
8.83846 1 63.7468 2.06592e-28
8.90032 1 62.6033 6.48228e-28
8.96263 1 61.4494 2.05527e-27
9.02537 1 60.2983 6.49786e-27
9.08854 1 59.1504 2.0479e-26
9.15216 1 57.9996 6.47272e-26
9.21623 1 56.8447 2.05433e-25
9.28074 1 55.6889 6.52569e-25
9.34571 1 54.535 2.06903e-24
9.41113 1 53.3897 6.50338e-24
9.477 1 52.2388 2.0558e-23
9.54334 1 51.0934 6.46278e-23
9.61015 1 49.9415 2.04504e-22
9.67742 1 48.7988 6.41116e-22
9.74516 1 47.6601 2.00212e-21
9.81338 1 46.5196 6.26313e-21
9.88207 1 45.3847 1.94829e-20
9.95124 1 44.2482 6.07104e-20
10.0209 1 43.122 1.87229e-19
10.091 1 41.9955 5.7756e-19
10.1617 1 40.8722 1.77596e-18
10.2328 1 39.7599 5.40101e-18
10.3044 1 38.649 1.6404e-17
10.3766 1 37.5421 4.96217e-17
10.4492 1 36.4488 1.48071e-16
10.5224 1 35.3573 4.41092e-16
10.596 1 34.2715 1.30645e-15
10.6702 1 33.1951 3.83318e-15
10.7449 1 32.1229 1.11997e-14
10.8201 1 31.065 3.22599e-14
10.8958 1 30.0117 9.24864e-14
10.9721 1 28.9743 2.60996e-13
11.0489 1 27.9418 7.3284e-13
11.1263 1 26.9232 2.02953e-12
11.2041 1 25.9149 5.56277e-12
11.2826 1 24.914 1.51352e-11
11.3615 1 23.9309 4.04528e-11
11.4411 1 22.9598 1.06823e-10
11.5212 1 22.0001 2.78932e-10
11.6018 1 21.0583 7.15342e-10
11.683 1 20.1312 1.80774e-09
11.7648 1 19.2185 4.50326e-09
11.8472 1 18.3233 1.10232e-08
11.9301 1 17.4444 2.6546e-08
12.0136 1 16.5778 6.31487e-08
12.0977 1 15.7384 1.46183e-07
12.1824 1 14.9149 3.3306e-07
12.2677 1 14.1079 7.46498e-07
12.3535 1 13.3242 1.63443e-06
12.44 1 12.5606 3.50759e-06
12.5271 1 11.8168 7.37953e-06
12.6148 1 11.1004 1.51068e-05
12.7031 1 10.4027 3.03506e-05
12.792 1 9.72821 5.95788e-05
12.8815 1 9.0778 0.000114173
12.9717 1 8.45269 0.000213325
13.0625 1 7.85226 0.00038887
13.154 1 7.27781 0.000690696
13.246 1 6.72808 0.00119683
13.3388 1 6.20485 0.00201961
13.4321 1 5.70642 0.00332455
13.5261 1 5.23314 0.00533676
13.6208 1 4.78809 0.00832837
13.7162 1 4.36626 0.0126987
13.8122 1 3.97264 0.0188236
13.9089 1 3.6022 0.0272638
14.0062 1 3.25781 0.0384725
14.1043 1 2.93738 0.0530046
14.203 1 2.64001 0.0713603
14.3024 1 2.3654 0.0939117
14.4025 1 2.11312 0.12086
14.5034 1 1.88196 0.152291
14.6049 1 1.67101 0.188058
14.7071 1 1.47915 0.227831
14.8101 1 1.3053 0.27109
14.9137 1 1.1476 0.317397
15.0181 1 1.00685 0.365366
15.1233 1 0.880346 0.41464
15.2291 1 0.767259 0.464284
15.3357 1 0.666734 0.513382
15.4431 1 0.57778 0.561142
15.5512 1 0.498954 0.607165
15.66 1 0.4296 0.650769
15.7697 1 0.368832 0.691541
15.8801 1 0.315867 0.729157
15.9912 1 0.269548 0.763724
16.1032 1 0.229486 0.794942
16.2159 1 0.19481 0.822991
16.3294 1 0.164891 0.847986
16.4437 1 0.139085 0.870154
16.5588 1 0.116997 0.889588
16.6747 1 0.0981267 0.906534
16.7914 1 0.082038 0.921237
16.909 1 0.0683392 0.933944
17.0273 1 0.056799 0.944784
17.1465 1 0.0470426 0.954047
17.2665 1 0.0388197 0.961924
17.3874 1 0.0319274 0.968577
17.5091 1 0.0261634 0.974176
17.6317 1 0.0213516 0.978875
17.7551 1 0.0173601 0.98279
17.8794 1 0.0140667 0.986032
18.0046 1 0.0113463 0.988718
18.1306 1 0.00911314 0.990928
18.2575 1 0.00728246 0.992744
18.3853 1 0.0058003 0.994216
18.514 1 0.00459663 0.995414
18.6436 1 0.00362148 0.996385
18.7741 1 0.00284174 0.997162
18.9055 1 0.00221834 0.997784
19.0379 1 0.00172174 0.99828
19.1711 1 0.00133166 0.998669
19.3053 1 0.00102271 0.998978
19.4405 1 0.00078216 0.999218
19.5765 1 0.000595372 0.999405
19.7136 1 0.000451451 0.999549
19.8516 1 0.000339885 0.99966
19.9905 1 0.000254542 0.999745
20.1305 1 0.000190217 0.99981
20.2714 1 0.000141216 0.999859
20.4133 1 0.000104322 0.999896
20.5562 1 7.65855e-05 0.999923
20.7001 1 5.5874e-05 0.999944
20.845 1 4.04882e-05 0.99996
20.9909 1 2.93038e-05 0.999971
21.1378 1 2.09553e-05 0.999979
21.2858 1 1.49088e-05 0.999985
21.4348 1 1.04985e-05 0.99999
21.5848 1 7.31796e-06 0.999993
21.7359 1 5.04174e-06 0.999995
21.8881 1 3.42323e-06 0.999997
22.0413 1 2.29049e-06 0.999998
22.1956 1 1.4984e-06 0.999999
22.3509 1 9.5544e-07 0.999999
22.5074 1 5.853e-07 0.999999
22.665 1 3.46238e-07 1
22.8236 1 1.90865e-07 1
22.9834 1 9.45004e-08 1
23.1443 1 3.68368e-08 1
23.3063 1 6.58093e-09 1
23.4694 1 0 1
