6.7469 1 109.741 2.18883e-48
6.79413 1 108.767 5.79447e-48
6.84169 1 107.775 1.56305e-47
6.88958 1 106.784 4.20937e-47
6.93781 1 105.782 1.1468e-46
6.98637 1 104.774 3.1414e-46
7.03528 1 103.757 8.68622e-46
7.08452 1 102.735 2.41309e-45
7.13411 1 101.707 6.75095e-45
7.18405 1 100.674 1.8962e-44
7.23434 1 99.6354 5.35645e-44
7.28498 1 98.5917 1.52117e-43
7.33598 1 97.5436 4.33858e-43
7.38733 1 96.4905 1.24367e-42
7.43904 1 95.4314 3.5864e-42
7.49111 1 94.3657 1.04114e-41
7.54355 1 93.2927 3.04425e-41
7.59636 1 92.2129 8.96295e-41
7.64953 1 91.1319 2.64194e-40
7.70308 1 90.0409 7.86535e-40
7.757 1 88.9483 2.3456e-39
7.8113 1 87.8481 7.04768e-39
7.86598 1 86.748 2.1174e-38
7.92104 1 85.6414 6.40356e-38
7.97649 1 84.5216 1.96215e-37
8.03232 1 83.4147 5.93571e-37
8.08855 1 82.2827 1.84108e-36
8.14517 1 81.1646 5.6321e-36
8.20218 1 80.0318 1.74828e-35
8.2596 1 78.897 5.43856e-35
8.31742 1 77.7607 1.6942e-34
8.37564 1 76.6177 5.31333e-34
8.43427 1 75.48 1.65744e-33
8.49331 1 74.322 5.27698e-33
8.55276 1 73.1767 1.65874e-32
8.61263 1 72.0216 5.26517e-32
8.67292 1 70.8687 1.66777e-31
8.73363 1 69.7049 5.33983e-31
8.79476 1 68.5374 1.71635e-30
8.85633 1 67.3778 5.47263e-30
8.91832 1 66.2098 1.75973e-29
8.98075 1 65.0426 5.65404e-29
9.04361 1 63.8748 1.81781e-28
9.10692 1 62.705 5.85552e-28
9.17067 1 61.5324 1.8915e-27
9.23486 1 60.3566 6.12984e-27
9.29951 1 59.1873 1.97374e-26
9.3646 1 58.0168 6.36272e-26
9.43016 1 56.8475 2.04863e-25
9.49617 1 55.67 6.65023e-25
9.56264 1 54.499 2.14473e-24
9.62958 1 53.3305 6.9003e-24
9.69699 1 52.1598 2.22488e-23
9.76486 1 50.99 7.16685e-23
9.83322 1 49.8263 2.29471e-22
9.90205 1 48.6547 7.40525e-22
9.97137 1 47.497 2.3568e-21
10.0412 1 46.3344 7.5371e-21
10.1115 1 45.183 2.38385e-20
10.1822 1 44.0298 7.55262e-20
10.2535 1 42.8778 2.39003e-19
10.3253 1 41.7404 7.45352e-19
10.3976 1 40.6033 2.32379e-18
10.4703 1 39.4682 7.23057e-18
10.5436 1 38.3344 2.24689e-17
10.6174 1 37.2163 6.87327e-17
10.6918 1 36.1053 2.08762e-16
10.7666 1 34.9973 6.32245e-16
10.842 1 33.8988 1.89638e-15
10.9179 1 32.8056 5.65844e-15
10.9943 1 31.7224 1.67156e-14
11.0713 1 30.6459 4.90516e-14
11.1487 1 29.5812 1.42244e-13
11.2268 1 28.5309 4.0662e-13
11.3054 1 27.4899 1.15162e-12
11.3845 1 26.456 3.23814e-12
11.4642 1 25.4352 8.98748e-12
11.5445 1 24.4306 2.45423e-11
11.6253 1 23.4334 6.65301e-11
11.7066 1 22.4571 1.7661e-10
11.7886 1 21.489 4.64975e-10
11.8711 1 20.5411 1.19977e-09
11.9542 1 19.6034 3.06448e-09
12.0379 1 18.6888 7.64784e-09
12.1222 1 17.7887 1.88135e-08
12.207 1 16.9032 4.56067e-08
12.2925 1 16.0404 1.0808e-07
12.3785 1 15.1955 2.51573e-07
12.4652 1 14.3722 5.73131e-07
12.5524 1 13.5682 1.28064e-06
12.6403 1 12.7842 2.8047e-06
12.7288 1 12.0223 6.00899e-06
12.8179 1 11.2864 1.25419e-05
12.9076 1 10.5717 2.56304e-05
12.9979 1 9.88084 5.11455e-05
13.0889 1 9.21536 9.94993e-05
13.1805 1 8.57396 0.000188962
13.2728 1 7.95675 0.000350289
13.3657 1 7.36864 0.000630722
13.4593 1 6.80626 0.00110682
13.5535 1 6.26902 0.00189408
13.6484 1 5.75927 0.00315343
13.7439 1 5.27678 0.00510884
13.8401 1 4.82004 0.00806648
13.937 1 4.38937 0.0124086
14.0346 1 3.98795 0.0185377
14.1328 1 3.61062 0.027035
14.2317 1 3.25899 0.038427
14.3313 1 2.93265 0.0532558
14.4317 1 2.63074 0.0720251
14.5327 1 2.35277 0.0951056
14.6344 1 2.09751 0.122762
14.7369 1 1.86415 0.155029
14.84 1 1.65144 0.191774
14.9439 1 1.45741 0.232839
15.0485 1 1.28325 0.277136
15.1538 1 1.12598 0.324335
15.2599 1 0.984677 0.37356
15.3667 1 0.858251 0.423903
15.4743 1 0.746223 0.474154
15.5826 1 0.646444 0.523905
15.6917 1 0.558222 0.572226
15.8015 1 0.480633 0.618392
15.9122 1 0.412558 0.661955
16.0235 1 0.35311 0.7025
16.1357 1 0.301348 0.73982
16.2487 1 0.256382 0.773846
16.3624 1 0.217423 0.80459
16.4769 1 0.183768 0.832129
16.5923 1 0.154962 0.856448
16.7084 1 0.13016 0.877955
16.8254 1 0.109069 0.896669
16.9432 1 0.0910818 0.912943
17.0618 1 0.0757883 0.927012
17.1812 1 0.0628618 0.939073
17.3015 1 0.0519707 0.949357
17.4226 1 0.0428219 0.958082
17.5445 1 0.0351668 0.965444
17.6673 1 0.028774 0.971636
17.791 1 0.0234517 0.976821
17.9156 1 0.0190203 0.981159
18.041 1 0.0153868 0.984731
18.1672 1 0.0123772 0.987699
18.2944 1 0.00992819 0.990121
18.4225 1 0.00792072 0.992111
18.5514 1 0.00628887 0.993731
18.6813 1 0.00496805 0.995044
18.8121 1 0.00390926 0.996098
18.9437 1 0.00305967 0.996945
19.0764 1 0.00238354 0.997619
19.2099 1 0.00184727 0.998154
19.3444 1 0.00142175 0.998579
19.4798 1 0.00109122 0.998909
19.6161 1 0.000832101 0.999168
19.7534 1 0.000631672 0.999369
19.8917 1 0.000476359 0.999524
20.031 1 0.000358139 0.999642
20.1712 1 0.000267581 0.999732
20.3124 1 0.000198936 0.999801
20.4546 1 0.000147113 0.999853
20.5977 1 0.000108138 0.999892
20.7419 1 7.91621e-05 0.999921
20.8871 1 5.75435e-05 0.999942
21.0333 1 4.15912e-05 0.999958
21.1806 1 2.98138e-05 0.99997
21.3288 1 2.1195e-05 0.999979
21.4781 1 1.49779e-05 0.999985
21.6285 1 1.04689e-05 0.99999
21.7799 1 7.23912e-06 0.999993
21.9323 1 4.93669e-06 0.999995
22.0859 1 3.31842e-06 0.999997
22.2405 1 2.1936e-06 0.999998
22.3961 1 1.41135e-06 0.999999
22.5529 1 8.81705e-07 0.999999
22.7108 1 5.25491e-07 0.999999
22.8698 1 2.97924e-07 1
23.0298 1 1.53958e-07 1
23.1911 1 6.71136e-08 1
23.3534 1 1.8244e-08 1
23.5169 1 0 1
