6.68648 0.00159421 113.653 6.97795e-53
6.73329 0.00176332 112.688 2.02521e-52
6.78042 0.00194756 111.706 5.97183e-52
6.82788 0.00214802 110.714 1.77661e-51
6.87568 0.0023658 109.727 5.25018e-51
6.92381 0.00260207 108.735 1.55682e-50
6.97227 0.00285846 107.733 4.66023e-50
7.02108 0.00313545 106.721 1.40582e-49
7.07023 0.00343473 105.703 4.26376e-49
7.11972 0.00375767 104.678 1.30025e-48
7.16956 0.0041057 103.648 3.97753e-48
7.21974 0.00448028 102.612 1.22308e-47
7.27028 0.00488291 101.57 3.77939e-47
7.32117 0.00531515 100.521 1.17431e-46
7.37242 0.00577861 99.4683 3.65853e-46
7.42403 0.00627494 98.4099 1.14476e-45
7.476 0.00680581 97.3441 3.60482e-45
7.52833 0.00737295 96.2698 1.14338e-44
7.58103 0.00797813 95.1855 3.6589e-44
7.63409 0.00862314 94.1014 1.16935e-43
7.68753 0.00930982 93.0192 3.72583e-43
7.74135 0.01004 91.929 1.19532e-42
7.79553 0.0108168 90.8167 3.91641e-42
7.8501 0.0116397 89.7153 1.26784e-41
7.90505 0.0125119 88.6078 4.1252e-41
7.96039 0.0134352 87.4911 1.35316e-40
8.01611 0.0144116 86.3658 4.4724e-40
8.07222 0.0154432 85.2448 1.47018e-39
8.12873 0.0165317 84.1194 4.84989e-39
8.18563 0.0176793 82.9757 1.62763e-38
8.24293 0.0188878 81.849 5.36527e-38
8.30063 0.0201592 80.6962 1.81375e-37
8.35874 0.0214954 79.5552 6.05313e-37
8.41725 0.0228983 78.4054 2.03596e-36
8.47617 0.0243699 77.2475 6.8972e-36
8.5355 0.0259119 76.0939 2.32462e-35
8.59525 0.0275262 74.9352 7.86657e-35
8.65542 0.0292145 73.7642 2.69298e-34
8.716 0.0309785 72.5984 9.16155e-34
8.77702 0.0328229 71.4278 3.12955e-33
8.83846 0.0347435 70.2548 1.07052e-32
8.90032 0.0367446 69.0856 3.64495e-32
8.96263 0.0388279 67.9041 1.25539e-31
9.02537 0.0409947 66.724 4.31383e-31
9.08854 0.0432463 65.5467 1.47699e-30
9.15216 0.0455841 64.3654 5.0731e-30
9.21623 0.0480091 63.1785 1.75079e-29
9.28074 0.0505225 61.9895 6.05074e-29
9.34571 0.0531251 60.8012 2.0878e-28
9.41113 0.055818 59.6203 7.14506e-28
9.477 0.0586019 58.4327 2.45991e-27
9.54334 0.0614774 57.2494 8.42589e-27
9.61015 0.0644451 56.0584 2.90631e-26
9.67742 0.0675054 54.8757 9.93421e-26
9.74516 0.0706586 53.6955 3.38442e-25
9.81338 0.07391 52.5125 1.15561e-24
9.88207 0.0772495 51.3339 3.92521e-24
9.95124 0.0806821 50.1522 1.33647e-23
10.0209 0.0842076 48.9796 4.50586e-23
10.091 0.0878258 47.8052 1.52082e-22
10.1617 0.0915361 46.6324 5.12165e-22
10.2328 0.0953379 45.469 1.70745e-21
10.3044 0.0992306 44.3062 5.68454e-21
10.3766 0.103213 43.1458 1.88695e-20
10.4492 0.107285 41.9972 6.18559e-20
10.5224 0.111444 40.8496 2.0245e-19
10.596 0.11569 39.706 6.59499e-19
10.6702 0.120022 38.5696 2.13144e-18
10.7449 0.124436 37.4368 6.86062e-18
10.8201 0.128933 36.3158 2.18074e-17
10.8958 0.13351 35.1989 6.89933e-17
10.9721 0.138165 34.0955 2.1523e-16
11.0489 0.142903 32.9962 6.68301e-16
11.1263 0.147708 31.9086 2.04957e-15
11.2041 0.152585 30.8297 6.22819e-15
11.2826 0.15753 29.7559 1.88167e-14
11.3615 0.162543 28.6992 5.58554e-14
11.4411 0.167619 27.6526 1.6404e-13
11.5212 0.172757 26.6151 4.77162e-13
11.6018 0.177953 25.5945 1.36386e-12
11.683 0.183205 24.5866 3.84684e-12
11.7648 0.188509 23.5909 1.07132e-11
11.8472 0.193862 22.6113 2.93436e-11
11.9301 0.199262 21.6461 7.9182e-11
12.0136 0.204704 20.6907 2.11476e-10
12.0977 0.210185 19.7622 5.49546e-10
12.1824 0.215703 18.8469 1.40846e-09
12.2677 0.221253 17.946 3.55678e-09
12.3535 0.22684 17.0667 8.78478e-09
12.44 0.232444 16.206 2.12876e-08
12.5271 0.23807 15.3636 5.06282e-08
12.6148 0.243713 14.5467 1.17311e-07
12.7031 0.249371 13.7468 2.67117e-07
12.792 0.255039 12.9683 5.95038e-07
12.8815 0.260714 12.2123 1.29554e-06
12.9717 0.266392 11.4806 2.75142e-06
13.0625 0.27207 10.7724 5.70554e-06
13.154 0.277742 10.0889 1.15364e-05
13.246 0.283407 9.42874 2.27804e-05
13.3388 0.289059 8.79497 4.37906e-05
13.4321 0.294695 8.18508 8.21557e-05
13.5261 0.300311 7.59978 0.000150325
13.6208 0.305904 7.04312 0.000267176
13.7162 0.31147 6.5094 0.000463897
13.8122 0.317006 6.00468 0.000782107
13.9089 0.322515 5.52389 0.00128692
14.0062 0.327977 5.07039 0.00205969
14.1043 0.333398 4.64228 0.00321251
14.203 0.338775 4.23902 0.00488569
14.3024 0.344102 3.86074 0.00724418
14.4025 0.349379 3.50737 0.0104728
14.5034 0.3546 3.17797 0.0147762
14.6049 0.359763 2.87196 0.0203583
14.7071 0.364865 2.58848 0.0274137
14.8101 0.369903 2.32679 0.0361059
14.9137 0.374873 2.08482 0.0466076
15.0181 0.379774 1.86437 0.0588628
15.1233 0.384601 1.66216 0.0729696
15.2291 0.389352 1.47767 0.0888384
15.3357 0.394026 1.3101 0.106305
15.4431 0.398618 1.1586 0.125137
15.5512 0.403134 1.02137 0.145169
15.66 0.407557 0.897936 0.166043
15.7697 0.411892 0.787302 0.18744
15.8801 0.416138 0.688621 0.209013
15.9912 0.420291 0.600356 0.230578
16.1032 0.424351 0.5222 0.251731
16.2159 0.428314 0.452957 0.272299
16.3294 0.43218 0.391801 0.292084
16.4437 0.435947 0.337802 0.310977
16.5588 0.439614 0.29047 0.328792
16.6747 0.443178 0.249057 0.345473
16.7914 0.446639 0.212901 0.36099
16.909 0.449996 0.181372 0.375353
17.0273 0.453246 0.154155 0.388495
17.1465 0.45639 0.130593 0.400517
17.2665 0.459427 0.110248 0.411468
17.3874 0.462355 0.09278 0.421387
17.5091 0.465178 0.0778123 0.430354
17.6317 0.467887 0.0650101 0.438437
17.7551 0.470485 0.0541286 0.445696
17.8794 0.472973 0.0449233 0.452196
18.0046 0.47535 0.0371306 0.458024
18.1306 0.477616 0.0305707 0.463236
18.2575 0.479771 0.0250558 0.467899
18.3853 0.481814 0.0204727 0.472051
18.514 0.483746 0.0166528 0.475757
18.6436 0.485567 0.0134749 0.479068
18.7741 0.487277 0.0108629 0.482012
18.9055 0.488876 0.00871557 0.484634
19.0379 0.490365 0.00695601 0.486966
19.1711 0.491744 0.00553231 0.489031
19.3053 0.493013 0.00437163 0.490863
19.4405 0.494174 0.00343987 0.492477
19.5765 0.495228 0.00269406 0.493896
19.7136 0.496173 0.00210155 0.495132
19.8516 0.497012 0.0016282 0.496203
19.9905 0.497744 0.00125475 0.49712
20.1305 0.498372 0.000964458 0.497892
20.2714 0.498896 0.000736556 0.498529
20.4133 0.499317 0.000559658 0.499038
20.5562 0.499637 0.000422583 0.499426
20.7001 0.499856 0.000317052 0.499697
20.845 0.499975 0.000236326 0.499857
20.9909 0.499996 0.000175828 0.499908
21.1378 0.49992 0.000129307 0.499856
21.2858 0.499749 9.4582e-05 0.499701
21.4348 0.499483 6.84833e-05 0.499449
21.5848 0.499124 4.90833e-05 0.4991
21.7359 0.498674 3.47687e-05 0.498657
21.8881 0.498134 2.42712e-05 0.498122
22.0413 0.497504 1.6694e-05 0.497496
22.1956 0.496788 1.12276e-05 0.496782
22.3509 0.495986 7.35824e-06 0.495983
22.5074 0.495101 4.63404e-06 0.495099
22.665 0.494133 2.81599e-06 0.494132
22.8236 0.493084 1.59456e-06 0.493083
22.9834 0.491956 8.10817e-07 0.491956
23.1443 0.490751 3.24379e-07 0.490751
23.3063 0.489469 5.94509e-08 0.489469
23.4694 0.488114 0 0.488114
23.6337 0.486685 0 0.486685
23.7991 0.485186 0 0.485186
23.9657 0.483617 0 0.483617
24.1335 0.481981 0 0.481981
24.3024 0.480279 0 0.480279
24.4725 0.478513 0 0.478513
24.6438 0.476681 0 0.476681
24.8164 0.474792 0 0.474792
24.9901 0.472843 0 0.472843
25.165 0.470837 0 0.470837
25.3412 0.468775 0 0.468775
25.5185 0.466658 0 0.466658
25.6972 0.464489 0 0.464489
25.8771 0.46227 0 0.46227
26.0582 0.460001 0 0.460001
26.2406 0.457685 0 0.457685
26.4243 0.455322 0 0.455322
26.6093 0.452916 0 0.452916
26.7955 0.450466 0 0.450466
26.9831 0.447976 0 0.447976
27.172 0.445445 0 0.445445
27.3622 0.442877 0 0.442877
27.5537 0.440272 0 0.440272
27.7466 0.437628 0 0.437628
27.9408 0.434955 0 0.434955
28.1364 0.432249 0 0.432249
28.3334 0.429513 0 0.429513
28.5317 0.426748 0 0.426748
28.7314 0.423955 0 0.423955
28.9325 0.421135 0 0.421135
29.1351 0.418291 0 0.418291
29.339 0.415423 0 0.415423
29.5444 0.412532 0 0.412532
29.7512 0.409621 0 0.409621
29.9594 0.40669 0 0.40669
30.1692 0.40374 0 0.40374
30.3803 0.400773 0 0.400773
30.593 0.39779 0 0.39779
30.8072 0.394793 0 0.394793
31.0228 0.391777 0 0.391777
31.24 0.388753 0 0.388753
31.4586 0.385718 0 0.385718
31.6789 0.382673 0 0.382673
31.9006 0.379618 0 0.379618
32.1239 0.376556 0 0.376556
32.3488 0.373486 0 0.373486
32.5752 0.37041 0 0.37041
32.8032 0.367329 0 0.367329
33.0329 0.364244 0 0.364244
33.2641 0.361156 0 0.361156
33.4969 0.358065 0 0.358065
33.7314 0.354973 0 0.354973
33.9675 0.351881 0 0.351881
34.2053 0.348789 0 0.348789
34.4448 0.345698 0 0.345698
34.6859 0.342609 0 0.342609
34.9287 0.339519 0 0.339519
35.1732 0.336436 0 0.336436
35.4194 0.333358 0 0.333358
35.6673 0.330285 0 0.330285
35.917 0.327217 0 0.327217
36.1684 0.324156 0 0.324156
36.4216 0.321102 0 0.321102
36.6765 0.318056 0 0.318056
36.9333 0.315017 0 0.315017
37.1918 0.311988 0 0.311988
37.4522 0.308968 0 0.308968
37.7143 0.305958 0 0.305958
37.9783 0.302959 0 0.302959
38.2442 0.299971 0 0.299971
38.5119 0.296994 0 0.296994
38.7815 0.29403 0 0.29403
39.0529 0.291073 0 0.291073
39.3263 0.288135 0 0.288135
39.6016 0.285209 0 0.285209
39.8788 0.282298 0 0.282298
40.1579 0.2794 0 0.2794
40.4391 0.276518 0 0.276518
40.7221 0.27365 0 0.27365
41.0072 0.270798 0 0.270798
41.2942 0.267961 0 0.267961
41.5833 0.26514 0 0.26514
41.8744 0.262336 0 0.262336
42.1675 0.259548 0 0.259548
42.4627 0.256778 0 0.256778
42.7599 0.254024 0 0.254024
43.0592 0.251288 0 0.251288
43.3606 0.248569 0 0.248569
43.6642 0.245869 0 0.245869
43.9698 0.243182 0 0.243182
44.2776 0.240518 0 0.240518
44.5875 0.237873 0 0.237873
44.8997 0.235246 0 0.235246
45.214 0.232638 0 0.232638
45.5305 0.230049 0 0.230049
45.8492 0.227479 0 0.227479
46.1701 0.224928 0 0.224928
46.4933 0.222397 0 0.222397
46.8188 0.219885 0 0.219885
47.1465 0.217393 0 0.217393
47.4765 0.214921 0 0.214921
47.8088 0.212469 0 0.212469
48.1435 0.210036 0 0.210036
48.4805 0.207624 0 0.207624
48.8199 0.205231 0 0.205231
49.1616 0.202855 0 0.202855
49.5057 0.200503 0 0.200503
49.8523 0.198171 0 0.198171
50.2013 0.195859 0 0.195859
50.5527 0.193567 0 0.193567
50.9065 0.191296 0 0.191296
51.2629 0.189045 0 0.189045
51.6217 0.186814 0 0.186814
51.9831 0.184603 0 0.184603
52.3469 0.182413 0 0.182413
52.7134 0.180243 0 0.180243
53.0824 0.178093 0 0.178093
53.4539 0.175963 0 0.175963
53.8281 0.173853 0 0.173853
54.2049 0.171763 0 0.171763
54.5844 0.169694 0 0.169694
54.9664 0.167644 0 0.167644
55.3512 0.165611 0 0.165611
55.7387 0.163602 0 0.163602
56.1288 0.161612 0 0.161612
56.5217 0.159642 0 0.159642
56.9174 0.157691 0 0.157691
57.3158 0.155761 0 0.155761
57.717 0.153849 0 0.153849
58.121 0.151957 0 0.151957
58.5279 0.150085 0 0.150085
58.9376 0.148232 0 0.148232
59.3502 0.146398 0 0.146398
59.7656 0.144583 0 0.144583
60.184 0.142787 0 0.142787
60.6052 0.14101 0 0.14101
61.0295 0.139252 0 0.139252
61.4567 0.137512 0 0.137512
61.8869 0.135789 0 0.135789
62.3201 0.134087 0 0.134087
62.7563 0.132403 0 0.132403
63.1956 0.130737 0 0.130737
63.638 0.129089 0 0.129089
64.0835 0.12746 0 0.12746
64.5321 0.125848 0 0.125848
64.9838 0.124254 0 0.124254
65.4387 0.122678 0 0.122678
65.8967 0.121119 0 0.121119
66.358 0.119578 0 0.119578
66.8225 0.118053 0 0.118053
67.2903 0.116546 0 0.116546
67.7613 0.115057 0 0.115057
68.2356 0.113583 0 0.113583
68.7133 0.112127 0 0.112127
69.1943 0.110687 0 0.110687
69.6786 0.109262 0 0.109262
70.1664 0.107856 0 0.107856
70.6576 0.106465 0 0.106465
71.1522 0.105091 0 0.105091
71.6502 0.103732 0 0.103732
72.1518 0.10239 0 0.10239
72.6568 0.101063 0 0.101063
73.1654 0.0997513 0 0.0997513
73.6776 0.0984553 0 0.0984553
74.1933 0.0971746 0 0.0971746
74.7127 0.095909 0 0.095909
75.2357 0.0946585 0 0.0946585
75.7623 0.0934228 0 0.0934228
76.2927 0.0922018 0 0.0922018
76.8267 0.0909954 0 0.0909954
77.3645 0.0898035 0 0.0898035
77.906 0.0886243 0 0.0886243
78.4514 0.087461 0 0.087461
79.0006 0.0863117 0 0.0863117
79.5536 0.0851764 0 0.0851764
80.1104 0.0840548 0 0.0840548
80.6712 0.0829469 0 0.0829469
81.2359 0.0818525 0 0.0818525
81.8046 0.0807715 0 0.0807715
82.3772 0.0797037 0 0.0797037
82.9538 0.078649 0 0.078649
83.5345 0.0776073 0 0.0776073
84.1192 0.0765785 0 0.0765785
84.7081 0.0755623 0 0.0755623
85.301 0.0745587 0 0.0745587
85.8981 0.0735676 0 0.0735676
86.4994 0.0725888 0 0.0725888
87.1049 0.0716222 0 0.0716222
87.7147 0.0706664 0 0.0706664
88.3287 0.0697239 0 0.0697239
88.947 0.0687932 0 0.0687932
89.5696 0.0678741 0 0.0678741
90.1966 0.0669667 0 0.0669667
90.828 0.0660706 0 0.0660706
91.4638 0.0651859 0 0.0651859
92.104 0.0643123 0 0.0643123
92.7487 0.0634498 0 0.0634498
93.398 0.0625982 0 0.0625982
94.0518 0.0617575 0 0.0617575
94.7101 0.0609274 0 0.0609274
95.3731 0.0601079 0 0.0601079
96.0407 0.0592989 0 0.0592989
96.713 0.0585002 0 0.0585002
97.39 0.0577118 0 0.0577118
98.0717 0.0569324 0 0.0569324
98.7582 0.0561641 0 0.0561641
99.4495 0.0554057 0 0.0554057
100.146 0.054657 0 0.054657
100.847 0.053918 0 0.053918
101.553 0.0531886 0 0.0531886
102.263 0.0524685 0 0.0524685
102.979 0.0517578 0 0.0517578
103.7 0.0510563 0 0.0510563
104.426 0.0503639 0 0.0503639
105.157 0.0496806 0 0.0496806
105.893 0.0490061 0 0.0490061
106.634 0.0483403 0 0.0483403
107.381 0.0476833 0 0.0476833
108.133 0.0470349 0 0.0470349
108.889 0.0463949 0 0.0463949
109.652 0.0457633 0 0.0457633
110.419 0.0451391 0 0.0451391
111.192 0.044524 0 0.044524
111.971 0.043917 0 0.043917
112.754 0.043318 0 0.043318
113.544 0.0427268 0 0.0427268
114.338 0.0421434 0 0.0421434
115.139 0.0415677 0 0.0415677
115.945 0.0409996 0 0.0409996
116.756 0.0404391 0 0.0404391
117.574 0.0398859 0 0.0398859
118.397 0.0393401 0 0.0393401
119.225 0.0388015 0 0.0388015
120.06 0.03827 0 0.03827
120.9 0.0377456 0 0.0377456
121.747 0.0372281 0 0.0372281
122.599 0.0367176 0 0.0367176
123.457 0.0362131 0 0.0362131
124.321 0.0357161 0 0.0357161
125.192 0.0352257 0 0.0352257
126.068 0.0347419 0 0.0347419
126.95 0.0342645 0 0.0342645
127.839 0.0337935 0 0.0337935
128.734 0.0333288 0 0.0333288
129.635 0.0328703 0 0.0328703
130.543 0.032418 0 0.032418
131.456 0.0319717 0 0.0319717
132.377 0.0315314 0 0.0315314
133.303 0.031097 0 0.031097
134.236 0.0306685 0 0.0306685
135.176 0.0302457 0 0.0302457
136.122 0.0298286 0 0.0298286
137.075 0.0294172 0 0.0294172
138.035 0.0290112 0 0.0290112
139.001 0.0286102 0 0.0286102
139.974 0.0282152 0 0.0282152
140.954 0.0278255 0 0.0278255
141.94 0.0274411 0 0.0274411
142.934 0.0270619 0 0.0270619
143.934 0.0266878 0 0.0266878
144.942 0.0263188 0 0.0263188
145.957 0.0259547 0 0.0259547
146.978 0.0255956 0 0.0255956
148.007 0.0252414 0 0.0252414
149.043 0.024892 0 0.024892
150.086 0.0245473 0 0.0245473
151.137 0.0242073 0 0.0242073
152.195 0.0238719 0 0.0238719
153.26 0.0235411 0 0.0235411
154.333 0.0232148 0 0.0232148
155.414 0.0228925 0 0.0228925
156.501 0.022575 0 0.022575
157.597 0.0222619 0 0.0222619
158.7 0.021953 0 0.021953
159.811 0.0216483 0 0.0216483
160.93 0.0213478 0 0.0213478
162.056 0.0210514 0 0.0210514
163.191 0.0207591 0 0.0207591
164.333 0.0204707 0 0.0204707
165.483 0.0201863 0 0.0201863
166.642 0.0199058 0 0.0199058
167.808 0.0196291 0 0.0196291
168.983 0.0193562 0 0.0193562
170.166 0.019087 0 0.019087
171.357 0.0188216 0 0.0188216
172.556 0.0185597 0 0.0185597
173.764 0.0183015 0 0.0183015
174.981 0.0180464 0 0.0180464
176.205 0.0177953 0 0.0177953
177.439 0.0175475 0 0.0175475
178.681 0.0173032 0 0.0173032
179.932 0.0170622 0 0.0170622
181.191 0.0168245 0 0.0168245
182.46 0.0165902 0 0.0165902
183.737 0.016359 0 0.016359
185.023 0.016131 0 0.016131
186.318 0.0159061 0 0.0159061
187.622 0.0156844 0 0.0156844
188.936 0.0154657 0 0.0154657
190.258 0.01525 0 0.01525
191.59 0.0150373 0 0.0150373
192.931 0.0148275 0 0.0148275
194.282 0.0146206 0 0.0146206
195.642 0.0144163 0 0.0144163
197.011 0.0142151 0 0.0142151
198.39 0.0140167 0 0.0140167
199.779 0.013821 0 0.013821
201.177 0.013628 0 0.013628
202.586 0.0134377 0 0.0134377
204.004 0.01325 0 0.01325
205.432 0.0130649 0 0.0130649
206.87 0.0128824 0 0.0128824
208.318 0.0127024 0 0.0127024
209.776 0.0125249 0 0.0125249
211.245 0.0123498 0 0.0123498
212.723 0.0121772 0 0.0121772
214.212 0.012007 0 0.012007
215.712 0.0118391 0 0.0118391
217.222 0.0116735 0 0.0116735
218.742 0.0115103 0 0.0115103
220.274 0.0113491 0 0.0113491
221.815 0.0111903 0 0.0111903
223.368 0.0110338 0 0.0110338
224.932 0.0108794 0 0.0108794
226.506 0.0107272 0 0.0107272
228.092 0.010577 0 0.010577
229.688 0.010429 0 0.010429
231.296 0.010283 0 0.010283
232.915 0.0101391 0 0.0101391
234.546 0.00999711 0 0.00999711
236.188 0.00985713 0 0.00985713
237.841 0.00971909 0 0.00971909
239.506 0.00958297 0 0.00958297
241.182 0.00944875 0 0.00944875
242.871 0.00931639 0 0.00931639
244.571 0.00918588 0 0.00918588
246.283 0.009057 0 0.009057
248.007 0.00893011 0 0.00893011
249.743 0.00880497 0 0.00880497
251.491 0.00868158 0 0.00868158
253.251 0.00855991 0 0.00855991
255.024 0.00843993 0 0.00843993
256.809 0.00832162 0 0.00832162
258.607 0.00820496 0 0.00820496
260.417 0.00808993 0 0.00808993
262.24 0.0079765 0 0.0079765
264.076 0.00786464 0 0.00786464
265.924 0.00775435 0 0.00775435
267.786 0.0076456 0 0.0076456
269.66 0.00753836 0 0.00753836
271.548 0.00743262 0 0.00743262
273.449 0.00732836 0 0.00732836
275.363 0.00722555 0 0.00722555
277.29 0.00712404 0 0.00712404
279.231 0.00702408 0 0.00702408
281.186 0.00692553 0 0.00692553
283.154 0.00682834 0 0.00682834
285.136 0.00673252 0 0.00673252
287.132 0.00663803 0 0.00663803
289.142 0.00654486 0 0.00654486
291.166 0.00645299 0 0.00645299
293.204 0.00636241 0 0.00636241
295.257 0.00627309 0 0.00627309
297.324 0.00618502 0 0.00618502
299.405 0.00609818 0 0.00609818
301.501 0.00601256 0 0.00601256
303.611 0.00592813 0 0.00592813
305.737 0.00584488 0 0.00584488
307.877 0.00576279 0 0.00576279
310.032 0.00568175 0 0.00568175
312.202 0.00560195 0 0.00560195
314.388 0.00552327 0 0.00552327
316.588 0.00544569 0 0.00544569
318.804 0.00536919 0 0.00536919
321.036 0.00529377 0 0.00529377
323.283 0.0052194 0 0.0052194
325.546 0.00514607 0 0.00514607
327.825 0.00507376 0 0.00507376
330.12 0.00500247 0 0.00500247
332.431 0.00493218 0 0.00493218
334.758 0.00486287 0 0.00486287
337.101 0.00479453 0 0.00479453
339.461 0.00472715 0 0.00472715
341.837 0.00466071 0 0.00466071
344.23 0.00459521 0 0.00459521
346.639 0.00453062 0 0.00453062
349.066 0.00446685 0 0.00446685
351.509 0.00440406 0 0.00440406
353.97 0.00434216 0 0.00434216
356.448 0.00428111 0 0.00428111
358.943 0.00422093 0 0.00422093
361.455 0.00416159 0 0.00416159
363.986 0.00410308 0 0.00410308
366.533 0.00404539 0 0.00404539
369.099 0.00398851 0 0.00398851
371.683 0.00393242 0 0.00393242
374.285 0.00387713 0 0.00387713
376.905 0.0038226 0 0.0038226
379.543 0.00376885 0 0.00376885
382.2 0.00371584 0 0.00371584
384.875 0.00366358 0 0.00366358
387.569 0.00361206 0 0.00361206
390.282 0.00356119 0 0.00356119
393.014 0.0035111 0 0.0035111
395.765 0.00346172 0 0.00346172
398.536 0.00341302 0 0.00341302
401.326 0.00336501 0 0.00336501
404.135 0.00331768 0 0.00331768
406.964 0.00327101 0 0.00327101
409.812 0.00322499 0 0.00322499
412.681 0.00317962 0 0.00317962
415.57 0.00313489 0 0.00313489
418.479 0.00309078 0 0.00309078
421.408 0.0030473 0 0.0030473
424.358 0.00300442 0 0.00300442
427.329 0.00296215 0 0.00296215
430.32 0.00292047 0 0.00292047
433.332 0.00287937 0 0.00287937
436.366 0.00283886 0 0.00283886
439.42 0.00279886 0 0.00279886
442.496 0.00275947 0 0.00275947
445.593 0.00272064 0 0.00272064
448.713 0.00268235 0 0.00268235
451.854 0.0026446 0 0.0026446
455.017 0.00260739 0 0.00260739
458.202 0.00257069 0 0.00257069
461.409 0.00253451 0 0.00253451
464.639 0.00249884 0 0.00249884
467.891 0.00246367 0 0.00246367
471.167 0.00242899 0 0.00242899
474.465 0.0023948 0 0.0023948
477.786 0.00236109 0 0.00236109
481.131 0.00232786 0 0.00232786
484.499 0.00229509 0 0.00229509
487.89 0.00226278 0 0.00226278
491.305 0.00223089 0 0.00223089
494.744 0.00219948 0 0.00219948
498.208 0.00216852 0 0.00216852
501.695 0.00213799 0 0.00213799
505.207 0.0021079 0 0.0021079
508.743 0.00207822 0 0.00207822
512.305 0.00204896 0 0.00204896
515.891 0.00202012 0 0.00202012
519.502 0.00199168 0 0.00199168
523.138 0.00196363 0 0.00196363
526.8 0.00193599 0 0.00193599
530.488 0.00190873 0 0.00190873
534.201 0.00188185 0 0.00188185
537.941 0.00185536 0 0.00185536
541.706 0.00182923 0 0.00182923
545.498 0.00180348 0 0.00180348
549.317 0.00177808 0 0.00177808
553.162 0.00175301 0 0.00175301
557.034 0.00172833 0 0.00172833
560.933 0.00170399 0 0.00170399
564.86 0.00168 0 0.00168
568.814 0.00165634 0 0.00165634
572.796 0.00163302 0 0.00163302
576.805 0.00161002 0 0.00161002
580.843 0.00158735 0 0.00158735
584.909 0.00156499 0 0.00156499
589.003 0.00154295 0 0.00154295
593.126 0.00152123 0 0.00152123
597.278 0.0014998 0 0.0014998
601.459 0.00147868 0 0.00147868
605.669 0.00145786 0 0.00145786
609.909 0.00143732 0 0.00143732
614.178 0.00141708 0 0.00141708
618.478 0.0013971 0 0.0013971
622.807 0.00137742 0 0.00137742
627.167 0.00135802 0 0.00135802
631.557 0.00133889 0 0.00133889
635.978 0.00132004 0 0.00132004
640.429 0.00130145 0 0.00130145
644.912 0.00128312 0 0.00128312
649.427 0.00126504 0 0.00126504
653.973 0.00124723 0 0.00124723
658.551 0.00122966 0 0.00122966
663.16 0.00121234 0 0.00121234
667.803 0.00119526 0 0.00119526
672.477 0.00117843 0 0.00117843
677.185 0.00116183 0 0.00116183
681.925 0.00114546 0 0.00114546
686.698 0.00112933 0 0.00112933
691.505 0.00111342 0 0.00111342
696.346 0.00109772 0 0.00109772
701.22 0.00108225 0 0.00108225
706.129 0.00106701 0 0.00106701
711.072 0.00105198 0 0.00105198
716.049 0.00103716 0 0.00103716
721.061 0.00102255 0 0.00102255
726.109 0.00100815 0 0.00100815
731.192 0.000993947 0 0.000993947
736.31 0.000979945 0 0.000979945
741.464 0.000966141 0 0.000966141
746.654 0.000952531 0 0.000952531
751.881 0.000939113 0 0.000939113
757.144 0.000925883 0 0.000925883
762.444 0.00091284 0 0.00091284
767.781 0.00089998 0 0.00089998
773.156 0.000887302 0 0.000887302
778.568 0.000874786 0 0.000874786
784.018 0.000862463 0 0.000862463
789.506 0.000850313 0 0.000850313
795.032 0.000838335 0 0.000838335
800.598 0.000826525 0 0.000826525
806.202 0.000814881 0 0.000814881
811.845 0.000803401 0 0.000803401
817.528 0.000792083 0 0.000792083
823.251 0.000780924 0 0.000780924
829.014 0.000769923 0 0.000769923
834.817 0.000759076 0 0.000759076
840.661 0.000748382 0 0.000748382
846.545 0.000737839 0 0.000737839
852.471 0.000727444 0 0.000727444
858.438 0.000717195 0 0.000717195
864.447 0.000707091 0 0.000707091
870.498 0.000697129 0 0.000697129
876.592 0.000687295 0 0.000687295
882.728 0.000677612 0 0.000677612
888.907 0.000668066 0 0.000668066
895.13 0.000658654 0 0.000658654
901.395 0.000649375 0 0.000649375
907.705 0.000640226 0 0.000640226
914.059 0.000631206 0 0.000631206
920.458 0.000622313 0 0.000622313
926.901 0.000613546 0 0.000613546
933.389 0.000604902 0 0.000604902
939.923 0.000596379 0 0.000596379
946.502 0.000587977 0 0.000587977
953.128 0.000579693 0 0.000579693
959.8 0.000571526 0 0.000571526
966.518 0.000563473 0 0.000563473
973.284 0.000555534 0 0.000555534
980.097 0.000547697 0 0.000547697
986.958 0.000539981 0 0.000539981
993.866 0.000532373 0 0.000532373
1000.82 0.000524873 0 0.000524873
1007.83 0.000517478 0 0.000517478
1014.88 0.000510187 0 0.000510187
1021.99 0.000502999 0 0.000502999
1029.14 0.000495913 0 0.000495913
1036.35 0.000488926 0 0.000488926
1043.6 0.000482037 0 0.000482037
1050.91 0.000475245 0 0.000475245
1058.26 0.00046855 0 0.00046855
1065.67 0.000461948 0 0.000461948
1073.13 0.000455439 0 0.000455439
1080.64 0.000449022 0 0.000449022
1088.21 0.000442696 0 0.000442696
1095.82 0.000436459 0 0.000436459
1103.49 0.000430301 0 0.000430301
1111.22 0.000424239 0 0.000424239
1119 0.000418262 0 0.000418262
1126.83 0.000412369 0 0.000412369
1134.72 0.000406559 0 0.000406559
1142.66 0.000400831 0 0.000400831
1150.66 0.000395183 0 0.000395183
1158.71 0.000389616 0 0.000389616
1166.83 0.000384126 0 0.000384126
1174.99 0.000378714 0 0.000378714
1183.22 0.000373378 0 0.000373378
1191.5 0.000368117 0 0.000368117
1199.84 0.000362931 0 0.000362931
1208.24 0.000357817 0 0.000357817
1216.7 0.000352776 0 0.000352776
1225.21 0.000347805 0 0.000347805
1233.79 0.000342899 0 0.000342899
1242.43 0.000338067 0 0.000338067
1251.12 0.000333304 0 0.000333304
1259.88 0.000328608 0 0.000328608
1268.7 0.000323979 0 0.000323979
1277.58 0.000319414 0 0.000319414
1286.53 0.000314914 0 0.000314914
1295.53 0.000310477 0 0.000310477
1304.6 0.000306102 0 0.000306102
1313.73 0.00030179 0 0.00030179
1322.93 0.000297538 0 0.000297538
1332.19 0.000293345 0 0.000293345
1341.51 0.000289212 0 0.000289212
1350.9 0.000285137 0 0.000285137
1360.36 0.00028112 0 0.00028112
1369.88 0.000277159 0 0.000277159
1379.47 0.000273254 0 0.000273254
1389.13 0.000269399 0 0.000269399
1398.85 0.000265604 0 0.000265604
1408.64 0.000261862 0 0.000261862
1418.51 0.000258172 0 0.000258172
1428.43 0.000254535 0 0.000254535
1438.43 0.000250949 0 0.000250949
1448.5 0.000247413 0 0.000247413
1458.64 0.000243927 0 0.000243927
1468.85 0.00024049 0 0.00024049
1479.13 0.000237102 0 0.000237102
1489.49 0.000233761 0 0.000233761
1499.92 0.000230468 0 0.000230468
1510.41 0.000227221 0 0.000227221
1520.99 0.000224019 0 0.000224019
1531.63 0.000220863 0 0.000220863
1542.36 0.000217751 0 0.000217751
1553.15 0.000214679 0 0.000214679
1564.02 0.000211655 0 0.000211655
1574.97 0.000208673 0 0.000208673
1586 0.000205733 0 0.000205733
1597.1 0.000202834 0 0.000202834
1608.28 0.000199977 0 0.000199977
1619.54 0.000197159 0 0.000197159
1630.87 0.000194381 0 0.000194381
1642.29 0.000191643 0 0.000191643
1653.79 0.000188943 0 0.000188943
1665.36 0.000186281 0 0.000186281
1677.02 0.000183656 0 0.000183656
1688.76 0.000181069 0 0.000181069
1700.58 0.000178518 0 0.000178518
1712.48 0.000176002 0 0.000176002
1724.47 0.000173523 0 0.000173523
1736.54 0.000171078 0 0.000171078
1748.7 0.000168665 0 0.000168665
1760.94 0.000166288 0 0.000166288
1773.27 0.000163946 0 0.000163946
1785.68 0.000161636 0 0.000161636
1798.18 0.000159359 0 0.000159359
1810.77 0.000157114 0 0.000157114
1823.44 0.0001549 0 0.0001549
1836.21 0.000152718 0 0.000152718
1849.06 0.000150566 0 0.000150566
1862 0.000148445 0 0.000148445
1875.04 0.000146354 0 0.000146354
1888.16 0.000144292 0 0.000144292
1901.38 0.000142259 0 0.000142259
1914.69 0.000140255 0 0.000140255
1928.09 0.000138278 0 0.000138278
1941.59 0.00013633 0 0.00013633
1955.18 0.000134407 0 0.000134407
1968.87 0.000132514 0 0.000132514
1982.65 0.000130647 0 0.000130647
1996.53 0.000128806 0 0.000128806
2010.5 0.000126992 0 0.000126992
2024.58 0.000125203 0 0.000125203
2038.75 0.000123439 0 0.000123439
2053.02 0.0001217 0 0.0001217
2067.39 0.000119985 0 0.000119985
2081.86 0.000118295 0 0.000118295
2096.43 0.000116628 0 0.000116628
2111.11 0.000114985 0 0.000114985
2125.89 0.000113365 0 0.000113365
2140.77 0.000111768 0 0.000111768
2155.75 0.000110193 0 0.000110193
2170.84 0.000108641 0 0.000108641
2186.04 0.00010711 0 0.00010711
2201.34 0.0001056 0 0.0001056
2216.75 0.000104112 0 0.000104112
2232.27 0.000102645 0 0.000102645
2247.89 0.000101199 0 0.000101199
2263.63 9.97735e-05 0 9.97735e-05
2279.48 9.8368e-05 0 9.8368e-05
2295.43 9.69822e-05 0 9.69822e-05
2311.5 9.56159e-05 0 9.56159e-05
2327.68 9.42689e-05 0 9.42689e-05
2343.97 9.29408e-05 0 9.29408e-05
2360.38 9.16315e-05 0 9.16315e-05
2376.9 9.03406e-05 0 9.03406e-05
2393.54 8.90679e-05 0 8.90679e-05
2410.3 8.78131e-05 0 8.78131e-05
2427.17 8.6576e-05 0 8.6576e-05
2444.16 8.53564e-05 0 8.53564e-05
2461.27 8.41524e-05 0 8.41524e-05
2478.5 8.29669e-05 0 8.29669e-05
2495.85 8.17982e-05 0 8.17982e-05
2513.32 8.06459e-05 0 8.06459e-05
2530.91 7.95098e-05 0 7.95098e-05
2548.63 7.83897e-05 0 7.83897e-05
2566.47 7.72854e-05 0 7.72854e-05
2584.43 7.61967e-05 0 7.61967e-05
2602.52 7.51233e-05 0 7.51233e-05
2620.74 7.4065e-05 0 7.4065e-05
2639.09 7.30216e-05 0 7.30216e-05
2657.56 7.19929e-05 0 7.19929e-05
2676.16 7.09787e-05 0 7.09787e-05
2694.9 6.99788e-05 0 6.99788e-05
2713.76 6.8993e-05 0 6.8993e-05
2732.76 6.80211e-05 0 6.80211e-05
2751.89 6.70628e-05 0 6.70628e-05
2771.15 6.6117e-05 0 6.6117e-05
2790.55 6.51856e-05 0 6.51856e-05
2810.08 6.42673e-05 0 6.42673e-05
2829.75 6.3362e-05 0 6.3362e-05
2849.56 6.24695e-05 0 6.24695e-05
2869.51 6.15895e-05 0 6.15895e-05
2889.59 6.07219e-05 0 6.07219e-05
2909.82 5.98665e-05 0 5.98665e-05
2930.19 5.90232e-05 0 5.90232e-05
2950.7 5.81917e-05 0 5.81917e-05
2971.36 5.7372e-05 0 5.7372e-05
2992.16 5.65638e-05 0 5.65638e-05
3013.1 5.5767e-05 0 5.5767e-05
3034.19 5.49814e-05 0 5.49814e-05
3055.43 5.42069e-05 0 5.42069e-05
3076.82 5.34433e-05 0 5.34433e-05
3098.36 5.26895e-05 0 5.26895e-05
3120.05 5.19473e-05 0 5.19473e-05
3141.89 5.12155e-05 0 5.12155e-05
3163.88 5.04941e-05 0 5.04941e-05
3186.03 4.97828e-05 0 4.97828e-05
3208.33 4.90816e-05 0 4.90816e-05
3230.79 4.83902e-05 0 4.83902e-05
3253.4 4.77086e-05 0 4.77086e-05
3276.18 4.70365e-05 0 4.70365e-05
3299.11 4.63739e-05 0 4.63739e-05
3322.2 4.57207e-05 0 4.57207e-05
3345.46 4.50767e-05 0 4.50767e-05
3368.88 4.44417e-05 0 4.44417e-05
3392.46 4.38157e-05 0 4.38157e-05
3416.21 4.31985e-05 0 4.31985e-05
3440.12 4.25899e-05 0 4.25899e-05
3464.2 4.199e-05 0 4.199e-05
3488.45 4.13978e-05 0 4.13978e-05
3512.87 4.08147e-05 0 4.08147e-05
3537.46 4.02398e-05 0 4.02398e-05
3562.22 3.9673e-05 0 3.9673e-05
3587.16 3.91142e-05 0 3.91142e-05
3612.27 3.85632e-05 0 3.85632e-05
3637.55 3.802e-05 0 3.802e-05
3663.02 3.74845e-05 0 3.74845e-05
3688.66 3.69564e-05 0 3.69564e-05
3714.48 3.64359e-05 0 3.64359e-05
3740.48 3.59226e-05 0 3.59226e-05
3766.66 3.54166e-05 0 3.54166e-05
3793.03 3.49178e-05 0 3.49178e-05
3819.58 3.44259e-05 0 3.44259e-05
3846.32 3.3941e-05 0 3.3941e-05
3873.24 3.34629e-05 0 3.34629e-05
3900.36 3.2991e-05 0 3.2991e-05
3927.66 3.25263e-05 0 3.25263e-05
3955.15 3.20681e-05 0 3.20681e-05
3982.84 3.16164e-05 0 3.16164e-05
4010.72 3.11711e-05 0 3.11711e-05
4038.79 3.07321e-05 0 3.07321e-05
4067.06 3.02992e-05 0 3.02992e-05
4095.53 2.98724e-05 0 2.98724e-05
4124.2 2.94516e-05 0 2.94516e-05
4153.07 2.90368e-05 0 2.90368e-05
4182.14 2.86278e-05 0 2.86278e-05
4211.42 2.82246e-05 0 2.82246e-05
4240.9 2.7827e-05 0 2.7827e-05
4270.58 2.7435e-05 0 2.7435e-05
4300.48 2.70486e-05 0 2.70486e-05
4330.58 2.66676e-05 0 2.66676e-05
4360.9 2.6292e-05 0 2.6292e-05
4391.42 2.59212e-05 0 2.59212e-05
4422.16 2.55561e-05 0 2.55561e-05
4453.12 2.51962e-05 0 2.51962e-05
4484.29 2.48413e-05 0 2.48413e-05
4515.68 2.44914e-05 0 2.44914e-05
4547.29 2.41464e-05 0 2.41464e-05
4579.12 2.38063e-05 0 2.38063e-05
4611.17 2.3471e-05 0 2.3471e-05
4643.45 2.31404e-05 0 2.31404e-05
4675.96 2.28145e-05 0 2.28145e-05
4708.69 2.24931e-05 0 2.24931e-05
4741.65 2.21763e-05 0 2.21763e-05
4774.84 2.1864e-05 0 2.1864e-05
4808.26 2.1556e-05 0 2.1556e-05
4841.92 2.12524e-05 0 2.12524e-05
4875.82 2.0953e-05 0 2.0953e-05
4909.95 2.06576e-05 0 2.06576e-05
4944.32 2.03666e-05 0 2.03666e-05
4978.93 2.00798e-05 0 2.00798e-05
5013.78 1.97969e-05 0 1.97969e-05
5048.87 1.95181e-05 0 1.95181e-05
5084.22 1.92432e-05 0 1.92432e-05
5119.81 1.89722e-05 0 1.89722e-05
5155.64 1.8705e-05 0 1.8705e-05
5191.73 1.84415e-05 0 1.84415e-05
5228.08 1.81818e-05 0 1.81818e-05
5264.67 1.79257e-05 0 1.79257e-05
5301.53 1.76732e-05 0 1.76732e-05
5338.64 1.74243e-05 0 1.74243e-05
5376.01 1.71789e-05 0 1.71789e-05
5413.64 1.69369e-05 0 1.69369e-05
5451.53 1.66983e-05 0 1.66983e-05
5489.7 1.64631e-05 0 1.64631e-05
5528.12 1.6231e-05 0 1.6231e-05
5566.82 1.60024e-05 0 1.60024e-05
5605.79 1.5777e-05 0 1.5777e-05
5645.03 1.55548e-05 0 1.55548e-05
5684.54 1.53357e-05 0 1.53357e-05
5724.34 1.51197e-05 0 1.51197e-05
5764.41 1.49068e-05 0 1.49068e-05
5804.76 1.46968e-05 0 1.46968e-05
5845.39 1.44898e-05 0 1.44898e-05
5886.31 1.42858e-05 0 1.42858e-05
5927.51 1.40846e-05 0 1.40846e-05
5969 1.38862e-05 0 1.38862e-05
6010.79 1.36906e-05 0 1.36906e-05
6052.86 1.34978e-05 0 1.34978e-05
6095.23 1.33077e-05 0 1.33077e-05
6137.9 1.31202e-05 0 1.31202e-05
6180.86 1.29352e-05 0 1.29352e-05
6224.13 1.27531e-05 0 1.27531e-05
6267.7 1.25734e-05 0 1.25734e-05
6311.57 1.23964e-05 0 1.23964e-05
6355.75 1.22218e-05 0 1.22218e-05
6400.24 1.20496e-05 0 1.20496e-05
6445.05 1.18799e-05 0 1.18799e-05
6490.16 1.17126e-05 0 1.17126e-05
6535.59 1.15477e-05 0 1.15477e-05
6581.34 1.1385e-05 0 1.1385e-05
6627.41 1.12247e-05 0 1.12247e-05
6673.8 1.10666e-05 0 1.10666e-05
6720.52 1.09107e-05 0 1.09107e-05
6767.56 1.0757e-05 0 1.0757e-05
6814.94 1.06055e-05 0 1.06055e-05
6862.64 1.04562e-05 0 1.04562e-05
6910.68 1.03089e-05 0 1.03089e-05
6959.05 1.01635e-05 0 1.01635e-05
7007.77 1.00204e-05 0 1.00204e-05
7056.82 9.87928e-06 0 9.87928e-06
7106.22 9.74015e-06 0 9.74015e-06
7155.96 9.60297e-06 0 9.60297e-06
7206.06 9.46773e-06 0 9.46773e-06
7256.5 9.33439e-06 0 9.33439e-06
7307.29 9.20292e-06 0 9.20292e-06
7358.44 9.07331e-06 0 9.07331e-06
7409.95 8.94552e-06 0 8.94552e-06
7461.82 8.81954e-06 0 8.81954e-06
7514.06 8.69532e-06 0 8.69532e-06
7566.65 8.57286e-06 0 8.57286e-06
7619.62 8.45212e-06 0 8.45212e-06
7672.96 8.33308e-06 0 8.33308e-06
7726.67 8.21572e-06 0 8.21572e-06
7780.76 8.09987e-06 0 8.09987e-06
7835.22 7.9858e-06 0 7.9858e-06
7890.07 7.87333e-06 0 7.87333e-06
7945.3 7.76245e-06 0 7.76245e-06
8000.91 7.65313e-06 0 7.65313e-06
8056.92 7.54534e-06 0 7.54534e-06
8113.32 7.43908e-06 0 7.43908e-06
8170.11 7.33431e-06 0 7.33431e-06
8227.3 7.23102e-06 0 7.23102e-06
8284.89 7.12918e-06 0 7.12918e-06
8342.89 7.02877e-06 0 7.02877e-06
8401.29 6.92978e-06 0 6.92978e-06
8460.1 6.83219e-06 0 6.83219e-06
8519.32 6.73596e-06 0 6.73596e-06
8578.95 6.6411e-06 0 6.6411e-06
8639.01 6.54756e-06 0 6.54756e-06
8699.48 6.45535e-06 0 6.45535e-06
8760.38 6.36433e-06 0 6.36433e-06
8821.7 6.2747e-06 0 6.2747e-06
8883.45 6.18633e-06 0 6.18633e-06
8945.63 6.09921e-06 0 6.09921e-06
9008.25 6.01331e-06 0 6.01331e-06
9071.31 5.92862e-06 0 5.92862e-06
9134.81 5.84513e-06 0 5.84513e-06
9198.75 5.76281e-06 0 5.76281e-06
9263.15 5.68165e-06 0 5.68165e-06
9327.99 5.60163e-06 0 5.60163e-06
9393.28 5.52274e-06 0 5.52274e-06
9459.04 5.44496e-06 0 5.44496e-06
9525.25 5.36828e-06 0 5.36828e-06
9591.93 5.29267e-06 0 5.29267e-06
9659.07 5.21813e-06 0 5.21813e-06
9726.68 5.14464e-06 0 5.14464e-06
9794.77 5.0721e-06 0 5.0721e-06
9863.33 5.00067e-06 0 5.00067e-06
9932.38 4.93025e-06 0 4.93025e-06
10001.9 4.86081e-06 0 4.86081e-06
10071.9 4.79236e-06 0 4.79236e-06
10142.4 4.72487e-06 0 4.72487e-06
10213.4 4.65833e-06 0 4.65833e-06
10284.9 4.59272e-06 0 4.59272e-06
10356.9 4.52804e-06 0 4.52804e-06
10429.4 4.46427e-06 0 4.46427e-06
10502.4 4.4014e-06 0 4.4014e-06
10575.9 4.33941e-06 0 4.33941e-06
10650 4.2783e-06 0 4.2783e-06
10724.5 4.21804e-06 0 4.21804e-06
10799.6 4.15864e-06 0 4.15864e-06
10875.2 4.10007e-06 0 4.10007e-06
10951.3 4.04233e-06 0 4.04233e-06
11028 3.98533e-06 0 3.98533e-06
11105.2 3.92921e-06 0 3.92921e-06
11182.9 3.87387e-06 0 3.87387e-06
11261.2 3.81932e-06 0 3.81932e-06
11340 3.76553e-06 0 3.76553e-06
11419.4 3.7125e-06 0 3.7125e-06
11499.3 3.66021e-06 0 3.66021e-06
11579.8 3.60867e-06 0 3.60867e-06
11660.9 3.55784e-06 0 3.55784e-06
11742.5 3.50774e-06 0 3.50774e-06
11824.7 3.45834e-06 0 3.45834e-06
11907.5 3.40963e-06 0 3.40963e-06
11990.8 3.36161e-06 0 3.36161e-06
12074.8 3.31427e-06 0 3.31427e-06
12159.3 3.26759e-06 0 3.26759e-06
12244.4 3.22157e-06 0 3.22157e-06
12330.1 3.17615e-06 0 3.17615e-06
12416.4 3.13142e-06 0 3.13142e-06
12503.3 3.08732e-06 0 3.08732e-06
12590.9 3.04384e-06 0 3.04384e-06
12679 3.00097e-06 0 3.00097e-06
12767.7 2.95871e-06 0 2.95871e-06
12857.1 2.91704e-06 0 2.91704e-06
12947.1 2.87596e-06 0 2.87596e-06
13037.7 2.83546e-06 0 2.83546e-06
13129 2.79552e-06 0 2.79552e-06
13220.9 2.75615e-06 0 2.75615e-06
13313.5 2.71734e-06 0 2.71734e-06
13406.7 2.67907e-06 0 2.67907e-06
13500.5 2.64134e-06 0 2.64134e-06
13595 2.60414e-06 0 2.60414e-06
13690.2 2.56746e-06 0 2.56746e-06
13786 2.5313e-06 0 2.5313e-06
13882.5 2.49561e-06 0 2.49561e-06
13979.7 2.46047e-06 0 2.46047e-06
14077.5 2.42581e-06 0 2.42581e-06
14176.1 2.39165e-06 0 2.39165e-06
14275.3 2.35797e-06 0 2.35797e-06
14375.2 2.32476e-06 0 2.32476e-06
14475.9 2.29202e-06 0 2.29202e-06
14577.2 2.25974e-06 0 2.25974e-06
14679.2 2.22792e-06 0 2.22792e-06
14782 2.19654e-06 0 2.19654e-06
14885.5 2.1656e-06 0 2.1656e-06
14989.7 2.13511e-06 0 2.13511e-06
15094.6 2.10504e-06 0 2.10504e-06
15200.3 2.07539e-06 0 2.07539e-06
15306.7 2.04616e-06 0 2.04616e-06
15413.8 2.01734e-06 0 2.01734e-06
15521.7 1.9889e-06 0 1.9889e-06
15630.4 1.96089e-06 0 1.96089e-06
15739.8 1.93327e-06 0 1.93327e-06
15849.9 1.90604e-06 0 1.90604e-06
15960.9 1.8792e-06 0 1.8792e-06
16072.6 1.85273e-06 0 1.85273e-06
16185.1 1.82664e-06 0 1.82664e-06
16298.4 1.80092e-06 0 1.80092e-06
16412.5 1.77555e-06 0 1.77555e-06
16527.4 1.75055e-06 0 1.75055e-06
16643.1 1.72589e-06 0 1.72589e-06
16759.6 1.70159e-06 0 1.70159e-06
16876.9 1.67762e-06 0 1.67762e-06
16995.1 1.65399e-06 0 1.65399e-06
17114 1.6307e-06 0 1.6307e-06
17233.8 1.60773e-06 0 1.60773e-06
17354.5 1.58509e-06 0 1.58509e-06
17475.9 1.56274e-06 0 1.56274e-06
17598.3 1.54073e-06 0 1.54073e-06
17721.5 1.51903e-06 0 1.51903e-06
17845.5 1.49764e-06 0 1.49764e-06
17970.4 1.47654e-06 0 1.47654e-06
18096.2 1.45575e-06 0 1.45575e-06
18222.9 1.43525e-06 0 1.43525e-06
18350.4 1.41503e-06 0 1.41503e-06
18478.9 1.3951e-06 0 1.3951e-06
18608.3 1.37546e-06 0 1.37546e-06
18738.5 1.35608e-06 0 1.35608e-06
18869.7 1.33698e-06 0 1.33698e-06
19001.8 1.31815e-06 0 1.31815e-06
19134.8 1.29959e-06 0 1.29959e-06
19268.7 1.28128e-06 0 1.28128e-06
19403.6 1.26324e-06 0 1.26324e-06
19539.4 1.24543e-06 0 1.24543e-06
19676.2 1.22789e-06 0 1.22789e-06
19813.9 1.21059e-06 0 1.21059e-06
19952.6 1.19354e-06 0 1.19354e-06
20092.3 1.17673e-06 0 1.17673e-06
20233 1.16016e-06 0 1.16016e-06
20374.6 1.14382e-06 0 1.14382e-06
20517.2 1.12771e-06 0 1.12771e-06
20660.8 1.11183e-06 0 1.11183e-06
20805.4 1.09617e-06 0 1.09617e-06
20951.1 1.08073e-06 0 1.08073e-06
21097.7 1.06551e-06 0 1.06551e-06
21245.4 1.0505e-06 0 1.0505e-06
21394.1 1.0357e-06 0 1.0357e-06
21543.9 1.02112e-06 0 1.02112e-06
21694.7 1.00673e-06 0 1.00673e-06
21846.6 9.92555e-07 0 9.92555e-07
21999.5 9.78559e-07 0 9.78559e-07
22153.5 9.64777e-07 0 9.64777e-07
22308.6 9.51189e-07 0 9.51189e-07
22464.7 9.37792e-07 0 9.37792e-07
22622 9.24584e-07 0 9.24584e-07
22780.3 9.11561e-07 0 9.11561e-07
22939.8 8.98722e-07 0 8.98722e-07
23100.4 8.86064e-07 0 8.86064e-07
23262.1 8.73584e-07 0 8.73584e-07
23424.9 8.6128e-07 0 8.6128e-07
23588.9 8.49149e-07 0 8.49149e-07
23754 8.37189e-07 0 8.37189e-07
23920.3 8.25397e-07 0 8.25397e-07
24087.7 8.13771e-07 0 8.13771e-07
24256.3 8.02309e-07 0 8.02309e-07
24426.1 7.91008e-07 0 7.91008e-07
24597.1 7.79854e-07 0 7.79854e-07
24769.3 7.6887e-07 0 7.6887e-07
24942.7 7.5804e-07 0 7.5804e-07
25117.3 7.47363e-07 0 7.47363e-07
25293.1 7.36837e-07 0 7.36837e-07
25470.2 7.26459e-07 0 7.26459e-07
25648.5 7.16226e-07 0 7.16226e-07
25828 7.06138e-07 0 7.06138e-07
26008.8 6.96192e-07 0 6.96192e-07
26190.9 6.86386e-07 0 6.86386e-07
26374.2 6.76718e-07 0 6.76718e-07
26558.8 6.67186e-07 0 6.67186e-07
26744.7 6.57788e-07 0 6.57788e-07
26931.9 6.48523e-07 0 6.48523e-07
27120.5 6.39388e-07 0 6.39388e-07
27310.3 6.30381e-07 0 6.30381e-07
27501.5 6.21502e-07 0 6.21502e-07
27694 6.12738e-07 0 6.12738e-07
27887.8 6.04107e-07 0 6.04107e-07
28083.1 5.95598e-07 0 5.95598e-07
28279.6 5.87209e-07 0 5.87209e-07
28477.6 5.78937e-07 0 5.78937e-07
28676.9 5.70783e-07 0 5.70783e-07
28877.7 5.62743e-07 0 5.62743e-07
29079.8 5.54816e-07 0 5.54816e-07
29283.4 5.47001e-07 0 5.47001e-07
29488.4 5.39296e-07 0 5.39296e-07
29694.8 5.31699e-07 0 5.31699e-07
29902.6 5.24209e-07 0 5.24209e-07
30112 5.16825e-07 0 5.16825e-07
30322.7 5.09545e-07 0 5.09545e-07
30535 5.02367e-07 0 5.02367e-07
30748.7 4.95291e-07 0 4.95291e-07
30964 4.88314e-07 0 4.88314e-07
31180.7 4.81427e-07 0 4.81427e-07
31399 4.74646e-07 0 4.74646e-07
31618.8 4.6796e-07 0 4.6796e-07
31840.1 4.61368e-07 0 4.61368e-07
32063 4.54869e-07 0 4.54869e-07
32287.4 4.48461e-07 0 4.48461e-07
32513.5 4.42144e-07 0 4.42144e-07
32741.1 4.35916e-07 0 4.35916e-07
32970.2 4.29775e-07 0 4.29775e-07
33201 4.23721e-07 0 4.23721e-07
33433.4 4.17752e-07 0 4.17752e-07
33667.5 4.11867e-07 0 4.11867e-07
33903.1 4.06065e-07 0 4.06065e-07
34140.5 4.00344e-07 0 4.00344e-07
34379.5 3.94705e-07 0 3.94705e-07
34620.1 3.89144e-07 0 3.89144e-07
34862.5 3.83656e-07 0 3.83656e-07
35106.5 3.78251e-07 0 3.78251e-07
35352.2 3.72923e-07 0 3.72923e-07
35599.7 3.67669e-07 0 3.67669e-07
35848.9 3.6249e-07 0 3.6249e-07
36099.8 3.57383e-07 0 3.57383e-07
36352.5 3.52349e-07 0 3.52349e-07
36607 3.47385e-07 0 3.47385e-07
36863.3 3.42491e-07 0 3.42491e-07
37121.3 3.37666e-07 0 3.37666e-07
37381.1 3.32909e-07 0 3.32909e-07
37642.8 3.28219e-07 0 3.28219e-07
37906.3 3.23595e-07 0 3.23595e-07
38171.7 3.19036e-07 0 3.19036e-07
38438.9 3.14541e-07 0 3.14541e-07
38707.9 3.1011e-07 0 3.1011e-07
38978.9 3.05741e-07 0 3.05741e-07
39251.7 3.01429e-07 0 3.01429e-07
39526.5 2.97182e-07 0 2.97182e-07
39803.2 2.92996e-07 0 2.92996e-07
40081.8 2.88868e-07 0 2.88868e-07
40362.4 2.84798e-07 0 2.84798e-07
40644.9 2.80786e-07 0 2.80786e-07
40929.4 2.7683e-07 0 2.7683e-07
41215.9 2.7293e-07 0 2.7293e-07
41504.5 2.69084e-07 0 2.69084e-07
41795 2.65293e-07 0 2.65293e-07
42087.5 2.61555e-07 0 2.61555e-07
42382.2 2.5787e-07 0 2.5787e-07
42678.8 2.54237e-07 0 2.54237e-07
42977.6 2.50655e-07 0 2.50655e-07
43278.4 2.47123e-07 0 2.47123e-07
43581.4 2.43642e-07 0 2.43642e-07
43886.4 2.40205e-07 0 2.40205e-07
44193.7 2.36821e-07 0 2.36821e-07
44503 2.33484e-07 0 2.33484e-07
44814.5 2.30194e-07 0 2.30194e-07
45128.2 2.26951e-07 0 2.26951e-07
45444.1 2.23753e-07 0 2.23753e-07
45762.2 2.20601e-07 0 2.20601e-07
46082.6 2.17492e-07 0 2.17492e-07
46405.2 2.14428e-07 0 2.14428e-07
46730 2.11406e-07 0 2.11406e-07
47057.1 2.08428e-07 0 2.08428e-07
47386.5 2.05491e-07 0 2.05491e-07
47718.2 2.02595e-07 0 2.02595e-07
48052.2 1.99741e-07 0 1.99741e-07
48388.6 1.96926e-07 0 1.96926e-07
48727.3 1.94151e-07 0 1.94151e-07
49068.4 1.91415e-07 0 1.91415e-07
49411.9 1.88715e-07 0 1.88715e-07
49757.8 1.86056e-07 0 1.86056e-07
50106.1 1.83434e-07 0 1.83434e-07
50456.8 1.8085e-07 0 1.8085e-07
50810 1.78301e-07 0 1.78301e-07
51165.7 1.75789e-07 0 1.75789e-07
51523.8 1.73312e-07 0 1.73312e-07
51884.5 1.7087e-07 0 1.7087e-07
52247.7 1.68462e-07 0 1.68462e-07
52613.4 1.66088e-07 0 1.66088e-07
52981.7 1.63747e-07 0 1.63747e-07
53352.6 1.6144e-07 0 1.6144e-07
53726.1 1.59165e-07 0 1.59165e-07
54102.2 1.56922e-07 0 1.56922e-07
54480.9 1.5471e-07 0 1.5471e-07
54862.2 1.5253e-07 0 1.5253e-07
55246.3 1.50378e-07 0 1.50378e-07
55633 1.48259e-07 0 1.48259e-07
56022.4 1.4617e-07 0 1.4617e-07
56414.6 1.4411e-07 0 1.4411e-07
56809.5 1.42079e-07 0 1.42079e-07
57207.2 1.40077e-07 0 1.40077e-07
57607.6 1.38103e-07 0 1.38103e-07
58010.9 1.36156e-07 0 1.36156e-07
58416.9 1.34237e-07 0 1.34237e-07
58825.8 1.32346e-07 0 1.32346e-07
59237.6 1.3048e-07 0 1.3048e-07
59652.3 1.28641e-07 0 1.28641e-07
60069.9 1.26828e-07 0 1.26828e-07
60490.3 1.25041e-07 0 1.25041e-07
60913.8 1.23279e-07 0 1.23279e-07
61340.2 1.21541e-07 0 1.21541e-07
61769.6 1.19828e-07 0 1.19828e-07
62201.9 1.18137e-07 0 1.18137e-07
62637.4 1.16472e-07 0 1.16472e-07
63075.8 1.14831e-07 0 1.14831e-07
63517.4 1.13212e-07 0 1.13212e-07
63962 1.11616e-07 0 1.11616e-07
64409.7 1.10043e-07 0 1.10043e-07
64860.6 1.08492e-07 0 1.08492e-07
65314.6 1.06963e-07 0 1.06963e-07
65771.8 1.05455e-07 0 1.05455e-07
66232.2 1.03969e-07 0 1.03969e-07
66695.8 1.02503e-07 0 1.02503e-07
67162.7 1.01059e-07 0 1.01059e-07
67632.8 9.96341e-08 0 9.96341e-08
68106.3 9.82297e-08 0 9.82297e-08
68583 9.6845e-08 0 9.6845e-08
69063.1 9.54799e-08 0 9.54799e-08
69546.5 9.41324e-08 0 9.41324e-08
70033.4 9.28056e-08 0 9.28056e-08
70523.6 9.14974e-08 0 9.14974e-08
71017.3 9.02076e-08 0 9.02076e-08
71514.4 8.8936e-08 0 8.8936e-08
72015 8.76823e-08 0 8.76823e-08
72519.1 8.64462e-08 0 8.64462e-08
73026.7 8.52276e-08 0 8.52276e-08
73537.9 8.40261e-08 0 8.40261e-08
74052.7 8.28416e-08 0 8.28416e-08
74571 8.16737e-08 0 8.16737e-08
75093 8.05223e-08 0 8.05223e-08
75618.7 7.93871e-08 0 7.93871e-08
76148 7.82679e-08 0 7.82679e-08
76681.1 7.71645e-08 0 7.71645e-08
77217.8 7.60766e-08 0 7.60766e-08
77758.3 7.5004e-08 0 7.5004e-08
78302.7 7.39454e-08 0 7.39454e-08
78850.8 7.29028e-08 0 7.29028e-08
79402.7 7.1875e-08 0 7.1875e-08
79958.6 7.08617e-08 0 7.08617e-08
80518.3 6.98626e-08 0 6.98626e-08
81081.9 6.88776e-08 0 6.88776e-08
81649.5 6.79065e-08 0 6.79065e-08
82221 6.6949e-08 0 6.6949e-08
82796.6 6.60051e-08 0 6.60051e-08
83376.1 6.50744e-08 0 6.50744e-08
83959.8 6.41568e-08 0 6.41568e-08
84547.5 6.32522e-08 0 6.32522e-08
85139.3 6.23603e-08 0 6.23603e-08
85735.3 6.1481e-08 0 6.1481e-08
86335.4 6.0614e-08 0 6.0614e-08
86939.8 5.97593e-08 0 5.97593e-08
87548.4 5.89157e-08 0 5.89157e-08
88161.2 5.80849e-08 0 5.80849e-08
88778.3 5.72658e-08 0 5.72658e-08
89399.8 5.64583e-08 0 5.64583e-08
90025.6 5.56622e-08 0 5.56622e-08
90655.8 5.48772e-08 0 5.48772e-08
91290.3 5.41033e-08 0 5.41033e-08
91929.4 5.33404e-08 0 5.33404e-08
92572.9 5.25881e-08 0 5.25881e-08
93220.9 5.18465e-08 0 5.18465e-08
93873.4 5.11153e-08 0 5.11153e-08
94530.6 5.03944e-08 0 5.03944e-08
95192.3 4.96837e-08 0 4.96837e-08
95858.6 4.8983e-08 0 4.8983e-08
96529.6 4.82921e-08 0 4.82921e-08
97205.3 4.7611e-08 0 4.7611e-08
97885.8 4.69395e-08 0 4.69395e-08
98571 4.62767e-08 0 4.62767e-08
99261 4.5624e-08 0 4.5624e-08
99955.8 4.49805e-08 0 4.49805e-08
100655 4.43461e-08 0 4.43461e-08
101360 4.37206e-08 0 4.37206e-08
102070 4.31039e-08 0 4.31039e-08
102784 4.24959e-08 0 4.24959e-08
103504 4.18965e-08 0 4.18965e-08
104228 4.13055e-08 0 4.13055e-08
104958 4.07228e-08 0 4.07228e-08
105692 4.01484e-08 0 4.01484e-08
106432 3.9582e-08 0 3.9582e-08
107177 3.90237e-08 0 3.90237e-08
107928 3.84732e-08 0 3.84732e-08
108683 3.79304e-08 0 3.79304e-08
109444 3.73953e-08 0 3.73953e-08
110210 3.68677e-08 0 3.68677e-08
110981 3.6347e-08 0 3.6347e-08
111758 3.58342e-08 0 3.58342e-08
112541 3.53287e-08 0 3.53287e-08
113328 3.48303e-08 0 3.48303e-08
114122 3.43389e-08 0 3.43389e-08
114920 3.38544e-08 0 3.38544e-08
115725 3.33767e-08 0 3.33767e-08
116535 3.29058e-08 0 3.29058e-08
117351 3.24415e-08 0 3.24415e-08
118172 3.19838e-08 0 3.19838e-08
118999 3.15325e-08 0 3.15325e-08
119832 3.10875e-08 0 3.10875e-08
120671 3.06489e-08 0 3.06489e-08
121516 3.02164e-08 0 3.02164e-08
122367 2.979e-08 0 2.979e-08
123223 2.93696e-08 0 2.93696e-08
124086 2.89546e-08 0 2.89546e-08
124954 2.85461e-08 0 2.85461e-08
125829 2.81432e-08 0 2.81432e-08
126710 2.7746e-08 0 2.7746e-08
127597 2.73545e-08 0 2.73545e-08
128490 2.69684e-08 0 2.69684e-08
129389 2.65878e-08 0 2.65878e-08
130295 2.62126e-08 0 2.62126e-08
131207 2.58426e-08 0 2.58426e-08
132126 2.54779e-08 0 2.54779e-08
133050 2.51183e-08 0 2.51183e-08
133982 2.47637e-08 0 2.47637e-08
134920 2.44142e-08 0 2.44142e-08
135864 2.40696e-08 0 2.40696e-08
136815 2.37298e-08 0 2.37298e-08
137773 2.33948e-08 0 2.33948e-08
138737 2.30646e-08 0 2.30646e-08
139708 2.27386e-08 0 2.27386e-08
140686 2.24176e-08 0 2.24176e-08
141671 2.21012e-08 0 2.21012e-08
142663 2.17892e-08 0 2.17892e-08
143662 2.14815e-08 0 2.14815e-08
144667 2.11783e-08 0 2.11783e-08
145680 2.08793e-08 0 2.08793e-08
146700 2.05845e-08 0 2.05845e-08
147726 2.02939e-08 0 2.02939e-08
148761 2.00073e-08 0 2.00073e-08
149802 1.97248e-08 0 1.97248e-08
150850 1.94463e-08 0 1.94463e-08
151906 1.91717e-08 0 1.91717e-08
152970 1.8901e-08 0 1.8901e-08
154041 1.86341e-08 0 1.86341e-08
155119 1.8371e-08 0 1.8371e-08
156205 1.81112e-08 0 1.81112e-08
157298 1.78555e-08 0 1.78555e-08
158399 1.76033e-08 0 1.76033e-08
159508 1.73547e-08 0 1.73547e-08
160625 1.71096e-08 0 1.71096e-08
161749 1.6868e-08 0 1.6868e-08
162881 1.66297e-08 0 1.66297e-08
164021 1.63948e-08 0 1.63948e-08
165169 1.61633e-08 0 1.61633e-08
166326 1.5935e-08 0 1.5935e-08
167490 1.57099e-08 0 1.57099e-08
168662 1.5488e-08 0 1.5488e-08
169843 1.52692e-08 0 1.52692e-08
171032 1.50535e-08 0 1.50535e-08
172229 1.48408e-08 0 1.48408e-08
173435 1.46312e-08 0 1.46312e-08
174649 1.44245e-08 0 1.44245e-08
175871 1.42204e-08 0 1.42204e-08
177102 1.40195e-08 0 1.40195e-08
178342 1.38215e-08 0 1.38215e-08
179591 1.36262e-08 0 1.36262e-08
180848 1.34336e-08 0 1.34336e-08
182114 1.32438e-08 0 1.32438e-08
183388 1.30567e-08 0 1.30567e-08
184672 1.28722e-08 0 1.28722e-08
185965 1.26903e-08 0 1.26903e-08
187267 1.2511e-08 0 1.2511e-08
188577 1.23342e-08 0 1.23342e-08
189898 1.21598e-08 0 1.21598e-08
191227 1.1988e-08 0 1.1988e-08
192565 1.18186e-08 0 1.18186e-08
193913 1.16515e-08 0 1.16515e-08
195271 1.14868e-08 0 1.14868e-08
196638 1.13245e-08 0 1.13245e-08
198014 1.11642e-08 0 1.11642e-08
199400 1.10064e-08 0 1.10064e-08
200796 1.08508e-08 0 1.08508e-08
202202 1.06974e-08 0 1.06974e-08
203617 1.05462e-08 0 1.05462e-08
205042 1.03971e-08 0 1.03971e-08
206478 1.02501e-08 0 1.02501e-08
207923 1.01052e-08 0 1.01052e-08
209378 9.9623e-09 0 9.9623e-09
210844 9.82144e-09 0 9.82144e-09
212320 9.68256e-09 0 9.68256e-09
213806 9.54565e-09 0 9.54565e-09
215303 9.41066e-09 0 9.41066e-09
216810 9.27758e-09 0 9.27758e-09
218328 9.14637e-09 0 9.14637e-09
219856 9.01702e-09 0 9.01702e-09
221395 8.88934e-09 0 8.88934e-09
222945 8.76362e-09 0 8.76362e-09
224505 8.63967e-09 0 8.63967e-09
226077 8.51747e-09 0 8.51747e-09
227659 8.39699e-09 0 8.39699e-09
229253 8.27821e-09 0 8.27821e-09
230858 8.16111e-09 0 8.16111e-09
232474 8.04565e-09 0 8.04565e-09
234101 7.93183e-09 0 7.93183e-09
235740 7.81961e-09 0 7.81961e-09
237390 7.70898e-09 0 7.70898e-09
239052 7.5999e-09 0 7.5999e-09
240725 7.49237e-09 0 7.49237e-09
242410 7.38635e-09 0 7.38635e-09
244107 7.28183e-09 0 7.28183e-09
245816 7.17878e-09 0 7.17878e-09
247536 7.07719e-09 0 7.07719e-09
249269 6.97691e-09 0 6.97691e-09
251014 6.87817e-09 0 6.87817e-09
252771 6.78082e-09 0 6.78082e-09
254541 6.68485e-09 0 6.68485e-09
256322 6.59023e-09 0 6.59023e-09
258117 6.49694e-09 0 6.49694e-09
259923 6.40497e-09 0 6.40497e-09
261743 6.3143e-09 0 6.3143e-09
263575 6.22491e-09 0 6.22491e-09
265420 6.13677e-09 0 6.13677e-09
267278 6.04989e-09 0 6.04989e-09
269149 5.96423e-09 0 5.96423e-09
271033 5.87977e-09 0 5.87977e-09
272930 5.79651e-09 0 5.79651e-09
274841 5.71443e-09 0 5.71443e-09
276765 5.6335e-09 0 5.6335e-09
278702 5.55372e-09 0 5.55372e-09
280653 5.47497e-09 0 5.47497e-09
282618 5.39742e-09 0 5.39742e-09
284596 5.32098e-09 0 5.32098e-09
286588 5.24561e-09 0 5.24561e-09
288594 5.1713e-09 0 5.1713e-09
290614 5.09804e-09 0 5.09804e-09
292649 5.02582e-09 0 5.02582e-09
294697 4.95461e-09 0 4.95461e-09
296760 4.88442e-09 0 4.88442e-09
298837 4.81521e-09 0 4.81521e-09
300929 4.74698e-09 0 4.74698e-09
303036 4.67971e-09 0 4.67971e-09
305157 4.61339e-09 0 4.61339e-09
307293 4.54801e-09 0 4.54801e-09
309444 4.48355e-09 0 4.48355e-09
311610 4.42001e-09 0 4.42001e-09
313791 4.35728e-09 0 4.35728e-09
315988 4.29552e-09 0 4.29552e-09
318200 4.23463e-09 0 4.23463e-09
320427 4.1746e-09 0 4.1746e-09
322670 4.11542e-09 0 4.11542e-09
324929 4.05707e-09 0 4.05707e-09
327204 3.99955e-09 0 3.99955e-09
329494 3.94284e-09 0 3.94284e-09
331800 3.88693e-09 0 3.88693e-09
334123 3.83181e-09 0 3.83181e-09
336462 3.77747e-09 0 3.77747e-09
338817 3.72389e-09 0 3.72389e-09
341189 3.67108e-09 0 3.67108e-09
343577 3.619e-09 0 3.619e-09
345982 3.56767e-09 0 3.56767e-09
348404 3.51706e-09 0 3.51706e-09
350843 3.46716e-09 0 3.46716e-09
353299 3.41792e-09 0 3.41792e-09
355772 3.36942e-09 0 3.36942e-09
358262 3.32162e-09 0 3.32162e-09
360770 3.27449e-09 0 3.27449e-09
363296 3.22802e-09 0 3.22802e-09
365839 3.18221e-09 0 3.18221e-09
368399 3.13705e-09 0 3.13705e-09
370978 3.09253e-09 0 3.09253e-09
373575 3.04863e-09 0 3.04863e-09
376190 3.00536e-09 0 3.00536e-09
378823 2.96269e-09 0 2.96269e-09
381475 2.92064e-09 0 2.92064e-09
384146 2.87917e-09 0 2.87917e-09
386835 2.83829e-09 0 2.83829e-09
389542 2.79799e-09 0 2.79799e-09
392269 2.75826e-09 0 2.75826e-09
395015 2.71909e-09 0 2.71909e-09
397780 2.68043e-09 0 2.68043e-09
400565 2.64236e-09 0 2.64236e-09
403369 2.60483e-09 0 2.60483e-09
406192 2.56783e-09 0 2.56783e-09
409036 2.53136e-09 0 2.53136e-09
411899 2.4954e-09 0 2.4954e-09
414782 2.45994e-09 0 2.45994e-09
417686 2.42499e-09 0 2.42499e-09
420609 2.39054e-09 0 2.39054e-09
423554 2.35657e-09 0 2.35657e-09
426518 2.32308e-09 0 2.32308e-09
429504 2.29007e-09 0 2.29007e-09
432511 2.25752e-09 0 2.25752e-09
435538 2.22543e-09 0 2.22543e-09
438587 2.1938e-09 0 2.1938e-09
441657 2.16261e-09 0 2.16261e-09
444749 2.13187e-09 0 2.13187e-09
447862 2.10152e-09 0 2.10152e-09
450997 2.07164e-09 0 2.07164e-09
454154 2.04219e-09 0 2.04219e-09
457333 2.01315e-09 0 2.01315e-09
460534 1.98452e-09 0 1.98452e-09
463758 1.9563e-09 0 1.9563e-09
467004 1.92847e-09 0 1.92847e-09
470273 1.90104e-09 0 1.90104e-09
473565 1.874e-09 0 1.874e-09
476880 1.84734e-09 0 1.84734e-09
480218 1.82106e-09 0 1.82106e-09
483580 1.79515e-09 0 1.79515e-09
486965 1.7696e-09 0 1.7696e-09
490374 1.74442e-09 0 1.74442e-09
493806 1.7196e-09 0 1.7196e-09
497263 1.69512e-09 0 1.69512e-09
500744 1.67097e-09 0 1.67097e-09
504249 1.64718e-09 0 1.64718e-09
507779 1.62373e-09 0 1.62373e-09
511333 1.60062e-09 0 1.60062e-09
514913 1.57783e-09 0 1.57783e-09
518517 1.55537e-09 0 1.55537e-09
522147 1.53322e-09 0 1.53322e-09
525802 1.51139e-09 0 1.51139e-09
529482 1.48986e-09 0 1.48986e-09
533189 1.46864e-09 0 1.46864e-09
536921 1.44772e-09 0 1.44772e-09
540679 1.4271e-09 0 1.4271e-09
544464 1.40677e-09 0 1.40677e-09
548275 1.38673e-09 0 1.38673e-09
552113 1.36697e-09 0 1.36697e-09
555978 1.34749e-09 0 1.34749e-09
559870 1.32829e-09 0 1.32829e-09
563789 1.30934e-09 0 1.30934e-09
567736 1.29068e-09 0 1.29068e-09
571710 1.27228e-09 0 1.27228e-09
575712 1.25414e-09 0 1.25414e-09
579742 1.23627e-09 0 1.23627e-09
583800 1.21864e-09 0 1.21864e-09
587887 1.20127e-09 0 1.20127e-09
592002 1.18414e-09 0 1.18414e-09
596146 1.16725e-09 0 1.16725e-09
600319 1.1506e-09 0 1.1506e-09
604521 1.13419e-09 0 1.13419e-09
608753 1.11802e-09 0 1.11802e-09
613014 1.10207e-09 0 1.10207e-09
617305 1.08635e-09 0 1.08635e-09
621626 1.07085e-09 0 1.07085e-09
625978 1.05557e-09 0 1.05557e-09
630359 1.0405e-09 0 1.0405e-09
634772 1.02564e-09 0 1.02564e-09
639215 1.01101e-09 0 1.01101e-09
643690 9.96576e-10 0 9.96576e-10
