6.71669 0.00115397 111.702 3.55378e-52
6.76371 0.00128226 110.724 1.05011e-51
6.81105 0.00142267 109.734 3.13613e-51
6.85873 0.00157613 108.748 9.31411e-51
6.90674 0.0017436 107.758 2.77113e-50
6.95509 0.00192638 106.756 8.33879e-50
7.00377 0.00212497 105.746 2.52579e-49
7.0528 0.00234076 104.727 7.71045e-49
7.10217 0.00257491 103.703 2.36228e-48
7.15189 0.00282863 102.672 7.27022e-48
7.20195 0.00310318 101.637 2.24688e-47
7.25236 0.00339989 100.597 6.96514e-47
7.30313 0.0037201 99.5515 2.1671e-46
7.35425 0.00406523 98.501 6.77054e-46
7.40573 0.00443674 97.4448 2.12475e-45
7.45757 0.00483613 96.3834 6.69448e-45
7.50977 0.00526496 95.3149 2.1216e-44
7.56234 0.00572483 94.2355 6.78925e-44
7.61528 0.00621736 93.1468 2.19002e-43
7.66859 0.00674426 92.0631 7.02152e-43
7.72227 0.00730722 90.9763 2.25558e-42
7.77632 0.00790899 89.8791 7.31312e-42
7.83076 0.00854944 88.7767 2.3808e-41
7.88557 0.00923134 87.6632 7.82779e-41
7.94077 0.00995655 86.5561 2.55429e-40
7.99636 0.0107269 85.4401 8.40104e-40
8.05233 0.0115444 84.3191 2.77368e-39
8.1087 0.0124109 83.1902 9.22048e-39
8.16546 0.0133284 82.0669 3.04485e-38
8.22261 0.0142987 80.9253 1.02302e-37
8.28017 0.0153239 79.791 3.40878e-37
8.33813 0.0164059 78.6411 1.15238e-36
8.3965 0.0175467 77.5 3.85802e-36
8.45528 0.0187482 76.3512 1.30034e-35
8.51446 0.0200124 75.2021 4.37976e-35
8.57407 0.0213412 74.0364 1.4984e-34
8.63408 0.0227365 72.8794 5.07708e-34
8.69452 0.0242002 71.7204 1.72205e-33
8.75538 0.0257365 70.5586 5.85228e-33
8.81667 0.0273425 69.3912 1.99812e-32
8.87839 0.0290224 68.2171 6.86171e-32
8.94054 0.0307778 67.0472 2.34438e-31
9.00312 0.0326104 65.871 8.05301e-31
9.06614 0.034522 64.6965 2.75915e-30
9.12961 0.036514 63.5197 9.46696e-30
9.19351 0.0385879 62.3405 3.25336e-29
9.25787 0.0407451 61.1664 1.11133e-28
9.32267 0.0429871 59.9888 3.8066e-28
9.38793 0.045315 58.8054 1.31035e-27
9.45365 0.0477301 57.6232 4.50159e-27
9.51982 0.0502334 56.4467 1.53643e-26
9.58646 0.0528259 55.2682 5.25034e-26
9.65357 0.0555085 54.0849 1.80136e-25
9.72114 0.058282 52.9125 6.10812e-25
9.78919 0.0611515 51.737 2.07633e-24
9.85771 0.0641087 50.5619 7.04933e-24
9.92672 0.0671584 49.3952 2.37147e-23
9.9962 0.070301 48.2223 8.02178e-23
10.0662 0.0735367 47.0581 2.68788e-22
10.1366 0.0768656 45.8938 9.00109e-22
10.2076 0.0802876 44.7307 3.0084e-21
10.2791 0.0838026 43.5827 9.89751e-21
10.351 0.0874102 42.4281 3.2756e-20
10.4235 0.0911101 41.2776 1.07873e-19
10.4964 0.0949016 40.1397 3.50598e-19
10.5699 0.098784 39.008 1.13164e-18
10.6439 0.102756 37.8784 3.64279e-18
10.7184 0.106818 36.7568 1.16247e-17
10.7934 0.110968 35.6419 3.68231e-17
10.869 0.115204 34.5341 1.15739e-16
10.9451 0.119525 33.4345 3.60619e-16
11.0217 0.123937 32.3452 1.11134e-15
11.0988 0.128425 31.2611 3.40503e-15
11.1765 0.132992 30.1854 1.03393e-14
11.2548 0.137638 29.1279 3.0807e-14
11.3335 0.142361 28.0781 9.1041e-14
11.4129 0.147157 27.0385 2.66131e-13
11.4928 0.152026 26.0078 7.70711e-13
11.5732 0.156964 24.9962 2.18815e-12
11.6542 0.161969 23.9935 6.15424e-12
11.7358 0.167038 23.0074 1.70148e-11
11.818 0.172169 22.034 4.64202e-11
11.9007 0.177358 21.0776 1.24436e-10
11.984 0.182604 20.1308 3.30215e-10
12.0679 0.187902 19.2093 8.53958e-10
12.1524 0.19325 18.302 2.1761e-09
12.2374 0.198644 17.409 5.46296e-09
12.3231 0.20409 16.5379 1.34127e-08
12.4093 0.209567 15.6854 3.23041e-08
12.4962 0.21508 14.8538 7.61476e-08
12.5837 0.220626 14.0425 1.75816e-07
12.6718 0.226202 13.251 3.97778e-07
12.7605 0.231803 12.4815 8.79979e-07
12.8498 0.237426 11.7339 1.90355e-06
12.9397 0.243068 11.0113 4.01402e-06
13.0303 0.248724 10.3127 8.25986e-06
13.1215 0.254391 9.63753 1.65949e-05
13.2134 0.260066 8.98808 3.24795e-05
13.3059 0.265744 8.36386 6.19563e-05
13.399 0.271421 7.76563 0.000115099
13.4928 0.277095 7.1915 0.000208641
13.5873 0.28276 6.64451 0.000367912
13.6824 0.288414 6.12442 0.000631266
13.7781 0.294052 5.62956 0.00105569
13.8746 0.299679 5.16255 0.00171628
13.9717 0.305274 4.72069 0.0027197
14.0695 0.310843 4.3048 0.00419752
14.168 0.316382 3.91574 0.00630416
14.2672 0.321886 3.55163 0.00923099
14.367 0.327353 3.21218 0.0131821
14.4676 0.33278 2.89679 0.0183696
14.5689 0.338161 2.60499 0.0249914
14.6709 0.343495 2.33531 0.0332435
14.7736 0.348777 2.08704 0.0432672
14.877 0.354005 1.86084 0.0550628
14.9811 0.359175 1.65404 0.0687012
15.086 0.364284 1.46514 0.0841659
15.1916 0.369329 1.29508 0.101151
15.2979 0.374307 1.14044 0.119658
15.405 0.379216 1.00208 0.139215
15.5129 0.384059 0.877659 0.159674
15.6214 0.388819 0.76624 0.180706
15.7308 0.393501 0.667051 0.201952
15.8409 0.398102 0.579078 0.223102
15.9518 0.40262 0.501293 0.243886
16.0635 0.407053 0.432741 0.264067
16.1759 0.411399 0.37252 0.283452
16.2891 0.415655 0.319748 0.301903
16.4032 0.419819 0.273526 0.319353
16.518 0.423889 0.233339 0.335672
16.6336 0.427864 0.198531 0.35082
16.75 0.431741 0.168322 0.364857
16.8673 0.43552 0.142212 0.377786
16.9854 0.439198 0.119954 0.389551
17.1043 0.442774 0.100776 0.400327
17.224 0.446247 0.0843767 0.410139
17.3446 0.449615 0.0704227 0.419041
17.466 0.452883 0.0585792 0.427115
17.5882 0.456039 0.0485563 0.434424
17.7114 0.459087 0.0400982 0.441043
17.8353 0.462027 0.0329697 0.447043
17.9602 0.464859 0.0270376 0.452458
18.0859 0.46758 0.0220479 0.457384
18.2125 0.470191 0.0179428 0.46183
18.34 0.472692 0.0145157 0.46588
18.4684 0.475082 0.0116943 0.469559
18.5976 0.477361 0.00939024 0.472899
18.7278 0.479528 0.00749942 0.475946
18.8589 0.481585 0.00596158 0.478722
18.9909 0.483529 0.00471364 0.481256
19.1239 0.485363 0.00370854 0.483566
19.2577 0.487086 0.00290664 0.485672
19.3925 0.488697 0.00226407 0.487592
19.5283 0.490201 0.0017561 0.489341
19.665 0.491592 0.00135568 0.490926
19.8026 0.492874 0.00103993 0.492362
19.9413 0.494047 0.000793412 0.493655
20.0809 0.495112 0.000603496 0.494813
20.2214 0.49607 0.00045629 0.495843
20.363 0.49692 0.000343213 0.49675
20.5055 0.497665 0.000256665 0.497537
20.649 0.498305 0.000190763 0.49821
20.7936 0.498841 0.000141135 0.498771
20.9391 0.499274 0.000103796 0.499222
21.0857 0.499605 7.57992e-05 0.499567
21.2333 0.499835 5.49325e-05 0.499808
21.382 0.499966 3.94333e-05 0.499947
21.5316 0.499999 2.806e-05 0.499985
21.6824 0.499934 1.97671e-05 0.499924
21.8341 0.499773 1.37603e-05 0.499767
21.987 0.499518 9.44696e-06 0.499513
22.1409 0.49917 6.36499e-06 0.499167
22.2959 0.49873 4.19077e-06 0.498728
22.4519 0.4982 2.68659e-06 0.498199
22.6091 0.497581 1.64943e-06 0.49758
22.7674 0.496875 9.71224e-07 0.496875
22.9267 0.496084 5.26812e-07 0.496083
23.0872 0.495208 2.49746e-07 0.495208
23.2488 0.494249 8.59892e-08 0.494249
23.4116 0.49321 2.21425e-09 0.49321
23.5755 0.492091 0 0.492091
23.7405 0.490894 0 0.490894
23.9067 0.489622 0 0.489622
24.074 0.488274 0 0.488274
24.2425 0.486854 0 0.486854
24.4122 0.485363 0 0.485363
24.5831 0.4838 0 0.4838
24.7552 0.482172 0 0.482172
24.9285 0.480477 0 0.480477
25.103 0.478719 0 0.478719
25.2787 0.476897 0 0.476897
25.4556 0.475014 0 0.475014
25.6338 0.473072 0 0.473072
25.8133 0.471073 0 0.471073
25.994 0.469017 0 0.469017
26.1759 0.466907 0 0.466907
26.3592 0.464744 0 0.464744
26.5437 0.46253 0 0.46253
26.7295 0.460267 0 0.460267
26.9166 0.457956 0 0.457956
27.105 0.455599 0 0.455599
27.2947 0.453198 0 0.453198
27.4858 0.450753 0 0.450753
27.6782 0.448264 0 0.448264
27.8719 0.445738 0 0.445738
28.067 0.443174 0 0.443174
28.2635 0.440573 0 0.440573
28.4614 0.437938 0 0.437938
28.6606 0.435268 0 0.435268
28.8612 0.432566 0 0.432566
29.0632 0.429834 0 0.429834
29.2667 0.427072 0 0.427072
29.4716 0.424282 0 0.424282
29.6779 0.421465 0 0.421465
29.8856 0.418624 0 0.418624
30.0948 0.415758 0 0.415758
30.3055 0.41287 0 0.41287
30.5176 0.409961 0 0.409961
30.7312 0.407032 0 0.407032
30.9463 0.404081 0 0.404081
31.163 0.401116 0 0.401116
31.3811 0.398135 0 0.398135
31.6008 0.395139 0 0.395139
31.822 0.392129 0 0.392129
32.0447 0.389107 0 0.389107
32.269 0.386073 0 0.386073
32.4949 0.383029 0 0.383029
32.7224 0.379976 0 0.379976
32.9515 0.376914 0 0.376914
33.1821 0.373845 0 0.373845
33.4144 0.37077 0 0.37077
33.6483 0.367689 0 0.367689
33.8838 0.364605 0 0.364605
34.121 0.361517 0 0.361517
34.3599 0.358427 0 0.358427
34.6004 0.355335 0 0.355335
34.8426 0.352238 0 0.352238
35.0865 0.349146 0 0.349146
35.3321 0.346055 0 0.346055
35.5794 0.342966 0 0.342966
35.8285 0.33988 0 0.33988
36.0793 0.336797 0 0.336797
36.3318 0.333718 0 0.333718
36.5861 0.330645 0 0.330645
36.8422 0.327576 0 0.327576
37.1001 0.324515 0 0.324515
37.3598 0.32146 0 0.32146
37.6214 0.318412 0 0.318412
37.8847 0.315373 0 0.315373
38.1499 0.312343 0 0.312343
38.417 0.309322 0 0.309322
38.6859 0.306311 0 0.306311
38.9567 0.303306 0 0.303306
39.2294 0.300316 0 0.300316
39.504 0.297339 0 0.297339
39.7805 0.294373 0 0.294373
40.059 0.29142 0 0.29142
40.3394 0.288479 0 0.288479
40.6218 0.285552 0 0.285552
40.9061 0.282639 0 0.282639
41.1925 0.27974 0 0.27974
41.4808 0.276856 0 0.276856
41.7712 0.273986 0 0.273986
42.0636 0.271132 0 0.271132
42.358 0.268294 0 0.268294
42.6545 0.265471 0 0.265471
42.9531 0.262665 0 0.262665
43.2538 0.259875 0 0.259875
43.5565 0.257102 0 0.257102
43.8614 0.254343 0 0.254343
44.1685 0.251605 0 0.251605
44.4776 0.248884 0 0.248884
44.789 0.246182 0 0.246182
45.1025 0.243497 0 0.243497
45.4182 0.240831 0 0.240831
45.7362 0.238183 0 0.238183
46.0563 0.235554 0 0.235554
46.3787 0.232944 0 0.232944
46.7034 0.230353 0 0.230353
47.0303 0.227781 0 0.227781
47.3595 0.225228 0 0.225228
47.691 0.222694 0 0.222694
48.0248 0.22018 0 0.22018
48.361 0.217686 0 0.217686
48.6995 0.215212 0 0.215212
49.0404 0.212753 0 0.212753
49.3837 0.210319 0 0.210319
49.7294 0.207904 0 0.207904
50.0775 0.205509 0 0.205509
50.4281 0.203134 0 0.203134
50.7811 0.20078 0 0.20078
51.1365 0.198445 0 0.198445
51.4945 0.196131 0 0.196131
51.8549 0.193837 0 0.193837
52.2179 0.191563 0 0.191563
52.5835 0.18931 0 0.18931
52.9515 0.187077 0 0.187077
53.3222 0.184863 0 0.184863
53.6955 0.182671 0 0.182671
54.0713 0.180498 0 0.180498
54.4498 0.178346 0 0.178346
54.831 0.176213 0 0.176213
55.2148 0.174098 0 0.174098
55.6013 0.172006 0 0.172006
55.9905 0.169934 0 0.169934
56.3824 0.167883 0 0.167883
56.7771 0.165851 0 0.165851
57.1746 0.163839 0 0.163839
57.5748 0.161847 0 0.161847
57.9778 0.159874 0 0.159874
58.3836 0.157921 0 0.157921
58.7923 0.155988 0 0.155988
59.2039 0.154075 0 0.154075
59.6183 0.152181 0 0.152181
60.0356 0.150306 0 0.150306
60.4559 0.14845 0 0.14845
60.8791 0.146614 0 0.146614
61.3052 0.144797 0 0.144797
61.7344 0.142996 0 0.142996
62.1665 0.141217 0 0.141217
62.6017 0.139457 0 0.139457
63.0399 0.137715 0 0.137715
63.4812 0.135992 0 0.135992
63.9255 0.134288 0 0.134288
64.373 0.132602 0 0.132602
64.8236 0.130934 0 0.130934
65.2774 0.129284 0 0.129284
65.7343 0.127652 0 0.127652
66.1945 0.126039 0 0.126039
66.6578 0.124442 0 0.124442
67.1244 0.122864 0 0.122864
67.5943 0.121303 0 0.121303
68.0675 0.11976 0 0.11976
68.5439 0.118234 0 0.118234
69.0237 0.116725 0 0.116725
69.5069 0.115231 0 0.115231
69.9935 0.113756 0 0.113756
70.4834 0.112298 0 0.112298
70.9768 0.110856 0 0.110856
71.4736 0.109431 0 0.109431
71.9739 0.108022 0 0.108022
72.4778 0.10663 0 0.10663
72.9851 0.105254 0 0.105254
73.496 0.103893 0 0.103893
74.0105 0.102549 0 0.102549
74.5285 0.10122 0 0.10122
75.0502 0.0999067 0 0.0999067
75.5756 0.0986089 0 0.0986089
76.1046 0.0973264 0 0.0973264
76.6374 0.096059 0 0.096059
77.1738 0.0948067 0 0.0948067
77.714 0.0935675 0 0.0935675
78.258 0.0923449 0 0.0923449
78.8058 0.0911369 0 0.0911369
79.3575 0.0899434 0 0.0899434
79.913 0.0887642 0 0.0887642
80.4724 0.0875992 0 0.0875992
81.0357 0.0864483 0 0.0864483
81.6029 0.0853113 0 0.0853113
82.1742 0.0841881 0 0.0841881
82.7494 0.0830785 0 0.0830785
83.3286 0.0819825 0 0.0819825
83.9119 0.0808999 0 0.0808999
84.4993 0.0798306 0 0.0798306
85.0908 0.0787743 0 0.0787743
85.6864 0.0777311 0 0.0777311
86.2862 0.0767007 0 0.0767007
86.8902 0.075683 0 0.075683
87.4985 0.0746766 0 0.0746766
88.111 0.0736841 0 0.0736841
88.7277 0.0727039 0 0.0727039
89.3488 0.071736 0 0.071736
89.9743 0.0707801 0 0.0707801
90.6041 0.0698361 0 0.0698361
91.2383 0.068904 0 0.068904
91.877 0.0679836 0 0.0679836
92.5201 0.0670747 0 0.0670747
93.1678 0.0661773 0 0.0661773
93.8199 0.0652912 0 0.0652912
94.4767 0.0644163 0 0.0644163
95.138 0.0635525 0 0.0635525
95.804 0.0626996 0 0.0626996
96.4746 0.0618576 0 0.0618576
97.1499 0.0610263 0 0.0610263
97.83 0.0602044 0 0.0602044
98.5148 0.0593942 0 0.0593942
99.2044 0.0585944 0 0.0585944
99.8988 0.0578048 0 0.0578048
100.598 0.0570253 0 0.0570253
101.302 0.0562558 0 0.0562558
102.011 0.0554962 0 0.0554962
102.726 0.0547464 0 0.0547464
103.445 0.0540062 0 0.0540062
104.169 0.0532756 0 0.0532756
104.898 0.0525545 0 0.0525545
105.632 0.0518427 0 0.0518427
106.372 0.0511401 0 0.0511401
107.116 0.0504466 0 0.0504466
107.866 0.0497621 0 0.0497621
108.621 0.0490866 0 0.0490866
109.381 0.0484198 0 0.0484198
110.147 0.0477609 0 0.0477609
110.918 0.0471114 0 0.0471114
111.695 0.0464705 0 0.0464705
112.476 0.045838 0 0.045838
113.264 0.0452137 0 0.0452137
114.057 0.0445976 0 0.0445976
114.855 0.0439896 0 0.0439896
115.659 0.0433896 0 0.0433896
116.469 0.0427975 0 0.0427975
117.284 0.0422132 0 0.0422132
118.105 0.0416366 0 0.0416366
118.932 0.0410676 0 0.0410676
119.764 0.0405062 0 0.0405062
120.602 0.0399521 0 0.0399521
121.447 0.0394054 0 0.0394054
122.297 0.0388659 0 0.0388659
123.153 0.0383329 0 0.0383329
124.015 0.0378077 0 0.0378077
124.883 0.0372894 0 0.0372894
125.757 0.0367781 0 0.0367781
126.638 0.0362735 0 0.0362735
127.524 0.0357757 0 0.0357757
128.417 0.0352845 0 0.0352845
129.316 0.0347999 0 0.0347999
130.221 0.0343218 0 0.0343218
131.132 0.03385 0 0.03385
132.05 0.0333845 0 0.0333845
132.975 0.0329253 0 0.0329253
133.905 0.0324722 0 0.0324722
134.843 0.0320252 0 0.0320252
135.787 0.0315842 0 0.0315842
136.737 0.0311491 0 0.0311491
137.694 0.0307199 0 0.0307199
138.658 0.0302959 0 0.0302959
139.629 0.0298781 0 0.0298781
140.606 0.029466 0 0.029466
141.59 0.0290595 0 0.0290595
142.582 0.0286584 0 0.0286584
143.58 0.0282627 0 0.0282627
144.585 0.0278724 0 0.0278724
145.597 0.0274873 0 0.0274873
146.616 0.0271075 0 0.0271075
147.642 0.0267328 0 0.0267328
148.676 0.0263632 0 0.0263632
149.717 0.0259985 0 0.0259985
150.765 0.0256388 0 0.0256388
151.82 0.025284 0 0.025284
152.883 0.024934 0 0.024934
153.953 0.0245888 0 0.0245888
155.03 0.0242482 0 0.0242482
156.116 0.0239118 0 0.0239118
157.208 0.0235805 0 0.0235805
158.309 0.0232536 0 0.0232536
159.417 0.0229313 0 0.0229313
160.533 0.0226133 0 0.0226133
161.657 0.0222996 0 0.0222996
162.788 0.0219902 0 0.0219902
163.928 0.0216851 0 0.0216851
165.075 0.021384 0 0.021384
166.231 0.0210872 0 0.0210872
167.395 0.0207943 0 0.0207943
168.566 0.0205055 0 0.0205055
169.746 0.0202206 0 0.0202206
170.934 0.0199396 0 0.0199396
172.131 0.0196624 0 0.0196624
173.336 0.0193891 0 0.0193891
174.549 0.0191191 0 0.0191191
175.771 0.0188532 0 0.0188532
177.002 0.018591 0 0.018591
178.241 0.0183323 0 0.0183323
179.488 0.0180772 0 0.0180772
180.745 0.0178256 0 0.0178256
182.01 0.0175775 0 0.0175775
183.284 0.0173327 0 0.0173327
184.567 0.0170913 0 0.0170913
185.859 0.0168533 0 0.0168533
187.16 0.0166185 0 0.0166185
188.47 0.0163869 0 0.0163869
189.789 0.0161585 0 0.0161585
191.118 0.0159333 0 0.0159333
192.456 0.0157112 0 0.0157112
193.803 0.0154921 0 0.0154921
195.159 0.0152761 0 0.0152761
196.526 0.0150627 0 0.0150627
197.901 0.0148526 0 0.0148526
199.287 0.0146454 0 0.0146454
200.682 0.014441 0 0.014441
202.086 0.0142395 0 0.0142395
203.501 0.0140407 0 0.0140407
204.925 0.0138447 0 0.0138447
206.36 0.0136514 0 0.0136514
207.804 0.0134608 0 0.0134608
209.259 0.0132728 0 0.0132728
210.724 0.0130874 0 0.0130874
212.199 0.0129045 0 0.0129045
213.684 0.0127242 0 0.0127242
215.18 0.0125464 0 0.0125464
216.686 0.012371 0 0.012371
218.203 0.0121981 0 0.0121981
219.731 0.0120274 0 0.0120274
221.269 0.0118592 0 0.0118592
222.818 0.0116934 0 0.0116934
224.377 0.0115299 0 0.0115299
225.948 0.0113686 0 0.0113686
227.53 0.0112096 0 0.0112096
229.122 0.0110528 0 0.0110528
230.726 0.0108981 0 0.0108981
232.341 0.0107456 0 0.0107456
233.968 0.0105953 0 0.0105953
235.605 0.010447 0 0.010447
237.255 0.0103007 0 0.0103007
238.915 0.0101565 0 0.0101565
240.588 0.0100143 0 0.0100143
242.272 0.00987413 0 0.00987413
243.968 0.00973586 0 0.00973586
245.676 0.00959951 0 0.00959951
247.395 0.00946488 0 0.00946488
249.127 0.00933231 0 0.00933231
250.871 0.00920158 0 0.00920158
252.627 0.00907267 0 0.00907267
254.396 0.00894555 0 0.00894555
256.176 0.0088202 0 0.0088202
257.97 0.0086966 0 0.0086966
259.775 0.00857472 0 0.00857472
261.594 0.00845453 0 0.00845453
263.425 0.00833602 0 0.00833602
265.269 0.00821916 0 0.00821916
267.126 0.00810393 0 0.00810393
268.996 0.0079903 0 0.0079903
270.879 0.00787826 0 0.00787826
272.775 0.00776778 0 0.00776778
274.684 0.00765884 0 0.00765884
276.607 0.00755128 0 0.00755128
278.543 0.00744537 0 0.00744537
280.493 0.00734093 0 0.00734093
282.456 0.00723795 0 0.00723795
284.434 0.00713641 0 0.00713641
286.425 0.00703628 0 0.00703628
288.43 0.00693755 0 0.00693755
290.449 0.0068402 0 0.0068402
292.482 0.00674421 0 0.00674421
294.529 0.00664956 0 0.00664956
296.591 0.00655623 0 0.00655623
298.667 0.0064642 0 0.0064642
300.758 0.00637346 0 0.00637346
302.863 0.00628399 0 0.00628399
304.983 0.00619577 0 0.00619577
307.118 0.00610878 0 0.00610878
309.268 0.00602301 0 0.00602301
311.433 0.00593832 0 0.00593832
313.613 0.00585494 0 0.00585494
315.808 0.00577272 0 0.00577272
318.019 0.00569165 0 0.00569165
320.245 0.00561171 0 0.00561171
322.486 0.00553289 0 0.00553289
324.744 0.00545518 0 0.00545518
327.017 0.00537855 0 0.00537855
329.306 0.00530299 0 0.00530299
331.611 0.00522849 0 0.00522849
333.933 0.00515504 0 0.00515504
336.27 0.00508261 0 0.00508261
338.624 0.00501119 0 0.00501119
340.994 0.00494078 0 0.00494078
343.381 0.00487135 0 0.00487135
345.785 0.00480289 0 0.00480289
348.206 0.00473531 0 0.00473531
350.643 0.00466876 0 0.00466876
353.097 0.00460314 0 0.00460314
355.569 0.00453845 0 0.00453845
358.058 0.00447466 0 0.00447466
360.565 0.00441176 0 0.00441176
363.088 0.00434974 0 0.00434974
365.63 0.0042886 0 0.0042886
368.19 0.00422831 0 0.00422831
370.767 0.00416886 0 0.00416886
373.362 0.00411025 0 0.00411025
375.976 0.00405246 0 0.00405246
378.608 0.00399548 0 0.00399548
381.258 0.0039393 0 0.0039393
383.927 0.00388391 0 0.00388391
386.614 0.00382929 0 0.00382929
389.32 0.00377544 0 0.00377544
392.046 0.00372228 0 0.00372228
394.79 0.00366993 0 0.00366993
397.553 0.00361832 0 0.00361832
400.336 0.00356743 0 0.00356743
403.139 0.00351725 0 0.00351725
405.961 0.00346778 0 0.00346778
408.802 0.003419 0 0.003419
411.664 0.00337091 0 0.00337091
414.546 0.00332349 0 0.00332349
417.448 0.00327674 0 0.00327674
420.37 0.00323065 0 0.00323065
423.312 0.0031852 0 0.0031852
426.275 0.00314039 0 0.00314039
429.259 0.0030962 0 0.0030962
432.264 0.00305264 0 0.00305264
435.29 0.00300969 0 0.00300969
438.337 0.00296729 0 0.00296729
441.405 0.00292554 0 0.00292554
444.495 0.00288437 0 0.00288437
447.607 0.00284379 0 0.00284379
450.74 0.00280377 0 0.00280377
453.895 0.00276432 0 0.00276432
457.072 0.00272542 0 0.00272542
460.272 0.00268707 0 0.00268707
463.494 0.00264925 0 0.00264925
466.738 0.00261197 0 0.00261197
470.005 0.00257521 0 0.00257521
473.295 0.00253896 0 0.00253896
476.609 0.00250323 0 0.00250323
479.945 0.002468 0 0.002468
483.304 0.00243326 0 0.00243326
486.688 0.00239901 0 0.00239901
490.094 0.00236524 0 0.00236524
493.525 0.00233191 0 0.00233191
496.98 0.00229908 0 0.00229908
500.459 0.00226672 0 0.00226672
503.962 0.00223482 0 0.00223482
507.489 0.00220336 0 0.00220336
511.042 0.00217234 0 0.00217234
514.619 0.00214176 0 0.00214176
518.222 0.00211161 0 0.00211161
521.849 0.00208188 0 0.00208188
525.502 0.00205257 0 0.00205257
529.181 0.00202368 0 0.00202368
532.885 0.00199518 0 0.00199518
536.615 0.00196709 0 0.00196709
540.371 0.0019394 0 0.0019394
544.154 0.00191209 0 0.00191209
547.963 0.00188517 0 0.00188517
551.799 0.00185859 0 0.00185859
555.661 0.00183242 0 0.00183242
559.551 0.00180662 0 0.00180662
563.468 0.00178119 0 0.00178119
567.412 0.00175611 0 0.00175611
571.384 0.00173138 0 0.00173138
575.384 0.001707 0 0.001707
579.411 0.00168296 0 0.00168296
583.467 0.00165927 0 0.00165927
587.551 0.0016359 0 0.0016359
591.664 0.00161286 0 0.00161286
595.806 0.00159015 0 0.00159015
599.977 0.00156776 0 0.00156776
604.176 0.00154568 0 0.00154568
608.406 0.00152391 0 0.00152391
612.665 0.00150245 0 0.00150245
616.953 0.00148129 0 0.00148129
621.272 0.0014604 0 0.0014604
625.621 0.00143984 0 0.00143984
630 0.00141956 0 0.00141956
634.41 0.00139957 0 0.00139957
638.851 0.00137986 0 0.00137986
643.323 0.00136042 0 0.00136042
647.826 0.00134126 0 0.00134126
652.361 0.00132237 0 0.00132237
656.928 0.00130375 0 0.00130375
661.526 0.00128539 0 0.00128539
666.157 0.00126728 0 0.00126728
670.82 0.00124943 0 0.00124943
675.516 0.00123184 0 0.00123184
680.244 0.00121449 0 0.00121449
685.006 0.00119738 0 0.00119738
689.801 0.00118051 0 0.00118051
694.629 0.00116386 0 0.00116386
699.492 0.00114747 0 0.00114747
704.388 0.00113131 0 0.00113131
709.319 0.00111537 0 0.00111537
714.284 0.00109966 0 0.00109966
719.284 0.00108417 0 0.00108417
724.319 0.0010689 0 0.0010689
729.39 0.00105385 0 0.00105385
734.495 0.001039 0 0.001039
739.637 0.00102437 0 0.00102437
744.814 0.00100994 0 0.00100994
750.028 0.00099571 0 0.00099571
755.278 0.000981684 0 0.000981684
760.565 0.000967855 0 0.000967855
765.889 0.000954221 0 0.000954221
771.25 0.000940779 0 0.000940779
776.649 0.000927526 0 0.000927526
782.085 0.000914444 0 0.000914444
787.56 0.000901562 0 0.000901562
793.073 0.000888862 0 0.000888862
798.625 0.000876341 0 0.000876341
804.215 0.000863996 0 0.000863996
809.844 0.000851825 0 0.000851825
815.513 0.000839825 0 0.000839825
821.222 0.000827994 0 0.000827994
826.97 0.00081633 0 0.00081633
832.759 0.000804829 0 0.000804829
838.589 0.000793491 0 0.000793491
844.459 0.000782313 0 0.000782313
850.37 0.000771292 0 0.000771292
856.322 0.000760426 0 0.000760426
862.317 0.000749713 0 0.000749713
868.353 0.000739151 0 0.000739151
874.431 0.000728724 0 0.000728724
880.552 0.000718458 0 0.000718458
886.716 0.000708337 0 0.000708337
892.923 0.000698358 0 0.000698358
899.174 0.000688519 0 0.000688519
905.468 0.000678819 0 0.000678819
911.806 0.000669256 0 0.000669256
918.189 0.000659827 0 0.000659827
924.616 0.000650532 0 0.000650532
931.089 0.000641367 0 0.000641367
937.606 0.000632331 0 0.000632331
944.169 0.000623422 0 0.000623422
950.779 0.000614639 0 0.000614639
957.434 0.000605979 0 0.000605979
964.136 0.000597442 0 0.000597442
970.885 0.000589025 0 0.000589025
977.681 0.000580726 0 0.000580726
984.525 0.000572534 0 0.000572534
991.417 0.000564468 0 0.000564468
998.357 0.000556515 0 0.000556515
1005.35 0.000548675 0 0.000548675
1012.38 0.000540945 0 0.000540945
1019.47 0.000533324 0 0.000533324
1026.61 0.00052581 0 0.00052581
1033.79 0.000518402 0 0.000518402
1041.03 0.000511098 0 0.000511098
1048.32 0.000503897 0 0.000503897
1055.65 0.000496798 0 0.000496798
1063.04 0.000489798 0 0.000489798
1070.48 0.000482897 0 0.000482897
1077.98 0.000476094 0 0.000476094
1085.52 0.000469386 0 0.000469386
1093.12 0.000462773 0 0.000462773
1100.77 0.000456244 0 0.000456244
1108.48 0.000449816 0 0.000449816
1116.24 0.000443479 0 0.000443479
1124.05 0.000437231 0 0.000437231
1131.92 0.000431071 0 0.000431071
1139.84 0.000424998 0 0.000424998
1147.82 0.00041901 0 0.00041901
1155.86 0.000413106 0 0.000413106
1163.95 0.000407286 0 0.000407286
1172.1 0.000401548 0 0.000401548
1180.3 0.00039589 0 0.00039589
1188.56 0.000390312 0 0.000390312
1196.88 0.000384813 0 0.000384813
1205.26 0.000379391 0 0.000379391
1213.7 0.000374046 0 0.000374046
1222.19 0.000368776 0 0.000368776
1230.75 0.00036358 0 0.00036358
1239.37 0.000358451 0 0.000358451
1248.04 0.000353401 0 0.000353401
1256.78 0.000348422 0 0.000348422
1265.57 0.000343513 0 0.000343513
1274.43 0.000338673 0 0.000338673
1283.35 0.000333902 0 0.000333902
1292.34 0.000329197 0 0.000329197
1301.38 0.000324559 0 0.000324559
1310.49 0.000319986 0 0.000319986
1319.67 0.000315478 0 0.000315478
1328.91 0.000311033 0 0.000311033
1338.21 0.000306651 0 0.000306651
1347.57 0.00030233 0 0.00030233
1357.01 0.000298071 0 0.000298071
1366.51 0.000293871 0 0.000293871
1376.07 0.00028973 0 0.00028973
1385.71 0.000285643 0 0.000285643
1395.41 0.000281619 0 0.000281619
1405.17 0.000277651 0 0.000277651
1415.01 0.000273739 0 0.000273739
1424.91 0.000269883 0 0.000269883
1434.89 0.00026608 0 0.00026608
1444.93 0.000262332 0 0.000262332
1455.05 0.000258636 0 0.000258636
1465.23 0.000254992 0 0.000254992
1475.49 0.000251399 0 0.000251399
1485.82 0.000247857 0 0.000247857
1496.22 0.000244365 0 0.000244365
1506.69 0.000240922 0 0.000240922
1517.24 0.000237528 0 0.000237528
1527.86 0.000234181 0 0.000234181
1538.55 0.000230882 0 0.000230882
1549.32 0.000227629 0 0.000227629
1560.17 0.000224418 0 0.000224418
1571.09 0.000221256 0 0.000221256
1582.09 0.000218139 0 0.000218139
1593.16 0.000215065 0 0.000215065
1604.32 0.000212035 0 0.000212035
1615.55 0.000209048 0 0.000209048
1626.85 0.000206103 0 0.000206103
1638.24 0.000203199 0 0.000203199
1649.71 0.000200336 0 0.000200336
1661.26 0.000197514 0 0.000197514
1672.89 0.000194731 0 0.000194731
1684.6 0.000191987 0 0.000191987
1696.39 0.000189282 0 0.000189282
1708.26 0.000186616 0 0.000186616
1720.22 0.000183986 0 0.000183986
1732.26 0.000181394 0 0.000181394
1744.39 0.000178835 0 0.000178835
1756.6 0.000176316 0 0.000176316
1768.9 0.000173832 0 0.000173832
1781.28 0.000171383 0 0.000171383
1793.75 0.000168968 0 0.000168968
1806.3 0.000166588 0 0.000166588
1818.95 0.000164241 0 0.000164241
1831.68 0.000161927 0 0.000161927
1844.5 0.000159646 0 0.000159646
1857.41 0.000157397 0 0.000157397
1870.42 0.000155179 0 0.000155179
1883.51 0.000152993 0 0.000152993
1896.69 0.000150837 0 0.000150837
1909.97 0.000148712 0 0.000148712
1923.34 0.000146617 0 0.000146617
1936.8 0.000144551 0 0.000144551
1950.36 0.000142515 0 0.000142515
1964.01 0.000140505 0 0.000140505
1977.76 0.000138525 0 0.000138525
1991.61 0.000136574 0 0.000136574
2005.55 0.00013465 0 0.00013465
2019.59 0.000132753 0 0.000132753
2033.72 0.000130882 0 0.000130882
2047.96 0.000129039 0 0.000129039
2062.29 0.000127221 0 0.000127221
2076.73 0.000125428 0 0.000125428
2091.27 0.000123661 0 0.000123661
2105.91 0.000121919 0 0.000121919
2120.65 0.000120201 0 0.000120201
2135.49 0.000118508 0 0.000118508
2150.44 0.000116838 0 0.000116838
2165.49 0.000115192 0 0.000115192
2180.65 0.00011357 0 0.00011357
2195.92 0.000111968 0 0.000111968
2211.29 0.00011039 0 0.00011039
2226.77 0.000108835 0 0.000108835
2242.35 0.000107302 0 0.000107302
2258.05 0.00010579 0 0.00010579
2273.86 0.0001043 0 0.0001043
2289.77 0.000102831 0 0.000102831
2305.8 0.000101382 0 0.000101382
2321.94 9.99537e-05 0 9.99537e-05
2338.2 9.85456e-05 0 9.85456e-05
2354.56 9.71573e-05 0 9.71573e-05
2371.05 9.57886e-05 0 9.57886e-05
2387.64 9.44391e-05 0 9.44391e-05
2404.36 9.31087e-05 0 9.31087e-05
2421.19 9.1797e-05 0 9.1797e-05
2438.14 9.05038e-05 0 9.05038e-05
2455.2 8.92288e-05 0 8.92288e-05
2472.39 8.79702e-05 0 8.79702e-05
2489.7 8.6731e-05 0 8.6731e-05
2507.12 8.55092e-05 0 8.55092e-05
2524.67 8.43046e-05 0 8.43046e-05
2542.35 8.3117e-05 0 8.3117e-05
2560.14 8.19461e-05 0 8.19461e-05
2578.06 8.07917e-05 0 8.07917e-05
2596.11 7.96536e-05 0 7.96536e-05
2614.28 7.85315e-05 0 7.85315e-05
2632.58 7.74252e-05 0 7.74252e-05
2651.01 7.63345e-05 0 7.63345e-05
2669.57 7.52591e-05 0 7.52591e-05
2688.26 7.41989e-05 0 7.41989e-05
2707.07 7.31537e-05 0 7.31537e-05
2726.02 7.21231e-05 0 7.21231e-05
2745.1 7.11071e-05 0 7.11071e-05
2764.32 7.01042e-05 0 7.01042e-05
2783.67 6.91166e-05 0 6.91166e-05
2803.16 6.8143e-05 0 6.8143e-05
2822.78 6.71831e-05 0 6.71831e-05
2842.54 6.62367e-05 0 6.62367e-05
2862.44 6.53036e-05 0 6.53036e-05
2882.47 6.43837e-05 0 6.43837e-05
2902.65 6.34768e-05 0 6.34768e-05
2922.97 6.25826e-05 0 6.25826e-05
2943.43 6.1701e-05 0 6.1701e-05
2964.03 6.08318e-05 0 6.08318e-05
2984.78 5.99749e-05 0 5.99749e-05
3005.68 5.913e-05 0 5.913e-05
3026.71 5.82971e-05 0 5.82971e-05
3047.9 5.74758e-05 0 5.74758e-05
3069.24 5.66662e-05 0 5.66662e-05
3090.72 5.58679e-05 0 5.58679e-05
3112.36 5.508e-05 0 5.508e-05
3134.14 5.43041e-05 0 5.43041e-05
3156.08 5.35392e-05 0 5.35392e-05
3178.17 5.2785e-05 0 5.2785e-05
3200.42 5.20415e-05 0 5.20415e-05
3222.83 5.13084e-05 0 5.13084e-05
3245.38 5.05857e-05 0 5.05857e-05
3268.1 4.98731e-05 0 4.98731e-05
3290.98 4.91706e-05 0 4.91706e-05
3314.02 4.84779e-05 0 4.84779e-05
3337.21 4.77951e-05 0 4.77951e-05
3360.57 4.71218e-05 0 4.71218e-05
3384.1 4.6458e-05 0 4.6458e-05
3407.79 4.58036e-05 0 4.58036e-05
3431.64 4.51584e-05 0 4.51584e-05
3455.66 4.45223e-05 0 4.45223e-05
3479.85 4.38943e-05 0 4.38943e-05
3504.21 4.32761e-05 0 4.32761e-05
3528.74 4.26665e-05 0 4.26665e-05
3553.44 4.20655e-05 0 4.20655e-05
3578.32 4.1473e-05 0 4.1473e-05
3603.37 4.08888e-05 0 4.08888e-05
3628.59 4.03128e-05 0 4.03128e-05
3653.99 3.9745e-05 0 3.9745e-05
3679.57 3.91852e-05 0 3.91852e-05
3705.32 3.86332e-05 0 3.86332e-05
3731.26 3.8089e-05 0 3.8089e-05
3757.38 3.75525e-05 0 3.75525e-05
3783.68 3.70235e-05 0 3.70235e-05
3810.17 3.6502e-05 0 3.6502e-05
3836.84 3.59878e-05 0 3.59878e-05
3863.7 3.54809e-05 0 3.54809e-05
3890.74 3.49811e-05 0 3.49811e-05
3917.98 3.44878e-05 0 3.44878e-05
3945.4 3.4002e-05 0 3.4002e-05
3973.02 3.35231e-05 0 3.35231e-05
4000.83 3.30509e-05 0 3.30509e-05
4028.84 3.25854e-05 0 3.25854e-05
4057.04 3.21264e-05 0 3.21264e-05
4085.44 3.16739e-05 0 3.16739e-05
4114.04 3.12278e-05 0 3.12278e-05
4142.84 3.07879e-05 0 3.07879e-05
4171.84 3.03542e-05 0 3.03542e-05
4201.04 2.99267e-05 0 2.99267e-05
4230.45 2.95052e-05 0 2.95052e-05
4260.06 2.90896e-05 0 2.90896e-05
4289.88 2.86798e-05 0 2.86798e-05
4319.91 2.82758e-05 0 2.82758e-05
4350.15 2.78776e-05 0 2.78776e-05
4380.6 2.74844e-05 0 2.74844e-05
4411.26 2.70973e-05 0 2.70973e-05
4442.14 2.67156e-05 0 2.67156e-05
4473.24 2.63394e-05 0 2.63394e-05
4504.55 2.59684e-05 0 2.59684e-05
4536.08 2.56026e-05 0 2.56026e-05
4567.83 2.5242e-05 0 2.5242e-05
4599.81 2.48865e-05 0 2.48865e-05
4632.01 2.45359e-05 0 2.45359e-05
4664.43 2.41903e-05 0 2.41903e-05
4697.08 2.38496e-05 0 2.38496e-05
4729.96 2.35137e-05 0 2.35137e-05
4763.07 2.31825e-05 0 2.31825e-05
4796.41 2.2856e-05 0 2.2856e-05
4829.99 2.2534e-05 0 2.2534e-05
4863.8 2.22166e-05 0 2.22166e-05
4897.84 2.19037e-05 0 2.19037e-05
4932.13 2.15948e-05 0 2.15948e-05
4966.65 2.12907e-05 0 2.12907e-05
5001.42 2.09908e-05 0 2.09908e-05
5036.43 2.06952e-05 0 2.06952e-05
5071.69 2.04037e-05 0 2.04037e-05
5107.19 2.01163e-05 0 2.01163e-05
5142.94 1.9833e-05 0 1.9833e-05
5178.94 1.95536e-05 0 1.95536e-05
5215.19 1.92782e-05 0 1.92782e-05
5251.7 1.90067e-05 0 1.90067e-05
5288.46 1.8739e-05 0 1.8739e-05
5325.48 1.84751e-05 0 1.84751e-05
5362.76 1.82149e-05 0 1.82149e-05
5400.3 1.79583e-05 0 1.79583e-05
5438.1 1.77054e-05 0 1.77054e-05
5476.16 1.7456e-05 0 1.7456e-05
5514.5 1.72098e-05 0 1.72098e-05
5553.1 1.69674e-05 0 1.69674e-05
5591.97 1.67285e-05 0 1.67285e-05
5631.11 1.64929e-05 0 1.64929e-05
5670.53 1.62606e-05 0 1.62606e-05
5710.23 1.60316e-05 0 1.60316e-05
5750.2 1.58058e-05 0 1.58058e-05
5790.45 1.55832e-05 0 1.55832e-05
5830.98 1.53637e-05 0 1.53637e-05
5871.8 1.51473e-05 0 1.51473e-05
5912.9 1.4934e-05 0 1.4934e-05
5954.29 1.47236e-05 0 1.47236e-05
5995.97 1.45162e-05 0 1.45162e-05
6037.94 1.43118e-05 0 1.43118e-05
6080.21 1.41102e-05 0 1.41102e-05
6122.77 1.39115e-05 0 1.39115e-05
6165.63 1.37155e-05 0 1.37155e-05
6208.79 1.35221e-05 0 1.35221e-05
6252.25 1.33317e-05 0 1.33317e-05
6296.02 1.31439e-05 0 1.31439e-05
6340.09 1.29588e-05 0 1.29588e-05
6384.47 1.27763e-05 0 1.27763e-05
6429.16 1.25964e-05 0 1.25964e-05
6474.17 1.2419e-05 0 1.2419e-05
6519.48 1.22441e-05 0 1.22441e-05
6565.12 1.20716e-05 0 1.20716e-05
6611.08 1.19016e-05 0 1.19016e-05
6657.35 1.1734e-05 0 1.1734e-05
6703.96 1.15687e-05 0 1.15687e-05
6750.88 1.14058e-05 0 1.14058e-05
6798.14 1.12451e-05 0 1.12451e-05
6845.73 1.10868e-05 0 1.10868e-05
6893.65 1.09306e-05 0 1.09306e-05
6941.9 1.07765e-05 0 1.07765e-05
6990.5 1.06247e-05 0 1.06247e-05
7039.43 1.04751e-05 0 1.04751e-05
7088.71 1.03275e-05 0 1.03275e-05
7138.33 1.01821e-05 0 1.01821e-05
7188.29 1.00387e-05 0 1.00387e-05
7238.61 9.89731e-06 0 9.89731e-06
7289.28 9.75792e-06 0 9.75792e-06
7340.31 9.62049e-06 0 9.62049e-06
7391.69 9.485e-06 0 9.485e-06
7443.43 9.35141e-06 0 9.35141e-06
7495.54 9.21971e-06 0 9.21971e-06
7548 9.08986e-06 0 9.08986e-06
7600.84 8.96184e-06 0 8.96184e-06
7654.05 8.83562e-06 0 8.83562e-06
7707.62 8.71118e-06 0 8.71118e-06
7761.58 8.58849e-06 0 8.58849e-06
7815.91 8.46739e-06 0 8.46739e-06
7870.62 8.34814e-06 0 8.34814e-06
7925.71 8.23057e-06 0 8.23057e-06
7981.19 8.11466e-06 0 8.11466e-06
8037.06 8.00038e-06 0 8.00038e-06
8093.32 7.88771e-06 0 7.88771e-06
8149.98 7.77662e-06 0 7.77662e-06
8207.03 7.6671e-06 0 7.6671e-06
8264.47 7.55912e-06 0 7.55912e-06
8322.33 7.45266e-06 0 7.45266e-06
8380.58 7.3477e-06 0 7.3477e-06
8439.25 7.24421e-06 0 7.24421e-06
8498.32 7.14219e-06 0 7.14219e-06
8557.81 7.0416e-06 0 7.0416e-06
8617.71 6.94243e-06 0 6.94243e-06
8678.04 6.84465e-06 0 6.84465e-06
8738.78 6.74814e-06 0 6.74814e-06
8799.96 6.65311e-06 0 6.65311e-06
8861.56 6.55941e-06 0 6.55941e-06
8923.59 6.46703e-06 0 6.46703e-06
8986.05 6.37595e-06 0 6.37595e-06
9048.95 6.28616e-06 0 6.28616e-06
9112.3 6.19763e-06 0 6.19763e-06
9176.08 6.11035e-06 0 6.11035e-06
9240.32 6.02429e-06 0 6.02429e-06
9305 5.93945e-06 0 5.93945e-06
9370.13 5.8558e-06 0 5.8558e-06
9435.72 5.77333e-06 0 5.77333e-06
9501.77 5.69202e-06 0 5.69202e-06
9568.29 5.61186e-06 0 5.61186e-06
9635.26 5.53282e-06 0 5.53282e-06
9702.71 5.4549e-06 0 5.4549e-06
9770.63 5.37808e-06 0 5.37808e-06
9839.02 5.30225e-06 0 5.30225e-06
9907.9 5.22757e-06 0 5.22757e-06
9977.25 5.15395e-06 0 5.15395e-06
10047.1 5.08137e-06 0 5.08137e-06
10117.4 5.00981e-06 0 5.00981e-06
10188.2 4.93925e-06 0 4.93925e-06
10259.6 4.86969e-06 0 4.86969e-06
10331.4 4.80111e-06 0 4.80111e-06
10403.7 4.7335e-06 0 4.7335e-06
10476.5 4.66683e-06 0 4.66683e-06
10549.9 4.60111e-06 0 4.60111e-06
10623.7 4.53631e-06 0 4.53631e-06
10698.1 4.47242e-06 0 4.47242e-06
10773 4.40943e-06 0 4.40943e-06
10848.4 4.34733e-06 0 4.34733e-06
10924.3 4.28611e-06 0 4.28611e-06
11000.8 4.22567e-06 0 4.22567e-06
11077.8 4.16616e-06 0 4.16616e-06
11155.3 4.10749e-06 0 4.10749e-06
11233.4 4.04965e-06 0 4.04965e-06
11312.1 3.99261e-06 0 3.99261e-06
11391.2 3.93639e-06 0 3.93639e-06
11471 3.88095e-06 0 3.88095e-06
11551.3 3.82629e-06 0 3.82629e-06
11632.1 3.77241e-06 0 3.77241e-06
11713.6 3.71928e-06 0 3.71928e-06
11795.6 3.6669e-06 0 3.6669e-06
11878.1 3.61525e-06 0 3.61525e-06
11961.3 3.56434e-06 0 3.56434e-06
12045 3.51414e-06 0 3.51414e-06
12129.3 3.46465e-06 0 3.46465e-06
12214.2 3.41586e-06 0 3.41586e-06
12299.7 3.36775e-06 0 3.36775e-06
12385.8 3.32026e-06 0 3.32026e-06
12472.5 3.2735e-06 0 3.2735e-06
12559.8 3.2274e-06 0 3.2274e-06
12647.7 3.18195e-06 0 3.18195e-06
12736.3 3.13714e-06 0 3.13714e-06
12825.4 3.09296e-06 0 3.09296e-06
12915.2 3.0494e-06 0 3.0494e-06
13005.6 3.00645e-06 0 3.00645e-06
13096.7 2.96411e-06 0 2.96411e-06
13188.3 2.92237e-06 0 2.92237e-06
13280.6 2.88121e-06 0 2.88121e-06
13373.6 2.84063e-06 0 2.84063e-06
13467.2 2.80063e-06 0 2.80063e-06
13561.5 2.76118e-06 0 2.76118e-06
13656.4 2.7223e-06 0 2.7223e-06
13752 2.68396e-06 0 2.68396e-06
13848.3 2.64611e-06 0 2.64611e-06
13945.2 2.60885e-06 0 2.60885e-06
14042.8 2.57211e-06 0 2.57211e-06
14141.1 2.53588e-06 0 2.53588e-06
14240.1 2.50017e-06 0 2.50017e-06
14339.8 2.46496e-06 0 2.46496e-06
14440.2 2.43025e-06 0 2.43025e-06
14541.3 2.39602e-06 0 2.39602e-06
14643.1 2.36228e-06 0 2.36228e-06
14745.6 2.32901e-06 0 2.32901e-06
14848.8 2.29621e-06 0 2.29621e-06
14952.7 2.26387e-06 0 2.26387e-06
15057.4 2.23198e-06 0 2.23198e-06
15162.8 2.20055e-06 0 2.20055e-06
15268.9 2.16956e-06 0 2.16956e-06
15375.8 2.139e-06 0 2.139e-06
15483.4 2.10888e-06 0 2.10888e-06
15591.8 2.07914e-06 0 2.07914e-06
15701 2.04986e-06 0 2.04986e-06
15810.9 2.02099e-06 0 2.02099e-06
15921.6 1.99253e-06 0 1.99253e-06
16033 1.96447e-06 0 1.96447e-06
16145.2 1.9368e-06 0 1.9368e-06
16258.3 1.90952e-06 0 1.90952e-06
16372.1 1.88263e-06 0 1.88263e-06
16486.7 1.85612e-06 0 1.85612e-06
16602.1 1.82998e-06 0 1.82998e-06
16718.3 1.8042e-06 0 1.8042e-06
16835.3 1.77879e-06 0 1.77879e-06
16953.2 1.75374e-06 0 1.75374e-06
17071.8 1.72904e-06 0 1.72904e-06
17191.3 1.70469e-06 0 1.70469e-06
17311.7 1.68068e-06 0 1.68068e-06
17432.9 1.65698e-06 0 1.65698e-06
17554.9 1.63365e-06 0 1.63365e-06
17677.8 1.61064e-06 0 1.61064e-06
17801.5 1.58795e-06 0 1.58795e-06
17926.1 1.56559e-06 0 1.56559e-06
18051.6 1.54354e-06 0 1.54354e-06
18178 1.5218e-06 0 1.5218e-06
18305.2 1.50037e-06 0 1.50037e-06
18433.4 1.47924e-06 0 1.47924e-06
18562.4 1.45841e-06 0 1.45841e-06
18692.3 1.43786e-06 0 1.43786e-06
18823.2 1.41761e-06 0 1.41761e-06
18954.9 1.39765e-06 0 1.39765e-06
19087.6 1.37796e-06 0 1.37796e-06
19221.2 1.35856e-06 0 1.35856e-06
19355.8 1.33942e-06 0 1.33942e-06
19491.3 1.32056e-06 0 1.32056e-06
19627.7 1.30194e-06 0 1.30194e-06
19765.1 1.2836e-06 0 1.2836e-06
19903.5 1.26552e-06 0 1.26552e-06
20042.8 1.2477e-06 0 1.2477e-06
20183.1 1.23013e-06 0 1.23013e-06
20324.4 1.2128e-06 0 1.2128e-06
20466.6 1.19572e-06 0 1.19572e-06
20609.9 1.17888e-06 0 1.17888e-06
20754.2 1.16227e-06 0 1.16227e-06
20899.4 1.1459e-06 0 1.1459e-06
21045.7 1.12977e-06 0 1.12977e-06
21193.1 1.11385e-06 0 1.11385e-06
21341.4 1.09817e-06 0 1.09817e-06
21490.8 1.0827e-06 0 1.0827e-06
21641.2 1.06745e-06 0 1.06745e-06
21792.7 1.05241e-06 0 1.05241e-06
21945.3 1.03757e-06 0 1.03757e-06
22098.9 1.02296e-06 0 1.02296e-06
22253.6 1.00855e-06 0 1.00855e-06
22409.4 9.94348e-07 0 9.94348e-07
22566.2 9.80343e-07 0 9.80343e-07
22724.2 9.66535e-07 0 9.66535e-07
22883.3 9.52922e-07 0 9.52922e-07
23043.4 9.395e-07 0 9.395e-07
23204.8 9.26268e-07 0 9.26268e-07
23367.2 9.13222e-07 0 9.13222e-07
23530.8 9.00359e-07 0 9.00359e-07
23695.5 8.87677e-07 0 8.87677e-07
23861.3 8.75174e-07 0 8.75174e-07
24028.4 8.62847e-07 0 8.62847e-07
24196.6 8.50694e-07 0 8.50694e-07
24365.9 8.38712e-07 0 8.38712e-07
24536.5 8.26898e-07 0 8.26898e-07
24708.3 8.15238e-07 0 8.15238e-07
24881.2 8.03756e-07 0 8.03756e-07
25055.4 7.92435e-07 0 7.92435e-07
25230.8 7.81274e-07 0 7.81274e-07
25407.4 7.70269e-07 0 7.70269e-07
25585.2 7.5942e-07 0 7.5942e-07
25764.3 7.48724e-07 0 7.48724e-07
25944.7 7.38178e-07 0 7.38178e-07
26126.3 7.2778e-07 0 7.2778e-07
26309.2 7.17529e-07 0 7.17529e-07
26493.3 7.07422e-07 0 7.07422e-07
26678.8 6.97458e-07 0 6.97458e-07
26865.6 6.87634e-07 0 6.87634e-07
27053.6 6.77948e-07 0 6.77948e-07
27243 6.68398e-07 0 6.68398e-07
27433.7 6.58983e-07 0 6.58983e-07
27625.7 6.4969e-07 0 6.4969e-07
27819.1 6.40539e-07 0 6.40539e-07
28013.8 6.31517e-07 0 6.31517e-07
28209.9 6.22622e-07 0 6.22622e-07
28407.4 6.13852e-07 0 6.13852e-07
28606.3 6.05205e-07 0 6.05205e-07
28806.5 5.9668e-07 0 5.9668e-07
29008.1 5.88276e-07 0 5.88276e-07
29211.2 5.79989e-07 0 5.79989e-07
29415.7 5.71819e-07 0 5.71819e-07
29621.6 5.63765e-07 0 5.63765e-07
29828.9 5.55823e-07 0 5.55823e-07
30037.7 5.47994e-07 0 5.47994e-07
30248 5.40275e-07 0 5.40275e-07
30459.7 5.32664e-07 0 5.32664e-07
30673 5.25161e-07 0 5.25161e-07
30887.7 5.17763e-07 0 5.17763e-07
31103.9 5.10461e-07 0 5.10461e-07
31321.6 5.03271e-07 0 5.03271e-07
31540.9 4.96181e-07 0 4.96181e-07
31761.7 4.89192e-07 0 4.89192e-07
31984 4.82301e-07 0 4.82301e-07
32207.9 4.75507e-07 0 4.75507e-07
32433.3 4.68809e-07 0 4.68809e-07
32660.4 4.62205e-07 0 4.62205e-07
32889 4.55694e-07 0 4.55694e-07
33119.2 4.49275e-07 0 4.49275e-07
33351 4.42946e-07 0 4.42946e-07
33584.5 4.36706e-07 0 4.36706e-07
33819.6 4.30554e-07 0 4.30554e-07
34056.3 4.24489e-07 0 4.24489e-07
34294.7 4.18509e-07 0 4.18509e-07
34534.8 4.12613e-07 0 4.12613e-07
34776.5 4.06794e-07 0 4.06794e-07
35020 4.01063e-07 0 4.01063e-07
35265.1 3.95413e-07 0 3.95413e-07
35512 3.89843e-07 0 3.89843e-07
35760.5 3.84351e-07 0 3.84351e-07
36010.9 3.78937e-07 0 3.78937e-07
36262.9 3.73598e-07 0 3.73598e-07
36516.8 3.68335e-07 0 3.68335e-07
36772.4 3.63146e-07 0 3.63146e-07
37029.8 3.5803e-07 0 3.5803e-07
37289 3.52986e-07 0 3.52986e-07
37550 3.48014e-07 0 3.48014e-07
37812.9 3.43111e-07 0 3.43111e-07
38077.6 3.38277e-07 0 3.38277e-07
38344.1 3.33511e-07 0 3.33511e-07
38612.5 3.28812e-07 0 3.28812e-07
38882.8 3.2418e-07 0 3.2418e-07
39155 3.19608e-07 0 3.19608e-07
39429.1 3.15105e-07 0 3.15105e-07
39705.1 3.10666e-07 0 3.10666e-07
39983 3.06289e-07 0 3.06289e-07
40262.9 3.01974e-07 0 3.01974e-07
40544.7 2.9772e-07 0 2.9772e-07
40828.6 2.93525e-07 0 2.93525e-07
41114.4 2.8939e-07 0 2.8939e-07
41402.2 2.85312e-07 0 2.85312e-07
41692 2.81293e-07 0 2.81293e-07
41983.8 2.7733e-07 0 2.7733e-07
42277.7 2.73422e-07 0 2.73422e-07
42573.6 2.6957e-07 0 2.6957e-07
42871.7 2.65772e-07 0 2.65772e-07
43171.8 2.62027e-07 0 2.62027e-07
43474 2.58335e-07 0 2.58335e-07
43778.3 2.54691e-07 0 2.54691e-07
44084.7 2.51103e-07 0 2.51103e-07
44393.3 2.47565e-07 0 2.47565e-07
44704.1 2.44077e-07 0 2.44077e-07
45017 2.40638e-07 0 2.40638e-07
45332.1 2.37248e-07 0 2.37248e-07
45649.5 2.33905e-07 0 2.33905e-07
45969 2.30609e-07 0 2.30609e-07
46290.8 2.2736e-07 0 2.2736e-07
46614.8 2.24156e-07 0 2.24156e-07
46941.1 2.20998e-07 0 2.20998e-07
47269.7 2.17884e-07 0 2.17884e-07
47600.6 2.14814e-07 0 2.14814e-07
47933.8 2.11787e-07 0 2.11787e-07
48269.3 2.08803e-07 0 2.08803e-07
48607.2 2.0586e-07 0 2.0586e-07
48947.5 2.0296e-07 0 2.0296e-07
49290.1 2.00097e-07 0 2.00097e-07
49635.1 1.97277e-07 0 1.97277e-07
49982.6 1.94497e-07 0 1.94497e-07
50332.5 1.91757e-07 0 1.91757e-07
50684.8 1.89055e-07 0 1.89055e-07
51039.6 1.86391e-07 0 1.86391e-07
51396.9 1.83764e-07 0 1.83764e-07
51756.6 1.81175e-07 0 1.81175e-07
52118.9 1.78622e-07 0 1.78622e-07
52483.8 1.76105e-07 0 1.76105e-07
52851.1 1.73623e-07 0 1.73623e-07
53221.1 1.71176e-07 0 1.71176e-07
53593.7 1.68764e-07 0 1.68764e-07
53968.8 1.66386e-07 0 1.66386e-07
54346.6 1.64041e-07 0 1.64041e-07
54727 1.61729e-07 0 1.61729e-07
55110.1 1.5945e-07 0 1.5945e-07
55495.9 1.57201e-07 0 1.57201e-07
55884.3 1.54985e-07 0 1.54985e-07
56275.5 1.52801e-07 0 1.52801e-07
56669.5 1.50648e-07 0 1.50648e-07
57066.2 1.48525e-07 0 1.48525e-07
57465.6 1.46432e-07 0 1.46432e-07
57867.9 1.44368e-07 0 1.44368e-07
58273 1.42333e-07 0 1.42333e-07
58680.9 1.40327e-07 0 1.40327e-07
59091.6 1.3835e-07 0 1.3835e-07
59505.3 1.364e-07 0 1.364e-07
59921.8 1.34477e-07 0 1.34477e-07
60341.3 1.32582e-07 0 1.32582e-07
60763.6 1.30714e-07 0 1.30714e-07
61189 1.28871e-07 0 1.28871e-07
61617.3 1.27055e-07 0 1.27055e-07
62048.6 1.25262e-07 0 1.25262e-07
62483 1.23497e-07 0 1.23497e-07
62920.4 1.21756e-07 0 1.21756e-07
63360.8 1.2004e-07 0 1.2004e-07
63804.3 1.18348e-07 0 1.18348e-07
64251 1.1668e-07 0 1.1668e-07
64700.7 1.15036e-07 0 1.15036e-07
65153.6 1.13414e-07 0 1.13414e-07
65609.7 1.11816e-07 0 1.11816e-07
66069 1.10239e-07 0 1.10239e-07
66531.4 1.08686e-07 0 1.08686e-07
66997.2 1.07154e-07 0 1.07154e-07
67466.1 1.05643e-07 0 1.05643e-07
67938.4 1.04154e-07 0 1.04154e-07
68414 1.02686e-07 0 1.02686e-07
68892.9 1.01238e-07 0 1.01238e-07
69375.1 9.98114e-08 0 9.98114e-08
69860.8 9.84028e-08 0 9.84028e-08
70349.8 9.70157e-08 0 9.70157e-08
70842.2 9.56482e-08 0 9.56482e-08
71338.1 9.42999e-08 0 9.42999e-08
71837.5 9.29706e-08 0 9.29706e-08
72340.4 9.166e-08 0 9.166e-08
72846.7 9.03679e-08 0 9.03679e-08
73356.7 8.90939e-08 0 8.90939e-08
73870.2 8.7838e-08 0 8.7838e-08
74387.2 8.65997e-08 0 8.65997e-08
74908 8.53788e-08 0 8.53788e-08
75432.3 8.41752e-08 0 8.41752e-08
75960.3 8.29884e-08 0 8.29884e-08
76492.1 8.18185e-08 0 8.18185e-08
77027.5 8.06649e-08 0 8.06649e-08
77566.7 7.95277e-08 0 7.95277e-08
78109.7 7.84052e-08 0 7.84052e-08
78656.4 7.72998e-08 0 7.72998e-08
79207 7.621e-08 0 7.621e-08
79761.5 7.51355e-08 0 7.51355e-08
80319.8 7.40762e-08 0 7.40762e-08
80882 7.30318e-08 0 7.30318e-08
81448.2 7.20021e-08 0 7.20021e-08
82018.4 7.09869e-08 0 7.09869e-08
82592.5 6.9986e-08 0 6.9986e-08
83170.6 6.89992e-08 0 6.89992e-08
83752.8 6.80263e-08 0 6.80263e-08
84339.1 6.70672e-08 0 6.70672e-08
84929.5 6.61215e-08 0 6.61215e-08
85524 6.51891e-08 0 6.51891e-08
86122.6 6.42699e-08 0 6.42699e-08
86725.5 6.33636e-08 0 6.33636e-08
87332.6 6.24701e-08 0 6.24701e-08
87943.9 6.15882e-08 0 6.15882e-08
88559.5 6.07197e-08 0 6.07197e-08
89179.4 5.98635e-08 0 5.98635e-08
89803.7 5.90194e-08 0 5.90194e-08
90432.3 5.81871e-08 0 5.81871e-08
91065.3 5.73665e-08 0 5.73665e-08
91702.8 5.65575e-08 0 5.65575e-08
92344.7 5.576e-08 0 5.576e-08
92991.1 5.49736e-08 0 5.49736e-08
93642.1 5.41983e-08 0 5.41983e-08
94297.6 5.34339e-08 0 5.34339e-08
94957.7 5.26804e-08 0 5.26804e-08
95622.4 5.19374e-08 0 5.19374e-08
96291.7 5.12049e-08 0 5.12049e-08
96965.8 5.04827e-08 0 5.04827e-08
97644.5 4.97707e-08 0 4.97707e-08
98328 4.90679e-08 0 4.90679e-08
99016.3 4.83758e-08 0 4.83758e-08
99709.4 4.76935e-08 0 4.76935e-08
100407 4.70208e-08 0 4.70208e-08
101110 4.63576e-08 0 4.63576e-08
101818 4.57037e-08 0 4.57037e-08
102531 4.50591e-08 0 4.50591e-08
103248 4.44235e-08 0 4.44235e-08
103971 4.37969e-08 0 4.37969e-08
104699 4.31791e-08 0 4.31791e-08
105432 4.257e-08 0 4.257e-08
106170 4.19695e-08 0 4.19695e-08
106913 4.13774e-08 0 4.13774e-08
107662 4.07937e-08 0 4.07937e-08
108415 4.02182e-08 0 4.02182e-08
109174 3.96508e-08 0 3.96508e-08
109938 3.90914e-08 0 3.90914e-08
110708 3.85393e-08 0 3.85393e-08
111483 3.79956e-08 0 3.79956e-08
112263 3.74596e-08 0 3.74596e-08
113049 3.69311e-08 0 3.69311e-08
113840 3.64101e-08 0 3.64101e-08
114637 3.58964e-08 0 3.58964e-08
115440 3.53899e-08 0 3.53899e-08
116248 3.48906e-08 0 3.48906e-08
117061 3.43983e-08 0 3.43983e-08
117881 3.39129e-08 0 3.39129e-08
118706 3.34344e-08 0 3.34344e-08
119537 3.29626e-08 0 3.29626e-08
120374 3.24975e-08 0 3.24975e-08
121216 3.20389e-08 0 3.20389e-08
122065 3.15868e-08 0 3.15868e-08
122919 3.11411e-08 0 3.11411e-08
123780 3.07011e-08 0 3.07011e-08
124646 3.02679e-08 0 3.02679e-08
125519 2.98407e-08 0 2.98407e-08
126397 2.94196e-08 0 2.94196e-08
127282 2.90044e-08 0 2.90044e-08
128173 2.85951e-08 0 2.85951e-08
129070 2.81916e-08 0 2.81916e-08
129974 2.77937e-08 0 2.77937e-08
130884 2.74014e-08 0 2.74014e-08
131800 2.70147e-08 0 2.70147e-08
132722 2.66334e-08 0 2.66334e-08
133652 2.62574e-08 0 2.62574e-08
134587 2.58868e-08 0 2.58868e-08
135529 2.55214e-08 0 2.55214e-08
136478 2.51612e-08 0 2.51612e-08
137433 2.4806e-08 0 2.4806e-08
138395 2.44558e-08 0 2.44558e-08
139364 2.41102e-08 0 2.41102e-08
140340 2.37698e-08 0 2.37698e-08
141322 2.34343e-08 0 2.34343e-08
142311 2.31035e-08 0 2.31035e-08
143307 2.27773e-08 0 2.27773e-08
144311 2.24557e-08 0 2.24557e-08
145321 2.21387e-08 0 2.21387e-08
146338 2.18262e-08 0 2.18262e-08
147362 2.1518e-08 0 2.1518e-08
148394 2.12142e-08 0 2.12142e-08
149433 2.09146e-08 0 2.09146e-08
150479 2.06193e-08 0 2.06193e-08
151532 2.03282e-08 0 2.03282e-08
152593 2.00411e-08 0 2.00411e-08
153661 1.97581e-08 0 1.97581e-08
154737 1.94791e-08 0 1.94791e-08
155820 1.9204e-08 0 1.9204e-08
156910 1.89325e-08 0 1.89325e-08
158009 1.86652e-08 0 1.86652e-08
159115 1.84016e-08 0 1.84016e-08
160229 1.81417e-08 0 1.81417e-08
161350 1.78855e-08 0 1.78855e-08
162480 1.76329e-08 0 1.76329e-08
163617 1.73838e-08 0 1.73838e-08
164762 1.71383e-08 0 1.71383e-08
165916 1.68962e-08 0 1.68962e-08
167077 1.66576e-08 0 1.66576e-08
168247 1.64223e-08 0 1.64223e-08
169424 1.61903e-08 0 1.61903e-08
170610 1.59616e-08 0 1.59616e-08
171805 1.57361e-08 0 1.57361e-08
173007 1.55138e-08 0 1.55138e-08
174218 1.52946e-08 0 1.52946e-08
175438 1.50783e-08 0 1.50783e-08
176666 1.48652e-08 0 1.48652e-08
177903 1.46552e-08 0 1.46552e-08
179148 1.44482e-08 0 1.44482e-08
180402 1.4244e-08 0 1.4244e-08
181665 1.40428e-08 0 1.40428e-08
182936 1.38443e-08 0 1.38443e-08
184217 1.36487e-08 0 1.36487e-08
185507 1.34558e-08 0 1.34558e-08
186805 1.32657e-08 0 1.32657e-08
188113 1.30782e-08 0 1.30782e-08
189429 1.28934e-08 0 1.28934e-08
190755 1.27112e-08 0 1.27112e-08
192091 1.25315e-08 0 1.25315e-08
193435 1.23544e-08 0 1.23544e-08
194789 1.21798e-08 0 1.21798e-08
196153 1.20076e-08 0 1.20076e-08
197526 1.18377e-08 0 1.18377e-08
198909 1.16704e-08 0 1.16704e-08
200301 1.15054e-08 0 1.15054e-08
201703 1.13428e-08 0 1.13428e-08
203115 1.11824e-08 0 1.11824e-08
204537 1.10243e-08 0 1.10243e-08
205969 1.08685e-08 0 1.08685e-08
207410 1.07148e-08 0 1.07148e-08
208862 1.05633e-08 0 1.05633e-08
210324 1.04139e-08 0 1.04139e-08
211797 1.02667e-08 0 1.02667e-08
213279 1.01215e-08 0 1.01215e-08
214772 9.9784e-09 0 9.9784e-09
216276 9.83729e-09 0 9.83729e-09
217790 9.69817e-09 0 9.69817e-09
219314 9.56101e-09 0 9.56101e-09
220849 9.42579e-09 0 9.42579e-09
222395 9.29232e-09 0 9.29232e-09
223952 9.1609e-09 0 9.1609e-09
225520 9.03133e-09 0 9.03133e-09
227098 8.90358e-09 0 8.90358e-09
228688 8.77764e-09 0 8.77764e-09
230289 8.65347e-09 0 8.65347e-09
231901 8.53106e-09 0 8.53106e-09
233524 8.41037e-09 0 8.41037e-09
235159 8.29138e-09 0 8.29138e-09
236805 8.17407e-09 0 8.17407e-09
238462 8.05842e-09 0 8.05842e-09
240132 7.9444e-09 0 7.9444e-09
241813 7.83199e-09 0 7.83199e-09
243505 7.72116e-09 0 7.72116e-09
245210 7.6119e-09 0 7.6119e-09
246926 7.50417e-09 0 7.50417e-09
248655 7.39785e-09 0 7.39785e-09
250395 7.29315e-09 0 7.29315e-09
252148 7.18993e-09 0 7.18993e-09
253913 7.08817e-09 0 7.08817e-09
255691 6.98784e-09 0 6.98784e-09
257480 6.88893e-09 0 6.88893e-09
259283 6.79141e-09 0 6.79141e-09
261098 6.69527e-09 0 6.69527e-09
262925 6.60049e-09 0 6.60049e-09
264766 6.50704e-09 0 6.50704e-09
266619 6.41491e-09 0 6.41491e-09
268486 6.32408e-09 0 6.32408e-09
270365 6.23454e-09 0 6.23454e-09
272258 6.14625e-09 0 6.14625e-09
274163 6.05922e-09 0 6.05922e-09
276083 5.97341e-09 0 5.97341e-09
278015 5.88881e-09 0 5.88881e-09
279961 5.80531e-09 0 5.80531e-09
281921 5.72309e-09 0 5.72309e-09
283894 5.64203e-09 0 5.64203e-09
285882 5.56211e-09 0 5.56211e-09
287883 5.48333e-09 0 5.48333e-09
289898 5.40565e-09 0 5.40565e-09
291927 5.32907e-09 0 5.32907e-09
293971 5.25357e-09 0 5.25357e-09
296029 5.17914e-09 0 5.17914e-09
298101 5.10576e-09 0 5.10576e-09
300188 5.03341e-09 0 5.03341e-09
302289 4.96208e-09 0 4.96208e-09
304405 4.89177e-09 0 4.89177e-09
306536 4.82244e-09 0 4.82244e-09
308681 4.7541e-09 0 4.7541e-09
310842 4.68671e-09 0 4.68671e-09
313018 4.62028e-09 0 4.62028e-09
315209 4.55472e-09 0 4.55472e-09
317416 4.49015e-09 0 4.49015e-09
319638 4.4265e-09 0 4.4265e-09
321875 4.36375e-09 0 4.36375e-09
324128 4.30188e-09 0 4.30188e-09
326397 4.24089e-09 0 4.24089e-09
328682 4.18076e-09 0 4.18076e-09
330983 4.12148e-09 0 4.12148e-09
333300 4.06303e-09 0 4.06303e-09
335633 4.00542e-09 0 4.00542e-09
337982 3.94861e-09 0 3.94861e-09
340348 3.89261e-09 0 3.89261e-09
342730 3.83739e-09 0 3.83739e-09
345129 3.78296e-09 0 3.78296e-09
347545 3.7293e-09 0 3.7293e-09
349978 3.67639e-09 0 3.67639e-09
352428 3.62417e-09 0 3.62417e-09
354895 3.57276e-09 0 3.57276e-09
357379 3.52207e-09 0 3.52207e-09
359881 3.47209e-09 0 3.47209e-09
362400 3.42282e-09 0 3.42282e-09
364937 3.37425e-09 0 3.37425e-09
367491 3.32636e-09 0 3.32636e-09
370064 3.27916e-09 0 3.27916e-09
372654 3.23261e-09 0 3.23261e-09
375263 3.18673e-09 0 3.18673e-09
377890 3.14149e-09 0 3.14149e-09
380535 3.0969e-09 0 3.0969e-09
383199 3.05293e-09 0 3.05293e-09
385881 3.00958e-09 0 3.00958e-09
388582 2.96685e-09 0 2.96685e-09
391302 2.92472e-09 0 2.92472e-09
394041 2.88319e-09 0 2.88319e-09
396800 2.8422e-09 0 2.8422e-09
399577 2.80183e-09 0 2.80183e-09
402374 2.76204e-09 0 2.76204e-09
405191 2.72281e-09 0 2.72281e-09
408027 2.68413e-09 0 2.68413e-09
410884 2.646e-09 0 2.646e-09
413760 2.60841e-09 0 2.60841e-09
416656 2.57135e-09 0 2.57135e-09
419573 2.53482e-09 0 2.53482e-09
422510 2.4988e-09 0 2.4988e-09
425467 2.46329e-09 0 2.46329e-09
428446 2.42829e-09 0 2.42829e-09
431445 2.39377e-09 0 2.39377e-09
434465 2.35975e-09 0 2.35975e-09
437506 2.32621e-09 0 2.32621e-09
440569 2.29314e-09 0 2.29314e-09
443653 2.26054e-09 0 2.26054e-09
446758 2.22837e-09 0 2.22837e-09
449885 2.19668e-09 0 2.19668e-09
453035 2.16545e-09 0 2.16545e-09
456206 2.13466e-09 0 2.13466e-09
459399 2.1043e-09 0 2.1043e-09
462615 2.07438e-09 0 2.07438e-09
465853 2.04487e-09 0 2.04487e-09
469114 2.01579e-09 0 2.01579e-09
472398 1.98711e-09 0 1.98711e-09
475705 1.95885e-09 0 1.95885e-09
479035 1.93098e-09 0 1.93098e-09
482388 1.90351e-09 0 1.90351e-09
485765 1.87642e-09 0 1.87642e-09
489165 1.84972e-09 0 1.84972e-09
492589 1.8234e-09 0 1.8234e-09
496037 1.79745e-09 0 1.79745e-09
499510 1.77186e-09 0 1.77186e-09
503006 1.74661e-09 0 1.74661e-09
506527 1.72175e-09 0 1.72175e-09
510073 1.69724e-09 0 1.69724e-09
513644 1.67308e-09 0 1.67308e-09
517239 1.64926e-09 0 1.64926e-09
520860 1.62577e-09 0 1.62577e-09
524506 1.60262e-09 0 1.60262e-09
528177 1.5798e-09 0 1.5798e-09
531875 1.5573e-09 0 1.5573e-09
535598 1.53512e-09 0 1.53512e-09
539347 1.51325e-09 0 1.51325e-09
543122 1.4917e-09 0 1.4917e-09
546924 1.47044e-09 0 1.47044e-09
550753 1.44949e-09 0 1.44949e-09
554608 1.42884e-09 0 1.42884e-09
558490 1.40848e-09 0 1.40848e-09
562400 1.38841e-09 0 1.38841e-09
566336 1.3686e-09 0 1.3686e-09
570301 1.34909e-09 0 1.34909e-09
574293 1.32986e-09 0 1.32986e-09
578313 1.3109e-09 0 1.3109e-09
582361 1.29221e-09 0 1.29221e-09
586438 1.27379e-09 0 1.27379e-09
590543 1.25563e-09 0 1.25563e-09
594676 1.23772e-09 0 1.23772e-09
598839 1.22007e-09 0 1.22007e-09
603031 1.20267e-09 0 1.20267e-09
607252 1.18552e-09 0 1.18552e-09
611503 1.16861e-09 0 1.16861e-09
615784 1.15194e-09 0 1.15194e-09
620094 1.1355e-09 0 1.1355e-09
624435 1.1193e-09 0 1.1193e-09
628806 1.10333e-09 0 1.10333e-09
633207 1.08758e-09 0 1.08758e-09
637640 1.07205e-09 0 1.07205e-09
642103 1.05675e-09 0 1.05675e-09
646598 1.04166e-09 0 1.04166e-09
651124 1.02679e-09 0 1.02679e-09
655682 1.01214e-09 0 1.01214e-09
660272 9.97685e-10 0 9.97685e-10
