6.71669 0.997489 111.702 3.07187e-49
6.76371 0.99724 110.724 8.16695e-49
6.81105 0.996971 109.734 2.19772e-48
6.85873 0.99668 108.748 5.88987e-48
6.90674 0.996366 107.758 1.58354e-47
6.95509 0.996026 106.756 4.31154e-47
7.00377 0.995661 105.746 1.18347e-46
7.0528 0.995269 104.727 3.27841e-46
7.10217 0.994847 103.703 9.12696e-46
7.15189 0.994394 102.672 2.55582e-45
7.20195 0.993909 101.637 7.19646e-45
7.25236 0.99339 100.597 2.0351e-44
7.30313 0.992835 99.5515 5.78365e-44
7.35425 0.992243 98.501 1.65256e-43
7.40573 0.991611 97.4448 4.74881e-43
7.45757 0.990937 96.3834 1.37172e-42
7.50977 0.99022 95.3149 3.99025e-42
7.56234 0.989458 94.2355 1.17343e-41
7.61528 0.988649 93.1468 3.48245e-41
7.66859 0.987791 92.0631 1.0284e-40
7.72227 0.986882 90.9763 3.04629e-40
7.77632 0.985918 89.8791 9.11637e-40
7.83076 0.9849 88.7767 2.74269e-39
7.88557 0.983825 87.6632 8.34242e-39
7.94077 0.982691 86.5561 2.52103e-38
7.99636 0.981495 85.4401 7.6868e-38
8.05233 0.980235 84.3191 2.35513e-37
8.1087 0.97891 83.1902 7.27265e-37
8.16546 0.977518 82.0669 2.23313e-36
8.22261 0.976055 80.9253 6.98331e-36
8.28017 0.974521 79.791 2.16781e-35
8.33813 0.972913 78.6411 6.8339e-35
8.3965 0.971229 77.5 2.13546e-34
8.45528 0.969467 76.3512 6.72405e-34
8.51446 0.967626 75.2021 2.11767e-33
8.57407 0.965703 74.0364 6.78037e-33
8.63408 0.963696 72.8794 2.15194e-32
8.69452 0.961604 71.7204 6.84265e-32
8.75538 0.959422 70.5586 2.18165e-31
8.81667 0.957154 69.3912 6.99464e-31
8.87839 0.954795 68.2171 2.25741e-30
8.94054 0.952345 67.0472 7.25413e-30
9.00312 0.949801 65.871 2.34549e-29
9.06614 0.947162 64.6965 7.57012e-29
9.12961 0.944426 63.5197 2.44861e-28
9.19351 0.941592 62.3405 7.93861e-28
9.25787 0.93866 61.1664 2.56022e-27
9.32267 0.935627 59.9888 8.28519e-27
9.38793 0.932494 58.8054 2.69645e-26
9.45365 0.929258 57.6232 8.76415e-26
9.51982 0.925919 56.4467 2.832e-25
9.58646 0.922477 55.2682 9.16845e-25
9.65357 0.91893 54.0849 2.98211e-24
9.72114 0.915278 52.9125 9.59238e-24
9.78919 0.911515 51.737 3.09495e-23
9.85771 0.907653 50.5619 9.98046e-23
9.92672 0.903684 49.3952 3.19106e-22
9.9962 0.899609 48.2223 1.02651e-21
10.0662 0.895429 47.0581 3.27293e-21
10.1366 0.891142 45.8938 1.04354e-20
10.2076 0.88675 44.7307 3.32268e-20
10.2791 0.882252 43.5827 1.04198e-19
10.351 0.877649 42.4281 3.28889e-19
10.4235 0.872942 41.2776 1.03355e-18
10.4964 0.86813 40.1397 3.20716e-18
10.5699 0.863216 39.008 9.88878e-18
10.6439 0.8582 37.8784 3.04238e-17
10.7184 0.853083 36.7568 9.28389e-17
10.7934 0.847866 35.6419 2.81353e-16
10.869 0.842549 34.5341 8.46467e-16
10.9451 0.837136 33.4345 2.52572e-15
11.0217 0.831618 32.3452 7.4571e-15
11.0988 0.826014 31.2611 2.19008e-14
11.1765 0.820317 30.1854 6.37742e-14
11.2548 0.814529 29.1279 1.82313e-13
11.3335 0.808651 28.0781 5.1714e-13
11.4129 0.802686 27.0385 1.45164e-12
11.4928 0.796636 26.0078 4.03863e-12
11.5732 0.790501 24.9962 1.102e-11
11.6542 0.784286 23.9935 2.98001e-11
11.7358 0.777992 23.0074 7.92478e-11
11.818 0.771621 22.034 2.08044e-10
11.9007 0.765175 21.0776 5.36853e-10
11.984 0.758657 20.1308 1.37193e-09
12.0679 0.75207 19.2093 3.41793e-09
12.1524 0.745416 18.302 8.39381e-09
12.2374 0.738698 17.409 2.03151e-08
12.3231 0.731908 16.5379 4.81007e-08
12.4093 0.725069 15.6854 1.11767e-07
12.4962 0.718175 14.8538 2.54265e-07
12.5837 0.711227 14.0425 5.66773e-07
12.6718 0.704228 13.251 1.23839e-06
12.7605 0.697182 12.4815 2.64667e-06
12.8498 0.690091 11.7339 5.53276e-06
12.9397 0.682958 11.0113 1.12784e-05
13.0303 0.675786 10.3127 2.24421e-05
13.1215 0.668577 9.63753 4.36138e-05
13.2134 0.661336 8.98808 8.25938e-05
13.3059 0.654064 8.36386 0.000152491
13.399 0.646766 7.76563 0.000274269
13.4928 0.639442 7.1915 0.000481473
13.5873 0.632098 6.64451 0.000822452
13.6824 0.624735 6.12442 0.00136739
13.7781 0.617356 5.62956 0.0022164
13.8746 0.609954 5.16255 0.00349325
13.9717 0.602554 4.72069 0.00536817
14.0695 0.595146 4.3048 0.00803665
14.168 0.587735 3.91574 0.0117111
14.2672 0.580322 3.55163 0.0166424
14.367 0.572911 3.21218 0.0230704
14.4676 0.565504 2.89679 0.031216
14.5689 0.558104 2.60499 0.041246
14.6709 0.550713 2.33531 0.0532981
14.7736 0.543335 2.08704 0.0674029
14.877 0.535971 1.86084 0.0833662
14.9811 0.528625 1.65404 0.101113
15.086 0.521298 1.46514 0.120443
15.1916 0.513994 1.29508 0.140771
15.2979 0.506714 1.14044 0.161986
15.405 0.499461 1.00208 0.183359
15.5129 0.492226 0.877659 0.204645
15.6214 0.485034 0.76624 0.225423
15.7308 0.477875 0.667051 0.245255
15.8409 0.470752 0.579078 0.263816
15.9518 0.463666 0.501293 0.280864
16.0635 0.45662 0.432741 0.296222
16.1759 0.449615 0.37252 0.309783
16.2891 0.442654 0.319748 0.321514
16.4032 0.435738 0.273526 0.331462
16.518 0.428868 0.233339 0.339614
16.6336 0.422047 0.198531 0.346051
16.75 0.415276 0.168322 0.350942
16.8673 0.408556 0.142212 0.354397
16.9854 0.40189 0.119954 0.356461
17.1043 0.395277 0.100776 0.357384
17.224 0.388721 0.0843767 0.357268
17.3446 0.382221 0.0704227 0.35623
17.466 0.375771 0.0585792 0.354391
17.5882 0.369389 0.0485563 0.351881
17.7114 0.363068 0.0400982 0.348798
17.8353 0.356808 0.0329697 0.345236
17.9602 0.350611 0.0270376 0.341258
18.0859 0.344477 0.0220479 0.336965
18.2125 0.338407 0.0179428 0.332389
18.34 0.332402 0.0145157 0.327612
18.4684 0.326462 0.0116943 0.322667
18.5976 0.320589 0.00939024 0.317593
18.7278 0.314783 0.00749942 0.312431
18.8589 0.309044 0.00596158 0.307207
18.9909 0.303373 0.00471364 0.301947
19.1239 0.297771 0.00370854 0.296669
19.2577 0.292237 0.00290664 0.291389
19.3925 0.286773 0.00226407 0.286124
19.5283 0.28137 0.0017561 0.280876
19.665 0.276045 0.00135568 0.275671
19.8026 0.270789 0.00103993 0.270508
19.9413 0.265604 0.000793412 0.265394
20.0809 0.260489 0.000603496 0.260332
20.2214 0.255445 0.00045629 0.255328
20.363 0.25047 0.000343213 0.250384
20.5055 0.245566 0.000256665 0.245503
20.649 0.240732 0.000190763 0.240686
20.7936 0.235968 0.000141135 0.235934
20.9391 0.231274 0.000103796 0.23125
21.0857 0.226649 7.57992e-05 0.226632
21.2333 0.222094 5.49325e-05 0.222082
21.382 0.217609 3.94333e-05 0.2176
21.5316 0.213192 2.806e-05 0.213186
21.6824 0.208845 1.97671e-05 0.208841
21.8341 0.204566 1.37603e-05 0.204563
21.987 0.200349 9.44696e-06 0.200347
22.1409 0.196206 6.36499e-06 0.196204
22.2959 0.19213 4.19077e-06 0.192129
22.4519 0.188121 2.68659e-06 0.188121
22.6091 0.184179 1.64943e-06 0.184178
22.7674 0.180302 9.71224e-07 0.180302
22.9267 0.176491 5.26812e-07 0.176491
23.0872 0.172745 2.49746e-07 0.172745
23.2488 0.169063 8.59892e-08 0.169063
23.4116 0.165445 2.21425e-09 0.165445
23.5755 0.161891 0 0.161891
23.7405 0.158399 0 0.158399
23.9067 0.154969 0 0.154969
24.074 0.1516 0 0.1516
24.2425 0.148293 0 0.148293
24.4122 0.145045 0 0.145045
24.5831 0.141853 0 0.141853
24.7552 0.138724 0 0.138724
24.9285 0.135653 0 0.135653
25.103 0.13264 0 0.13264
25.2787 0.129684 0 0.129684
25.4556 0.126784 0 0.126784
25.6338 0.123939 0 0.123939
25.8133 0.121149 0 0.121149
25.994 0.118413 0 0.118413
26.1759 0.115731 0 0.115731
26.3592 0.1131 0 0.1131
26.5437 0.110522 0 0.110522
26.7295 0.107995 0 0.107995
26.9166 0.105518 0 0.105518
27.105 0.103091 0 0.103091
27.2947 0.100713 0 0.100713
27.4858 0.0983831 0 0.0983831
27.6782 0.0960974 0 0.0960974
27.8719 0.093862 0 0.093862
28.067 0.0916726 0 0.0916726
28.2635 0.0895285 0 0.0895285
28.4614 0.087429 0 0.087429
28.6606 0.0853734 0 0.0853734
28.8612 0.083361 0 0.083361
29.0632 0.081391 0 0.081391
29.2667 0.0794628 0 0.0794628
29.4716 0.0775756 0 0.0775756
29.6779 0.0757288 0 0.0757288
29.8856 0.0739217 0 0.0739217
30.0948 0.0721535 0 0.0721535
30.3055 0.0704237 0 0.0704237
30.5176 0.0687314 0 0.0687314
30.7312 0.0670761 0 0.0670761
30.9463 0.0654548 0 0.0654548
31.163 0.0638716 0 0.0638716
31.3811 0.0623234 0 0.0623234
31.6008 0.0608095 0 0.0608095
31.822 0.0593293 0 0.0593293
32.0447 0.0578821 0 0.0578821
32.269 0.0564674 0 0.0564674
32.4949 0.0550846 0 0.0550846
32.7224 0.0537329 0 0.0537329
32.9515 0.0524119 0 0.0524119
33.1821 0.0511208 0 0.0511208
33.4144 0.0498593 0 0.0498593
33.6483 0.0486265 0 0.0486265
33.8838 0.0474221 0 0.0474221
34.121 0.0462454 0 0.0462454
34.3599 0.0450958 0 0.0450958
34.6004 0.0439729 0 0.0439729
34.8426 0.0428745 0 0.0428745
35.0865 0.0418033 0 0.0418033
35.3321 0.0407572 0 0.0407572
35.5794 0.0397355 0 0.0397355
35.8285 0.0387378 0 0.0387378
36.0793 0.0377637 0 0.0377637
36.3318 0.0368125 0 0.0368125
36.5861 0.0358838 0 0.0358838
36.8422 0.0349772 0 0.0349772
37.1001 0.0340922 0 0.0340922
37.3598 0.0332283 0 0.0332283
37.6214 0.0323851 0 0.0323851
37.8847 0.031562 0 0.031562
38.1499 0.0307588 0 0.0307588
38.417 0.0299749 0 0.0299749
38.6859 0.0292099 0 0.0292099
38.9567 0.0284624 0 0.0284624
39.2294 0.0277341 0 0.0277341
39.504 0.0270235 0 0.0270235
39.7805 0.0263302 0 0.0263302
40.059 0.0256539 0 0.0256539
40.3394 0.024994 0 0.024994
40.6218 0.0243504 0 0.0243504
40.9061 0.0237226 0 0.0237226
41.1925 0.0231102 0 0.0231102
41.4808 0.0225129 0 0.0225129
41.7712 0.0219303 0 0.0219303
42.0636 0.0213622 0 0.0213622
42.358 0.0208082 0 0.0208082
42.6545 0.0202679 0 0.0202679
42.9531 0.0197411 0 0.0197411
43.2538 0.0192274 0 0.0192274
43.5565 0.0187266 0 0.0187266
43.8614 0.0182376 0 0.0182376
44.1685 0.0177616 0 0.0177616
44.4776 0.0172975 0 0.0172975
44.789 0.016845 0 0.016845
45.1025 0.016404 0 0.016404
45.4182 0.0159741 0 0.0159741
45.7362 0.0155551 0 0.0155551
46.0563 0.0151466 0 0.0151466
46.3787 0.0147486 0 0.0147486
46.7034 0.0143606 0 0.0143606
47.0303 0.0139825 0 0.0139825
47.3595 0.013614 0 0.013614
47.691 0.0132549 0 0.0132549
48.0248 0.0129049 0 0.0129049
48.361 0.0125639 0 0.0125639
48.6995 0.0122317 0 0.0122317
49.0404 0.0119074 0 0.0119074
49.3837 0.011592 0 0.011592
49.7294 0.0112847 0 0.0112847
50.0775 0.0109853 0 0.0109853
50.4281 0.0106937 0 0.0106937
50.7811 0.0104095 0 0.0104095
51.1365 0.0101327 0 0.0101327
51.4945 0.00986301 0 0.00986301
51.8549 0.00960032 0 0.00960032
52.2179 0.00934445 0 0.00934445
52.5835 0.00909521 0 0.00909521
52.9515 0.00885245 0 0.00885245
53.3222 0.008616 0 0.008616
53.6955 0.00838571 0 0.00838571
54.0713 0.00816142 0 0.00816142
54.4498 0.00794298 0 0.00794298
54.831 0.00773025 0 0.00773025
55.2148 0.00752279 0 0.00752279
55.6013 0.00732106 0 0.00732106
55.9905 0.00712462 0 0.00712462
56.3824 0.00693333 0 0.00693333
56.7771 0.00674706 0 0.00674706
57.1746 0.00656568 0 0.00656568
57.5748 0.00638907 0 0.00638907
57.9778 0.00621712 0 0.00621712
58.3836 0.00604969 0 0.00604969
58.7923 0.00588668 0 0.00588668
59.2039 0.00572797 0 0.00572797
59.6183 0.00557345 0 0.00557345
60.0356 0.00542302 0 0.00542302
60.4559 0.00527657 0 0.00527657
60.8791 0.005134 0 0.005134
61.3052 0.0049952 0 0.0049952
61.7344 0.0048599 0 0.0048599
62.1665 0.00472839 0 0.00472839
62.6017 0.00460038 0 0.00460038
63.0399 0.00447576 0 0.00447576
63.4812 0.00435447 0 0.00435447
63.9255 0.0042364 0 0.0042364
64.373 0.00412148 0 0.00412148
64.8236 0.00400963 0 0.00400963
65.2774 0.00390076 0 0.00390076
65.7343 0.0037948 0 0.0037948
66.1945 0.00369167 0 0.00369167
66.6578 0.0035913 0 0.0035913
67.1244 0.00349361 0 0.00349361
67.5943 0.00339854 0 0.00339854
68.0675 0.00330602 0 0.00330602
68.5439 0.00321598 0 0.00321598
69.0237 0.00312836 0 0.00312836
69.5069 0.00304297 0 0.00304297
69.9935 0.00296 0 0.00296
70.4834 0.00287926 0 0.00287926
70.9768 0.00280069 0 0.00280069
71.4736 0.00272424 0 0.00272424
71.9739 0.00264984 0 0.00264984
72.4778 0.00257745 0 0.00257745
72.9851 0.00250701 0 0.00250701
73.496 0.00243847 0 0.00243847
74.0105 0.00237178 0 0.00237178
74.5285 0.00230689 0 0.00230689
75.0502 0.00224376 0 0.00224376
75.5756 0.00218233 0 0.00218233
76.1046 0.00212257 0 0.00212257
76.6374 0.00206442 0 0.00206442
77.1738 0.00200784 0 0.00200784
77.714 0.00195273 0 0.00195273
78.258 0.00189918 0 0.00189918
78.8058 0.00184709 0 0.00184709
79.3575 0.00179641 0 0.00179641
79.913 0.00174711 0 0.00174711
80.4724 0.00169914 0 0.00169914
81.0357 0.00165248 0 0.00165248
81.6029 0.00160709 0 0.00160709
82.1742 0.00156293 0 0.00156293
82.7494 0.00151997 0 0.00151997
83.3286 0.00147818 0 0.00147818
83.9119 0.00143753 0 0.00143753
84.4993 0.00139798 0 0.00139798
85.0908 0.00135952 0 0.00135952
85.6864 0.0013221 0 0.0013221
86.2862 0.0012857 0 0.0012857
86.8902 0.0012503 0 0.0012503
87.4985 0.00121581 0 0.00121581
88.111 0.00118232 0 0.00118232
88.7277 0.00114974 0 0.00114974
89.3488 0.00111805 0 0.00111805
89.9743 0.00108722 0 0.00108722
90.6041 0.00105724 0 0.00105724
91.2383 0.00102808 0 0.00102808
91.877 0.000999717 0 0.000999717
92.5201 0.00097213 0 0.00097213
93.1678 0.000945298 0 0.000945298
93.8199 0.000919201 0 0.000919201
94.4767 0.00089382 0 0.00089382
95.138 0.000869133 0 0.000869133
95.804 0.000845124 0 0.000845124
96.4746 0.000821773 0 0.000821773
97.1499 0.000799062 0 0.000799062
97.83 0.000776944 0 0.000776944
98.5148 0.000755466 0 0.000755466
99.2044 0.000734577 0 0.000734577
99.8988 0.000714261 0 0.000714261
100.598 0.000694504 0 0.000694504
101.302 0.00067529 0 0.00067529
102.011 0.000656603 0 0.000656603
102.726 0.000638431 0 0.000638431
103.445 0.000620758 0 0.000620758
104.169 0.000603572 0 0.000603572
104.898 0.000586858 0 0.000586858
105.632 0.000570604 0 0.000570604
106.372 0.000554798 0 0.000554798
107.116 0.000539428 0 0.000539428
107.866 0.00052448 0 0.00052448
108.621 0.000509945 0 0.000509945
109.381 0.00049581 0 0.00049581
110.147 0.000482046 0 0.000482046
110.918 0.000468681 0 0.000468681
111.695 0.000455684 0 0.000455684
112.476 0.000443047 0 0.000443047
113.264 0.000430757 0 0.000430757
114.057 0.000418807 0 0.000418807
114.855 0.000407187 0 0.000407187
115.659 0.000395887 0 0.000395887
116.469 0.0003849 0 0.0003849
117.284 0.000374216 0 0.000374216
118.105 0.000363827 0 0.000363827
118.932 0.000353725 0 0.000353725
119.764 0.000343903 0 0.000343903
120.602 0.000334352 0 0.000334352
121.447 0.000325065 0 0.000325065
122.297 0.000316034 0 0.000316034
123.153 0.000307242 0 0.000307242
124.015 0.000298705 0 0.000298705
124.883 0.000290405 0 0.000290405
125.757 0.000282334 0 0.000282334
126.638 0.000274486 0 0.000274486
127.524 0.000266856 0 0.000266856
128.417 0.000259437 0 0.000259437
129.316 0.000252224 0 0.000252224
130.221 0.00024521 0 0.00024521
131.132 0.000238391 0 0.000238391
132.05 0.00023176 0 0.00023176
132.975 0.000225313 0 0.000225313
133.905 0.000219045 0 0.000219045
134.843 0.000212951 0 0.000212951
135.787 0.000207025 0 0.000207025
136.737 0.000201264 0 0.000201264
137.694 0.000195663 0 0.000195663
138.658 0.00019021 0 0.00019021
139.629 0.000184915 0 0.000184915
140.606 0.000179768 0 0.000179768
141.59 0.000174763 0 0.000174763
142.582 0.000169897 0 0.000169897
143.58 0.000165167 0 0.000165167
144.585 0.000160567 0 0.000160567
145.597 0.000156095 0 0.000156095
146.616 0.000151748 0 0.000151748
147.642 0.000147521 0 0.000147521
148.676 0.000143411 0 0.000143411
149.717 0.000139416 0 0.000139416
150.765 0.000135532 0 0.000135532
151.82 0.000131755 0 0.000131755
152.883 0.000128084 0 0.000128084
153.953 0.000124514 0 0.000124514
155.03 0.000121044 0 0.000121044
156.116 0.000117666 0 0.000117666
157.208 0.000114386 0 0.000114386
158.309 0.000111198 0 0.000111198
159.417 0.000108098 0 0.000108098
160.533 0.000105084 0 0.000105084
161.657 0.000102154 0 0.000102154
162.788 9.93059e-05 0 9.93059e-05
163.928 9.65367e-05 0 9.65367e-05
165.075 9.38446e-05 0 9.38446e-05
166.231 9.12274e-05 0 9.12274e-05
167.395 8.8683e-05 0 8.8683e-05
168.566 8.62094e-05 0 8.62094e-05
169.746 8.38047e-05 0 8.38047e-05
170.934 8.14669e-05 0 8.14669e-05
172.131 7.91941e-05 0 7.91941e-05
173.336 7.69847e-05 0 7.69847e-05
174.549 7.48339e-05 0 7.48339e-05
175.771 7.27459e-05 0 7.27459e-05
177.002 7.07161e-05 0 7.07161e-05
178.241 6.87428e-05 0 6.87428e-05
179.488 6.68245e-05 0 6.68245e-05
180.745 6.49596e-05 0 6.49596e-05
182.01 6.31466e-05 0 6.31466e-05
183.284 6.13841e-05 0 6.13841e-05
184.567 5.96708e-05 0 5.96708e-05
185.859 5.80051e-05 0 5.80051e-05
187.16 5.63859e-05 0 5.63859e-05
188.47 5.48118e-05 0 5.48118e-05
189.789 5.32816e-05 0 5.32816e-05
191.118 5.1794e-05 0 5.1794e-05
192.456 5.03479e-05 0 5.03479e-05
193.803 4.89421e-05 0 4.89421e-05
195.159 4.75754e-05 0 4.75754e-05
196.526 4.62452e-05 0 4.62452e-05
197.901 4.49538e-05 0 4.49538e-05
199.287 4.36984e-05 0 4.36984e-05
200.682 4.24781e-05 0 4.24781e-05
202.086 4.12917e-05 0 4.12917e-05
203.501 4.01385e-05 0 4.01385e-05
204.925 3.90174e-05 0 3.90174e-05
206.36 3.79276e-05 0 3.79276e-05
207.804 3.68681e-05 0 3.68681e-05
209.259 3.58382e-05 0 3.58382e-05
210.724 3.48371e-05 0 3.48371e-05
212.199 3.38639e-05 0 3.38639e-05
213.684 3.29178e-05 0 3.29178e-05
215.18 3.19981e-05 0 3.19981e-05
216.686 3.11041e-05 0 3.11041e-05
218.203 3.0235e-05 0 3.0235e-05
219.731 2.93891e-05 0 2.93891e-05
221.269 2.85679e-05 0 2.85679e-05
222.818 2.77697e-05 0 2.77697e-05
224.377 2.69937e-05 0 2.69937e-05
225.948 2.62394e-05 0 2.62394e-05
227.53 2.55061e-05 0 2.55061e-05
229.122 2.47933e-05 0 2.47933e-05
230.726 2.41004e-05 0 2.41004e-05
232.341 2.34268e-05 0 2.34268e-05
233.968 2.27721e-05 0 2.27721e-05
235.605 2.21356e-05 0 2.21356e-05
237.255 2.15169e-05 0 2.15169e-05
238.915 2.09155e-05 0 2.09155e-05
240.588 2.03308e-05 0 2.03308e-05
242.272 1.97625e-05 0 1.97625e-05
243.968 1.921e-05 0 1.921e-05
245.676 1.8673e-05 0 1.8673e-05
247.395 1.81503e-05 0 1.81503e-05
249.127 1.76429e-05 0 1.76429e-05
250.871 1.71497e-05 0 1.71497e-05
252.627 1.66703e-05 0 1.66703e-05
254.396 1.62042e-05 0 1.62042e-05
256.176 1.57512e-05 0 1.57512e-05
257.97 1.53108e-05 0 1.53108e-05
259.775 1.48827e-05 0 1.48827e-05
261.594 1.44666e-05 0 1.44666e-05
263.425 1.40621e-05 0 1.40621e-05
265.269 1.36689e-05 0 1.36689e-05
267.126 1.32867e-05 0 1.32867e-05
268.996 1.29151e-05 0 1.29151e-05
270.879 1.2554e-05 0 1.2554e-05
272.775 1.22029e-05 0 1.22029e-05
274.684 1.18616e-05 0 1.18616e-05
276.607 1.15295e-05 0 1.15295e-05
278.543 1.12071e-05 0 1.12071e-05
280.493 1.08937e-05 0 1.08937e-05
282.456 1.0589e-05 0 1.0589e-05
284.434 1.02929e-05 0 1.02929e-05
286.425 1.0005e-05 0 1.0005e-05
288.43 9.72518e-06 0 9.72518e-06
290.449 9.45318e-06 0 9.45318e-06
292.482 9.18878e-06 0 9.18878e-06
294.529 8.93177e-06 0 8.93177e-06
296.591 8.68195e-06 0 8.68195e-06
298.667 8.43911e-06 0 8.43911e-06
300.758 8.20306e-06 0 8.20306e-06
302.863 7.9736e-06 0 7.9736e-06
304.983 7.75056e-06 0 7.75056e-06
307.118 7.53376e-06 0 7.53376e-06
309.268 7.32301e-06 0 7.32301e-06
311.433 7.1179e-06 0 7.1179e-06
313.613 6.91879e-06 0 6.91879e-06
315.808 6.72525e-06 0 6.72525e-06
318.019 6.53712e-06 0 6.53712e-06
320.245 6.35425e-06 0 6.35425e-06
322.486 6.17649e-06 0 6.17649e-06
324.744 6.0037e-06 0 6.0037e-06
327.017 5.83575e-06 0 5.83575e-06
329.306 5.67249e-06 0 5.67249e-06
331.611 5.51379e-06 0 5.51379e-06
333.933 5.35953e-06 0 5.35953e-06
336.27 5.20958e-06 0 5.20958e-06
338.624 5.06383e-06 0 5.06383e-06
340.994 4.92216e-06 0 4.92216e-06
343.381 4.78444e-06 0 4.78444e-06
345.785 4.65058e-06 0 4.65058e-06
348.206 4.52029e-06 0 4.52029e-06
350.643 4.39382e-06 0 4.39382e-06
353.097 4.27089e-06 0 4.27089e-06
355.569 4.15139e-06 0 4.15139e-06
358.058 4.03524e-06 0 4.03524e-06
360.565 3.92234e-06 0 3.92234e-06
363.088 3.81259e-06 0 3.81259e-06
365.63 3.70591e-06 0 3.70591e-06
368.19 3.60222e-06 0 3.60222e-06
370.767 3.50142e-06 0 3.50142e-06
373.362 3.40345e-06 0 3.40345e-06
375.976 3.30821e-06 0 3.30821e-06
378.608 3.21564e-06 0 3.21564e-06
381.258 3.12566e-06 0 3.12566e-06
383.927 3.0382e-06 0 3.0382e-06
386.614 2.95318e-06 0 2.95318e-06
389.32 2.87054e-06 0 2.87054e-06
392.046 2.79011e-06 0 2.79011e-06
394.79 2.71204e-06 0 2.71204e-06
397.553 2.63615e-06 0 2.63615e-06
400.336 2.56238e-06 0 2.56238e-06
403.139 2.49068e-06 0 2.49068e-06
405.961 2.42098e-06 0 2.42098e-06
408.802 2.35323e-06 0 2.35323e-06
411.664 2.28738e-06 0 2.28738e-06
414.546 2.22337e-06 0 2.22337e-06
417.448 2.16115e-06 0 2.16115e-06
420.37 2.10067e-06 0 2.10067e-06
423.312 2.04188e-06 0 2.04188e-06
426.275 1.98474e-06 0 1.98474e-06
429.259 1.92919e-06 0 1.92919e-06
432.264 1.8752e-06 0 1.8752e-06
435.29 1.82272e-06 0 1.82272e-06
438.337 1.77165e-06 0 1.77165e-06
441.405 1.72207e-06 0 1.72207e-06
444.495 1.67387e-06 0 1.67387e-06
447.607 1.62703e-06 0 1.62703e-06
450.74 1.5815e-06 0 1.5815e-06
453.895 1.53724e-06 0 1.53724e-06
457.072 1.49422e-06 0 1.49422e-06
460.272 1.4524e-06 0 1.4524e-06
463.494 1.41175e-06 0 1.41175e-06
466.738 1.37224e-06 0 1.37224e-06
470.005 1.33384e-06 0 1.33384e-06
473.295 1.2965e-06 0 1.2965e-06
476.609 1.26022e-06 0 1.26022e-06
479.945 1.22495e-06 0 1.22495e-06
483.304 1.19067e-06 0 1.19067e-06
486.688 1.15734e-06 0 1.15734e-06
490.094 1.12495e-06 0 1.12495e-06
493.525 1.09342e-06 0 1.09342e-06
496.98 1.06282e-06 0 1.06282e-06
500.459 1.03308e-06 0 1.03308e-06
503.962 1.00416e-06 0 1.00416e-06
507.489 9.76061e-07 0 9.76061e-07
511.042 9.48743e-07 0 9.48743e-07
514.619 9.2219e-07 0 9.2219e-07
518.222 8.9638e-07 0 8.9638e-07
521.849 8.71292e-07 0 8.71292e-07
525.502 8.46906e-07 0 8.46906e-07
529.181 8.23202e-07 0 8.23202e-07
532.885 8.00162e-07 0 8.00162e-07
536.615 7.77766e-07 0 7.77766e-07
540.371 7.55998e-07 0 7.55998e-07
544.154 7.34838e-07 0 7.34838e-07
547.963 7.14271e-07 0 7.14271e-07
551.799 6.94253e-07 0 6.94253e-07
555.661 6.74822e-07 0 6.74822e-07
559.551 6.55936e-07 0 6.55936e-07
563.468 6.37577e-07 0 6.37577e-07
567.412 6.19733e-07 0 6.19733e-07
571.384 6.02387e-07 0 6.02387e-07
575.384 5.85527e-07 0 5.85527e-07
579.411 5.69139e-07 0 5.69139e-07
583.467 5.5321e-07 0 5.5321e-07
587.551 5.37726e-07 0 5.37726e-07
591.664 5.22675e-07 0 5.22675e-07
595.806 5.08046e-07 0 5.08046e-07
599.977 4.93826e-07 0 4.93826e-07
604.176 4.80004e-07 0 4.80004e-07
608.406 4.66569e-07 0 4.66569e-07
612.665 4.5351e-07 0 4.5351e-07
616.953 4.40817e-07 0 4.40817e-07
621.272 4.28463e-07 0 4.28463e-07
625.621 4.16471e-07 0 4.16471e-07
630 4.04815e-07 0 4.04815e-07
634.41 3.93484e-07 0 3.93484e-07
638.851 3.82471e-07 0 3.82471e-07
643.323 3.71766e-07 0 3.71766e-07
647.826 3.61361e-07 0 3.61361e-07
652.361 3.51247e-07 0 3.51247e-07
656.928 3.41416e-07 0 3.41416e-07
661.526 3.3186e-07 0 3.3186e-07
666.157 3.22571e-07 0 3.22571e-07
670.82 3.13543e-07 0 3.13543e-07
675.516 3.04767e-07 0 3.04767e-07
680.244 2.96237e-07 0 2.96237e-07
685.006 2.87945e-07 0 2.87945e-07
689.801 2.79886e-07 0 2.79886e-07
694.629 2.72042e-07 0 2.72042e-07
699.492 2.64428e-07 0 2.64428e-07
704.388 2.57027e-07 0 2.57027e-07
709.319 2.49833e-07 0 2.49833e-07
714.284 2.42841e-07 0 2.42841e-07
719.284 2.36044e-07 0 2.36044e-07
724.319 2.29437e-07 0 2.29437e-07
729.39 2.23016e-07 0 2.23016e-07
734.495 2.16774e-07 0 2.16774e-07
739.637 2.10706e-07 0 2.10706e-07
744.814 2.04809e-07 0 2.04809e-07
750.028 1.99076e-07 0 1.99076e-07
755.278 1.93504e-07 0 1.93504e-07
760.565 1.88088e-07 0 1.88088e-07
765.889 1.82824e-07 0 1.82824e-07
771.25 1.77707e-07 0 1.77707e-07
776.649 1.72733e-07 0 1.72733e-07
782.085 1.67892e-07 0 1.67892e-07
787.56 1.63193e-07 0 1.63193e-07
793.073 1.58626e-07 0 1.58626e-07
798.625 1.54186e-07 0 1.54186e-07
804.215 1.49871e-07 0 1.49871e-07
809.844 1.45676e-07 0 1.45676e-07
815.513 1.41599e-07 0 1.41599e-07
821.222 1.37636e-07 0 1.37636e-07
826.97 1.33784e-07 0 1.33784e-07
832.759 1.30039e-07 0 1.30039e-07
838.589 1.264e-07 0 1.264e-07
844.459 1.22862e-07 0 1.22862e-07
850.37 1.19423e-07 0 1.19423e-07
856.322 1.16081e-07 0 1.16081e-07
862.317 1.12832e-07 0 1.12832e-07
868.353 1.09674e-07 0 1.09674e-07
874.431 1.066e-07 0 1.066e-07
880.552 1.03617e-07 0 1.03617e-07
886.716 1.00717e-07 0 1.00717e-07
892.923 9.7898e-08 0 9.7898e-08
899.174 9.51581e-08 0 9.51581e-08
905.468 9.24948e-08 0 9.24948e-08
911.806 8.99061e-08 0 8.99061e-08
918.189 8.73899e-08 0 8.73899e-08
924.616 8.4944e-08 0 8.4944e-08
931.089 8.25666e-08 0 8.25666e-08
937.606 8.02558e-08 0 8.02558e-08
944.169 7.80096e-08 0 7.80096e-08
950.779 7.58263e-08 0 7.58263e-08
957.434 7.37041e-08 0 7.37041e-08
964.136 7.16412e-08 0 7.16412e-08
970.885 6.96362e-08 0 6.96362e-08
977.681 6.76872e-08 0 6.76872e-08
984.525 6.57904e-08 0 6.57904e-08
991.417 6.39492e-08 0 6.39492e-08
998.357 6.21595e-08 0 6.21595e-08
1005.35 6.04199e-08 0 6.04199e-08
1012.38 5.87289e-08 0 5.87289e-08
1019.47 5.70853e-08 0 5.70853e-08
1026.61 5.54877e-08 0 5.54877e-08
1033.79 5.39347e-08 0 5.39347e-08
1041.03 5.24253e-08 0 5.24253e-08
1048.32 5.09581e-08 0 5.09581e-08
1055.65 4.95319e-08 0 4.95319e-08
1063.04 4.81457e-08 0 4.81457e-08
1070.48 4.67982e-08 0 4.67982e-08
1077.98 4.54885e-08 0 4.54885e-08
1085.52 4.42154e-08 0 4.42154e-08
1093.12 4.29779e-08 0 4.29779e-08
1100.77 4.17736e-08 0 4.17736e-08
1108.48 4.06046e-08 0 4.06046e-08
1116.24 3.94682e-08 0 3.94682e-08
1124.05 3.83637e-08 0 3.83637e-08
1131.92 3.72901e-08 0 3.72901e-08
1139.84 3.62465e-08 0 3.62465e-08
1147.82 3.52321e-08 0 3.52321e-08
1155.86 3.42461e-08 0 3.42461e-08
1163.95 3.32877e-08 0 3.32877e-08
1172.1 3.23561e-08 0 3.23561e-08
1180.3 3.14506e-08 0 3.14506e-08
1188.56 3.05704e-08 0 3.05704e-08
1196.88 2.97149e-08 0 2.97149e-08
1205.26 2.88833e-08 0 2.88833e-08
1213.7 2.8075e-08 0 2.8075e-08
1222.19 2.72893e-08 0 2.72893e-08
1230.75 2.65256e-08 0 2.65256e-08
1239.37 2.57823e-08 0 2.57823e-08
1248.04 2.50608e-08 0 2.50608e-08
1256.78 2.43595e-08 0 2.43595e-08
1265.57 2.36778e-08 0 2.36778e-08
1274.43 2.30152e-08 0 2.30152e-08
1283.35 2.23711e-08 0 2.23711e-08
1292.34 2.17451e-08 0 2.17451e-08
1301.38 2.11366e-08 0 2.11366e-08
1310.49 2.05451e-08 0 2.05451e-08
1319.67 1.99701e-08 0 1.99701e-08
1328.91 1.94113e-08 0 1.94113e-08
1338.21 1.8868e-08 0 1.8868e-08
1347.57 1.834e-08 0 1.834e-08
1357.01 1.78268e-08 0 1.78268e-08
1366.51 1.73279e-08 0 1.73279e-08
1376.07 1.6843e-08 0 1.6843e-08
1385.71 1.63711e-08 0 1.63711e-08
1395.41 1.5913e-08 0 1.5913e-08
1405.17 1.54677e-08 0 1.54677e-08
1415.01 1.50348e-08 0 1.50348e-08
1424.91 1.46141e-08 0 1.46141e-08
1434.89 1.42052e-08 0 1.42052e-08
1444.93 1.38076e-08 0 1.38076e-08
1455.05 1.34213e-08 0 1.34213e-08
1465.23 1.30457e-08 0 1.30457e-08
1475.49 1.26806e-08 0 1.26806e-08
1485.82 1.23258e-08 0 1.23258e-08
1496.22 1.19809e-08 0 1.19809e-08
1506.69 1.16456e-08 0 1.16456e-08
1517.24 1.13197e-08 0 1.13197e-08
1527.86 1.10029e-08 0 1.10029e-08
1538.55 1.0695e-08 0 1.0695e-08
1549.32 1.03958e-08 0 1.03958e-08
1560.17 1.01045e-08 0 1.01045e-08
1571.09 9.82176e-09 0 9.82176e-09
1582.09 9.54693e-09 0 9.54693e-09
1593.16 9.27978e-09 0 9.27978e-09
1604.32 9.02012e-09 0 9.02012e-09
1615.55 8.76771e-09 0 8.76771e-09
1626.85 8.52237e-09 0 8.52237e-09
1638.24 8.2839e-09 0 8.2839e-09
1649.71 8.0521e-09 0 8.0521e-09
1661.26 7.82678e-09 0 7.82678e-09
1672.89 7.60777e-09 0 7.60777e-09
1684.6 7.39489e-09 0 7.39489e-09
1696.39 7.18796e-09 0 7.18796e-09
1708.26 6.98683e-09 0 6.98683e-09
1720.22 6.79132e-09 0 6.79132e-09
1732.26 6.60129e-09 0 6.60129e-09
1744.39 6.41634e-09 0 6.41634e-09
1756.6 6.23681e-09 0 6.23681e-09
1768.9 6.0623e-09 0 6.0623e-09
1781.28 5.89267e-09 0 5.89267e-09
1793.75 5.72779e-09 0 5.72779e-09
1806.3 5.56752e-09 0 5.56752e-09
1818.95 5.41174e-09 0 5.41174e-09
1831.68 5.26031e-09 0 5.26031e-09
1844.5 5.11312e-09 0 5.11312e-09
1857.41 4.97005e-09 0 4.97005e-09
1870.42 4.83099e-09 0 4.83099e-09
1883.51 4.69581e-09 0 4.69581e-09
1896.69 4.56442e-09 0 4.56442e-09
1909.97 4.4367e-09 0 4.4367e-09
1923.34 4.31256e-09 0 4.31256e-09
1936.8 4.19189e-09 0 4.19189e-09
1950.36 4.07459e-09 0 4.07459e-09
1964.01 3.96045e-09 0 3.96045e-09
1977.76 3.84964e-09 0 3.84964e-09
1991.61 3.74193e-09 0 3.74193e-09
2005.55 3.63723e-09 0 3.63723e-09
2019.59 3.53546e-09 0 3.53546e-09
2033.72 3.43654e-09 0 3.43654e-09
2047.96 3.34039e-09 0 3.34039e-09
2062.29 3.24692e-09 0 3.24692e-09
2076.73 3.15608e-09 0 3.15608e-09
2091.27 3.06777e-09 0 3.06777e-09
2105.91 2.98193e-09 0 2.98193e-09
2120.65 2.8985e-09 0 2.8985e-09
2135.49 2.8174e-09 0 2.8174e-09
2150.44 2.73857e-09 0 2.73857e-09
2165.49 2.66195e-09 0 2.66195e-09
2180.65 2.58747e-09 0 2.58747e-09
2195.92 2.51498e-09 0 2.51498e-09
2211.29 2.44462e-09 0 2.44462e-09
2226.77 2.37622e-09 0 2.37622e-09
2242.35 2.30974e-09 0 2.30974e-09
2258.05 2.24512e-09 0 2.24512e-09
2273.86 2.1823e-09 0 2.1823e-09
2289.77 2.12124e-09 0 2.12124e-09
2305.8 2.06189e-09 0 2.06189e-09
2321.94 2.00421e-09 0 2.00421e-09
2338.2 1.94813e-09 0 1.94813e-09
2354.56 1.89363e-09 0 1.89363e-09
2371.05 1.84064e-09 0 1.84064e-09
2387.64 1.78915e-09 0 1.78915e-09
2404.36 1.73909e-09 0 1.73909e-09
2421.19 1.69043e-09 0 1.69043e-09
2438.14 1.64314e-09 0 1.64314e-09
2455.2 1.59716e-09 0 1.59716e-09
2472.39 1.55242e-09 0 1.55242e-09
2489.7 1.50899e-09 0 1.50899e-09
2507.12 1.46677e-09 0 1.46677e-09
2524.67 1.42574e-09 0 1.42574e-09
2542.35 1.38585e-09 0 1.38585e-09
2560.14 1.34708e-09 0 1.34708e-09
2578.06 1.30939e-09 0 1.30939e-09
2596.11 1.27276e-09 0 1.27276e-09
2614.28 1.23715e-09 0 1.23715e-09
2632.58 1.20254e-09 0 1.20254e-09
2651.01 1.16889e-09 0 1.16889e-09
2669.57 1.13619e-09 0 1.13619e-09
2688.26 1.1044e-09 0 1.1044e-09
2707.07 1.07351e-09 0 1.07351e-09
2726.02 1.04347e-09 0 1.04347e-09
2745.1 1.01428e-09 0 1.01428e-09
2764.32 9.85867e-10 0 9.85867e-10
