6.71669 0.998389 111.702 3.07464e-49
6.76371 0.998218 110.724 8.17496e-49
6.81105 0.998032 109.734 2.20006e-48
6.85873 0.997829 108.748 5.89666e-48
6.90674 0.997609 107.758 1.58552e-47
6.95509 0.997371 106.756 4.31736e-47
7.00377 0.997112 105.746 1.18519e-46
7.0528 0.996833 104.727 3.28357e-46
7.10217 0.996531 103.703 9.1424e-46
7.15189 0.996205 102.672 2.56047e-45
7.20195 0.995853 101.637 7.21053e-45
7.25236 0.995475 100.597 2.03937e-44
7.30313 0.995068 99.5515 5.79666e-44
7.35425 0.994632 98.501 1.65653e-43
7.40573 0.994164 97.4448 4.76103e-43
7.45757 0.993661 96.3834 1.37549e-42
7.50977 0.993125 95.3149 4.00195e-42
7.56234 0.992552 94.2355 1.1771e-41
7.61528 0.99194 93.1468 3.49404e-41
7.66859 0.991288 92.0631 1.03204e-40
7.72227 0.990594 90.9763 3.05775e-40
7.77632 0.989855 89.8791 9.15277e-40
7.83076 0.98907 88.7767 2.7543e-39
7.88557 0.988238 87.6632 8.37983e-39
7.94077 0.987355 86.5561 2.53299e-38
7.99636 0.98642 85.4401 7.72537e-38
8.05233 0.98543 84.3191 2.36761e-37
8.1087 0.984385 83.1902 7.31332e-37
8.16546 0.983281 82.0669 2.2463e-36
8.22261 0.982117 80.9253 7.02668e-36
8.28017 0.98089 79.791 2.18198e-35
8.33813 0.979597 78.6411 6.88084e-35
8.3965 0.978239 77.5 2.15087e-34
8.45528 0.976812 76.3512 6.77499e-34
8.51446 0.975315 75.2021 2.1345e-33
8.57407 0.973745 74.0364 6.83683e-33
8.63408 0.9721 72.8794 2.17071e-32
8.69452 0.970378 71.7204 6.90508e-32
8.75538 0.968577 70.5586 2.20247e-31
8.81667 0.966696 69.3912 7.06437e-31
8.87839 0.964732 68.2171 2.2809e-30
8.94054 0.962684 67.0472 7.33288e-30
9.00312 0.960549 65.871 2.37204e-29
9.06614 0.958326 64.6965 7.65936e-29
9.12961 0.956014 63.5197 2.47865e-28
9.19351 0.953611 62.3405 8.03994e-28
9.25787 0.951114 61.1664 2.59419e-27
9.32267 0.948523 59.9888 8.39938e-27
9.38793 0.945832 58.8054 2.73502e-26
9.45365 0.943049 57.6232 8.89422e-26
9.51982 0.940167 56.4467 2.87558e-25
9.58646 0.937185 55.2682 9.31464e-25
9.65357 0.934103 54.0849 3.03135e-24
9.72114 0.930919 52.9125 9.7563e-24
9.78919 0.927632 51.737 3.14967e-23
9.85771 0.924242 50.5619 1.01629e-22
9.92672 0.920748 49.3952 3.25131e-22
9.9962 0.91715 48.2223 1.04653e-21
10.0662 0.913446 47.0581 3.33878e-21
10.1366 0.909637 45.8938 1.0652e-20
10.2076 0.905722 44.7307 3.39377e-20
10.2791 0.9017 43.5827 1.06495e-19
10.351 0.897573 42.4281 3.36355e-19
10.4235 0.89334 41.2776 1.0577e-18
10.4964 0.888994 40.1397 3.28424e-18
10.5699 0.884549 39.008 1.01332e-17
10.6439 0.879999 37.8784 3.11966e-17
10.7184 0.875344 36.7568 9.52615e-17
10.7934 0.870585 35.6419 2.88892e-16
10.869 0.865723 34.5341 8.69748e-16
10.9451 0.860758 33.4345 2.59699e-15
11.0217 0.855691 32.3452 7.67297e-15
11.0988 0.850524 31.2611 2.25507e-14
11.1765 0.845257 30.1854 6.57131e-14
11.2548 0.839892 29.1279 1.8799e-13
11.3335 0.834431 28.0781 5.33627e-13
11.4129 0.828873 27.0385 1.499e-12
11.4928 0.823223 26.0078 4.17342e-12
11.5732 0.81748 24.9962 1.1396e-11
11.6542 0.811646 23.9935 3.08397e-11
11.7358 0.805724 23.0074 8.20727e-11
11.818 0.799707 22.034 2.15617e-10
11.9007 0.793614 21.0776 5.56806e-10
11.984 0.787439 20.1308 1.42398e-09
12.0679 0.781184 19.2093 3.55024e-09
12.1524 0.774851 18.302 8.72526e-09
12.2374 0.768442 17.409 2.11331e-08
12.3231 0.76196 16.5379 5.00757e-08
12.4093 0.755407 15.6854 1.16444e-07
12.4962 0.748786 14.8538 2.65102e-07
12.5837 0.742099 14.0425 5.91375e-07
12.6718 0.735349 13.251 1.29312e-06
12.7605 0.728539 12.4815 2.76571e-06
12.8498 0.721671 11.7339 5.78596e-06
12.9397 0.714749 11.0113 1.18034e-05
13.0303 0.707774 10.3127 2.35044e-05
13.1215 0.700751 9.63753 4.57126e-05
13.2134 0.69367 8.98808 8.6632e-05
13.3059 0.686557 8.36386 0.000160066
13.399 0.679404 7.76563 0.000288109
13.4928 0.672213 7.1915 0.000506148
13.5873 0.664987 6.64451 0.000865245
13.6824 0.65773 6.12442 0.00143961
13.7781 0.650443 5.62956 0.00233518
13.8746 0.643131 5.16255 0.00368326
13.9717 0.635797 4.72069 0.00566433
14.0695 0.628442 4.3048 0.00848626
14.168 0.62107 3.91574 0.0123753
14.2672 0.613684 3.55163 0.0175991
14.367 0.606287 3.21218 0.0244144
14.4676 0.598882 2.89679 0.0330585
14.5689 0.591471 2.60499 0.0437119
14.6709 0.584057 2.33531 0.0565251
14.7736 0.576643 2.08704 0.0715349
14.877 0.569222 1.86084 0.0885381
14.9811 0.561817 1.65404 0.107462
15.086 0.554421 1.46514 0.128096
15.1916 0.547035 1.29508 0.14982
15.2979 0.539663 1.14044 0.172519
15.405 0.532307 1.00208 0.195417
15.5129 0.52497 0.877659 0.218259
15.6214 0.517653 0.76624 0.240583
15.7308 0.51036 0.667051 0.261927
15.8409 0.503092 0.579078 0.28194
15.9518 0.495853 0.501293 0.300361
16.0635 0.488643 0.432741 0.316997
16.1759 0.481466 0.37252 0.331728
16.2891 0.474324 0.319748 0.344517
16.4032 0.467218 0.273526 0.355409
16.518 0.460151 0.233339 0.364387
16.6336 0.453114 0.198531 0.371523
16.75 0.44613 0.168322 0.377016
16.8673 0.43919 0.142212 0.38097
16.9854 0.432296 0.119954 0.38343
17.1043 0.42545 0.100776 0.384664
17.224 0.418653 0.0843767 0.384778
17.3446 0.411907 0.0704227 0.383897
17.466 0.405213 0.0585792 0.382158
17.5882 0.398573 0.0485563 0.379682
17.7114 0.391988 0.0400982 0.376581
17.8353 0.385459 0.0329697 0.372958
17.9602 0.378988 0.0270376 0.368878
18.0859 0.372575 0.0220479 0.364451
18.2125 0.366223 0.0179428 0.35971
18.34 0.359931 0.0145157 0.354744
18.4684 0.353701 0.0116943 0.349589
18.5976 0.347535 0.00939024 0.344287
18.7278 0.341423 0.00749942 0.338872
18.8589 0.335385 0.00596158 0.333391
18.9909 0.329412 0.00471364 0.327863
19.1239 0.323505 0.00370854 0.322308
19.2577 0.317665 0.00290664 0.316743
19.3925 0.311892 0.00226407 0.311187
19.5283 0.306187 0.0017561 0.30565
19.665 0.30055 0.00135568 0.300143
19.8026 0.294981 0.00103993 0.294675
19.9413 0.289482 0.000793412 0.289252
20.0809 0.284052 0.000603496 0.28388
20.2214 0.278691 0.00045629 0.278564
20.363 0.2734 0.000343213 0.273306
20.5055 0.268179 0.000256665 0.26811
20.649 0.263029 0.000190763 0.262978
20.7936 0.257948 0.000141135 0.257912
20.9391 0.25293 0.000103796 0.252904
21.0857 0.247991 7.57992e-05 0.247972
21.2333 0.243121 5.49325e-05 0.243108
21.382 0.238322 3.94333e-05 0.238313
21.5316 0.233593 2.806e-05 0.233586
21.6824 0.228933 1.97671e-05 0.228929
21.8341 0.224344 1.37603e-05 0.224341
21.987 0.219824 9.44696e-06 0.219821
22.1409 0.215373 6.36499e-06 0.215371
22.2959 0.21099 4.19077e-06 0.21099
22.4519 0.206677 2.68659e-06 0.206676
22.6091 0.202432 1.64943e-06 0.202431
22.7674 0.198255 9.71224e-07 0.198254
22.9267 0.194145 5.26812e-07 0.194145
23.0872 0.190102 2.49746e-07 0.190102
23.2488 0.186126 8.59892e-08 0.186126
23.4116 0.182217 2.21425e-09 0.182217
23.5755 0.178367 0 0.178367
23.7405 0.174588 0 0.174588
23.9067 0.170875 0 0.170875
24.074 0.167225 0 0.167225
24.2425 0.163639 0 0.163639
24.4122 0.160116 0 0.160116
24.5831 0.156655 0 0.156655
24.7552 0.153256 0 0.153256
24.9285 0.149918 0 0.149918
25.103 0.14664 0 0.14664
25.2787 0.143423 0 0.143423
25.4556 0.140265 0 0.140265
25.6338 0.137165 0 0.137165
25.8133 0.134123 0 0.134123
25.994 0.131138 0 0.131138
26.1759 0.12821 0 0.12821
26.3592 0.125333 0 0.125333
26.5437 0.122516 0 0.122516
26.7295 0.119754 0 0.119754
26.9166 0.117044 0 0.117044
27.105 0.114388 0 0.114388
27.2947 0.111784 0 0.111784
27.4858 0.109232 0 0.109232
27.6782 0.10673 0 0.10673
27.8719 0.104279 0 0.104279
28.067 0.101876 0 0.101876
28.2635 0.0995224 0 0.0995224
28.4614 0.0972166 0 0.0972166
28.6606 0.0949578 0 0.0949578
28.8612 0.0927454 0 0.0927454
29.0632 0.0905788 0 0.0905788
29.2667 0.0884571 0 0.0884571
29.4716 0.0863796 0 0.0863796
29.6779 0.0843428 0 0.0843428
29.8856 0.0823519 0 0.0823519
30.0948 0.0804032 0 0.0804032
30.3055 0.0784958 0 0.0784958
30.5176 0.0766291 0 0.0766291
30.7312 0.0748024 0 0.0748024
30.9463 0.0730151 0 0.0730151
31.163 0.0712664 0 0.0712664
31.3811 0.0695556 0 0.0695556
31.6008 0.0678822 0 0.0678822
31.822 0.0662453 0 0.0662453
32.0447 0.0646445 0 0.0646445
32.269 0.0630789 0 0.0630789
32.4949 0.061548 0 0.061548
32.7224 0.0600511 0 0.0600511
32.9515 0.0585876 0 0.0585876
33.1821 0.0571548 0 0.0571548
33.4144 0.0557563 0 0.0557563
33.6483 0.0543893 0 0.0543893
33.8838 0.0530533 0 0.0530533
34.121 0.0517476 0 0.0517476
34.3599 0.0504716 0 0.0504716
34.6004 0.0492247 0 0.0492247
34.8426 0.0480064 0 0.0480064
35.0865 0.0468161 0 0.0468161
35.3321 0.0456533 0 0.0456533
35.5794 0.0445174 0 0.0445174
35.8285 0.0434077 0 0.0434077
36.0793 0.042324 0 0.042324
36.3318 0.0412655 0 0.0412655
36.5861 0.0402317 0 0.0402317
36.8422 0.0392222 0 0.0392222
37.1001 0.0382365 0 0.0382365
37.3598 0.0372726 0 0.0372726
37.6214 0.036333 0 0.036333
37.8847 0.0354157 0 0.0354157
38.1499 0.0345201 0 0.0345201
38.417 0.0336459 0 0.0336459
38.6859 0.0327926 0 0.0327926
38.9567 0.0319597 0 0.0319597
39.2294 0.0311468 0 0.0311468
39.504 0.0303535 0 0.0303535
39.7805 0.0295793 0 0.0295793
40.059 0.0288238 0 0.0288238
40.3394 0.0280866 0 0.0280866
40.6218 0.0273674 0 0.0273674
40.9061 0.0266656 0 0.0266656
41.1925 0.0259809 0 0.0259809
41.4808 0.025313 0 0.025313
41.7712 0.0246605 0 0.0246605
42.0636 0.024025 0 0.024025
42.358 0.0234051 0 0.0234051
42.6545 0.0228005 0 0.0228005
42.9531 0.0222108 0 0.0222108
43.2538 0.0216357 0 0.0216357
43.5565 0.0210748 0 0.0210748
43.8614 0.0205279 0 0.0205279
44.1685 0.0199945 0 0.0199945
44.4776 0.0194745 0 0.0194745
44.789 0.0189674 0 0.0189674
45.1025 0.018473 0 0.018473
45.4182 0.017991 0 0.017991
45.7362 0.0175211 0 0.0175211
46.0563 0.017063 0 0.017063
46.3787 0.0166164 0 0.0166164
46.7034 0.0161811 0 0.0161811
47.0303 0.0157561 0 0.0157561
47.3595 0.0153426 0 0.0153426
47.691 0.0149395 0 0.0149395
48.0248 0.0145466 0 0.0145466
48.361 0.0141637 0 0.0141637
48.6995 0.0137906 0 0.0137906
49.0404 0.0134269 0 0.0134269
49.3837 0.0130726 0 0.0130726
49.7294 0.0127273 0 0.0127273
50.0775 0.0123908 0 0.0123908
50.4281 0.0120629 0 0.0120629
50.7811 0.0117435 0 0.0117435
51.1365 0.0114322 0 0.0114322
51.4945 0.011129 0 0.011129
51.8549 0.0108336 0 0.0108336
52.2179 0.0105457 0 0.0105457
52.5835 0.010265 0 0.010265
52.9515 0.00999185 0 0.00999185
53.3222 0.00972581 0 0.00972581
53.6955 0.00946666 0 0.00946666
54.0713 0.00921423 0 0.00921423
54.4498 0.00896835 0 0.00896835
54.831 0.00872887 0 0.00872887
55.2148 0.00849562 0 0.00849562
55.6013 0.00826844 0 0.00826844
55.9905 0.00804719 0 0.00804719
56.3824 0.00783171 0 0.00783171
56.7771 0.00762187 0 0.00762187
57.1746 0.00741752 0 0.00741752
57.5748 0.00721852 0 0.00721852
57.9778 0.00702473 0 0.00702473
58.3836 0.00683603 0 0.00683603
58.7923 0.00665229 0 0.00665229
59.2039 0.00647313 0 0.00647313
59.6183 0.00629894 0 0.00629894
60.0356 0.00612934 0 0.00612934
60.4559 0.00596421 0 0.00596421
60.8791 0.00580344 0 0.00580344
61.3052 0.00564692 0 0.00564692
61.7344 0.00549453 0 0.00549453
62.1665 0.00534617 0 0.00534617
62.6017 0.00520174 0 0.00520174
63.0399 0.00506114 0 0.00506114
63.4812 0.00492427 0 0.00492427
63.9255 0.00479103 0 0.00479103
64.373 0.00466133 0 0.00466133
64.8236 0.00453508 0 0.00453508
65.2774 0.00441218 0 0.00441218
65.7343 0.00429256 0 0.00429256
66.1945 0.00417596 0 0.00417596
66.6578 0.00406265 0 0.00406265
67.1244 0.00395235 0 0.00395235
67.5943 0.003845 0 0.003845
68.0675 0.00374052 0 0.00374052
68.5439 0.00363884 0 0.00363884
69.0237 0.00353987 0 0.00353987
69.5069 0.00344355 0 0.00344355
69.9935 0.00334982 0 0.00334982
70.4834 0.00325859 0 0.00325859
70.9768 0.00316982 0 0.00316982
71.4736 0.00308343 0 0.00308343
71.9739 0.00299936 0 0.00299936
72.4778 0.00291754 0 0.00291754
72.9851 0.00283793 0 0.00283793
73.496 0.00276046 0 0.00276046
74.0105 0.00268508 0 0.00268508
74.5285 0.00261163 0 0.00261163
75.0502 0.00254026 0 0.00254026
75.5756 0.00247082 0 0.00247082
76.1046 0.00240325 0 0.00240325
76.6374 0.00233751 0 0.00233751
77.1738 0.00227354 0 0.00227354
77.714 0.0022113 0 0.0022113
78.258 0.00215075 0 0.00215075
78.8058 0.00209183 0 0.00209183
79.3575 0.00203451 0 0.00203451
79.913 0.00197874 0 0.00197874
80.4724 0.00192448 0 0.00192448
81.0357 0.0018717 0 0.0018717
81.6029 0.00182034 0 0.00182034
82.1742 0.00177038 0 0.00177038
82.7494 0.00172178 0 0.00172178
83.3286 0.00167443 0 0.00167443
83.9119 0.00162843 0 0.00162843
84.4993 0.00158369 0 0.00158369
85.0908 0.00154016 0 0.00154016
85.6864 0.00149782 0 0.00149782
86.2862 0.00145663 0 0.00145663
86.8902 0.00141656 0 0.00141656
87.4985 0.00137759 0 0.00137759
88.111 0.00133967 0 0.00133967
88.7277 0.00130279 0 0.00130279
89.3488 0.00126692 0 0.00126692
89.9743 0.00123202 0 0.00123202
90.6041 0.00119808 0 0.00119808
91.2383 0.00116506 0 0.00116506
91.877 0.00113295 0 0.00113295
92.5201 0.00110171 0 0.00110171
93.1678 0.00107133 0 0.00107133
93.8199 0.00104174 0 0.00104174
94.4767 0.001013 0 0.001013
95.138 0.000985048 0 0.000985048
95.804 0.00095786 0 0.00095786
96.4746 0.000931417 0 0.000931417
97.1499 0.000905698 0 0.000905698
97.83 0.000880684 0 0.000880684
98.5148 0.000856356 0 0.000856356
99.2044 0.000832695 0 0.000832695
99.8988 0.000809682 0 0.000809682
100.598 0.000787302 0 0.000787302
101.302 0.000765535 0 0.000765535
102.011 0.000744367 0 0.000744367
102.726 0.000723779 0 0.000723779
103.445 0.000703757 0 0.000703757
104.169 0.000684286 0 0.000684286
104.898 0.000665323 0 0.000665323
105.632 0.000646909 0 0.000646909
106.372 0.000629002 0 0.000629002
107.116 0.000611587 0 0.000611587
107.866 0.000594652 0 0.000594652
108.621 0.000578182 0 0.000578182
109.381 0.000562166 0 0.000562166
110.147 0.000546591 0 0.000546591
110.918 0.000531445 0 0.000531445
111.695 0.000516716 0 0.000516716
112.476 0.000502393 0 0.000502393
113.264 0.000488465 0 0.000488465
114.057 0.000474921 0 0.000474921
114.855 0.000461751 0 0.000461751
115.659 0.000448943 0 0.000448943
116.469 0.00043649 0 0.00043649
117.284 0.000424379 0 0.000424379
118.105 0.000412588 0 0.000412588
118.932 0.000401138 0 0.000401138
119.764 0.000390005 0 0.000390005
120.602 0.000379179 0 0.000379179
121.447 0.000368652 0 0.000368652
122.297 0.000358416 0 0.000358416
123.153 0.000348463 0 0.000348463
124.015 0.000338785 0 0.000338785
124.883 0.000329374 0 0.000329374
125.757 0.000320224 0 0.000320224
126.638 0.000311327 0 0.000311327
127.524 0.000302676 0 0.000302676
128.417 0.000294265 0 0.000294265
129.316 0.000286086 0 0.000286086
130.221 0.000278133 0 0.000278133
131.132 0.000270401 0 0.000270401
132.05 0.000262872 0 0.000262872
132.975 0.000255563 0 0.000255563
133.905 0.000248456 0 0.000248456
134.843 0.000241546 0 0.000241546
135.787 0.000234828 0 0.000234828
136.737 0.000228296 0 0.000228296
137.694 0.000221944 0 0.000221944
138.658 0.000215769 0 0.000215769
139.629 0.000209765 0 0.000209765
140.606 0.000203927 0 0.000203927
141.59 0.000198252 0 0.000198252
142.582 0.000192733 0 0.000192733
143.58 0.000187368 0 0.000187368
144.585 0.000182152 0 0.000182152
145.597 0.00017708 0 0.00017708
146.616 0.000172149 0 0.000172149
147.642 0.000167356 0 0.000167356
148.676 0.000162688 0 0.000162688
149.717 0.000158157 0 0.000158157
150.765 0.000153752 0 0.000153752
151.82 0.000149469 0 0.000149469
152.883 0.000145305 0 0.000145305
153.953 0.000141257 0 0.000141257
155.03 0.000137321 0 0.000137321
156.116 0.000133495 0 0.000133495
157.208 0.000129775 0 0.000129775
158.309 0.000126158 0 0.000126158
159.417 0.000122641 0 0.000122641
160.533 0.000119223 0 0.000119223
161.657 0.0001159 0 0.0001159
162.788 0.000112668 0 0.000112668
163.928 0.000109527 0 0.000109527
165.075 0.000106473 0 0.000106473
166.231 0.0001035 0 0.0001035
167.395 0.000100614 0 0.000100614
168.566 9.78086e-05 0 9.78086e-05
169.746 9.50809e-05 0 9.50809e-05
170.934 9.2429e-05 0 9.2429e-05
172.131 8.9851e-05 0 8.9851e-05
173.336 8.73447e-05 0 8.73447e-05
174.549 8.49081e-05 0 8.49081e-05
175.771 8.25394e-05 0 8.25394e-05
177.002 8.02366e-05 0 8.02366e-05
178.241 7.79979e-05 0 7.79979e-05
179.488 7.58216e-05 0 7.58216e-05
180.745 7.37058e-05 0 7.37058e-05
182.01 7.1649e-05 0 7.1649e-05
183.284 6.96494e-05 0 6.96494e-05
184.567 6.77056e-05 0 6.77056e-05
185.859 6.58158e-05 0 6.58158e-05
187.16 6.39763e-05 0 6.39763e-05
188.47 6.21906e-05 0 6.21906e-05
189.789 6.04546e-05 0 6.04546e-05
191.118 5.8767e-05 0 5.8767e-05
192.456 5.71264e-05 0 5.71264e-05
193.803 5.55316e-05 0 5.55316e-05
195.159 5.39811e-05 0 5.39811e-05
196.526 5.24739e-05 0 5.24739e-05
197.901 5.10087e-05 0 5.10087e-05
199.287 4.95844e-05 0 4.95844e-05
200.682 4.81997e-05 0 4.81997e-05
202.086 4.68537e-05 0 4.68537e-05
203.501 4.55451e-05 0 4.55451e-05
204.925 4.42731e-05 0 4.42731e-05
206.36 4.30365e-05 0 4.30365e-05
207.804 4.18345e-05 0 4.18345e-05
209.259 4.06643e-05 0 4.06643e-05
210.724 3.95285e-05 0 3.95285e-05
212.199 3.84243e-05 0 3.84243e-05
213.684 3.73509e-05 0 3.73509e-05
215.18 3.63075e-05 0 3.63075e-05
216.686 3.52932e-05 0 3.52932e-05
218.203 3.43071e-05 0 3.43071e-05
219.731 3.33486e-05 0 3.33486e-05
221.269 3.24168e-05 0 3.24168e-05
222.818 3.1511e-05 0 3.1511e-05
224.377 3.06305e-05 0 3.06305e-05
225.948 2.97746e-05 0 2.97746e-05
227.53 2.89426e-05 0 2.89426e-05
229.122 2.81337e-05 0 2.81337e-05
230.726 2.73475e-05 0 2.73475e-05
232.341 2.65832e-05 0 2.65832e-05
233.968 2.58402e-05 0 2.58402e-05
235.605 2.5117e-05 0 2.5117e-05
237.255 2.4415e-05 0 2.4415e-05
238.915 2.37326e-05 0 2.37326e-05
240.588 2.30693e-05 0 2.30693e-05
242.272 2.24245e-05 0 2.24245e-05
243.968 2.17976e-05 0 2.17976e-05
245.676 2.11883e-05 0 2.11883e-05
247.395 2.0596e-05 0 2.0596e-05
249.127 2.00202e-05 0 2.00202e-05
250.871 1.94606e-05 0 1.94606e-05
252.627 1.89165e-05 0 1.89165e-05
254.396 1.83876e-05 0 1.83876e-05
256.176 1.78735e-05 0 1.78735e-05
257.97 1.73738e-05 0 1.73738e-05
259.775 1.6888e-05 0 1.6888e-05
261.594 1.64158e-05 0 1.64158e-05
263.425 1.59562e-05 0 1.59562e-05
265.269 1.551e-05 0 1.551e-05
267.126 1.50764e-05 0 1.50764e-05
268.996 1.46548e-05 0 1.46548e-05
270.879 1.4245e-05 0 1.4245e-05
272.775 1.38466e-05 0 1.38466e-05
274.684 1.34594e-05 0 1.34594e-05
276.607 1.3083e-05 0 1.3083e-05
278.543 1.27172e-05 0 1.27172e-05
280.493 1.23615e-05 0 1.23615e-05
282.456 1.20158e-05 0 1.20158e-05
284.434 1.16797e-05 0 1.16797e-05
286.425 1.13531e-05 0 1.13531e-05
288.43 1.10355e-05 0 1.10355e-05
290.449 1.07269e-05 0 1.07269e-05
292.482 1.04268e-05 0 1.04268e-05
294.529 1.01352e-05 0 1.01352e-05
296.591 9.85132e-06 0 9.85132e-06
298.667 9.57577e-06 0 9.57577e-06
300.758 9.30793e-06 0 9.30793e-06
302.863 9.04757e-06 0 9.04757e-06
304.983 8.79449e-06 0 8.79449e-06
307.118 8.54848e-06 0 8.54848e-06
309.268 8.30935e-06 0 8.30935e-06
311.433 8.07691e-06 0 8.07691e-06
313.613 7.85096e-06 0 7.85096e-06
315.808 7.63133e-06 0 7.63133e-06
318.019 7.41784e-06 0 7.41784e-06
320.245 7.21032e-06 0 7.21032e-06
322.486 7.0086e-06 0 7.0086e-06
324.744 6.81252e-06 0 6.81252e-06
327.017 6.62193e-06 0 6.62193e-06
329.306 6.43666e-06 0 6.43666e-06
331.611 6.25633e-06 0 6.25633e-06
333.933 6.0813e-06 0 6.0813e-06
336.27 5.91116e-06 0 5.91116e-06
338.624 5.74578e-06 0 5.74578e-06
340.994 5.58502e-06 0 5.58502e-06
343.381 5.42876e-06 0 5.42876e-06
345.785 5.27686e-06 0 5.27686e-06
348.206 5.12922e-06 0 5.12922e-06
350.643 4.9857e-06 0 4.9857e-06
353.097 4.8462e-06 0 4.8462e-06
355.569 4.7106e-06 0 4.7106e-06
358.058 4.57879e-06 0 4.57879e-06
360.565 4.45066e-06 0 4.45066e-06
363.088 4.32613e-06 0 4.32613e-06
365.63 4.20507e-06 0 4.20507e-06
368.19 4.0874e-06 0 4.0874e-06
370.767 3.97302e-06 0 3.97302e-06
373.362 3.8617e-06 0 3.8617e-06
375.976 3.75364e-06 0 3.75364e-06
378.608 3.6486e-06 0 3.6486e-06
381.258 3.5465e-06 0 3.5465e-06
383.927 3.44726e-06 0 3.44726e-06
386.614 3.35079e-06 0 3.35079e-06
389.32 3.25702e-06 0 3.25702e-06
392.046 3.16588e-06 0 3.16588e-06
394.79 3.07728e-06 0 3.07728e-06
397.553 2.99116e-06 0 2.99116e-06
400.336 2.90745e-06 0 2.90745e-06
403.139 2.82609e-06 0 2.82609e-06
405.961 2.74699e-06 0 2.74699e-06
408.802 2.67012e-06 0 2.67012e-06
411.664 2.59539e-06 0 2.59539e-06
414.546 2.52275e-06 0 2.52275e-06
417.448 2.45206e-06 0 2.45206e-06
420.37 2.38343e-06 0 2.38343e-06
423.312 2.31673e-06 0 2.31673e-06
426.275 2.25189e-06 0 2.25189e-06
429.259 2.18887e-06 0 2.18887e-06
432.264 2.12761e-06 0 2.12761e-06
435.29 2.06806e-06 0 2.06806e-06
438.337 2.01018e-06 0 2.01018e-06
441.405 1.95392e-06 0 1.95392e-06
444.495 1.89924e-06 0 1.89924e-06
447.607 1.84608e-06 0 1.84608e-06
450.74 1.79441e-06 0 1.79441e-06
453.895 1.74419e-06 0 1.74419e-06
457.072 1.69537e-06 0 1.69537e-06
460.272 1.64792e-06 0 1.64792e-06
463.494 1.6018e-06 0 1.6018e-06
466.738 1.55696e-06 0 1.55696e-06
470.005 1.51333e-06 0 1.51333e-06
473.295 1.47097e-06 0 1.47097e-06
476.609 1.4298e-06 0 1.4298e-06
479.945 1.38978e-06 0 1.38978e-06
483.304 1.35088e-06 0 1.35088e-06
486.688 1.31307e-06 0 1.31307e-06
490.094 1.27632e-06 0 1.27632e-06
493.525 1.2406e-06 0 1.2406e-06
496.98 1.20587e-06 0 1.20587e-06
500.459 1.17212e-06 0 1.17212e-06
503.962 1.13931e-06 0 1.13931e-06
507.489 1.10742e-06 0 1.10742e-06
511.042 1.07643e-06 0 1.07643e-06
514.619 1.0463e-06 0 1.0463e-06
518.222 1.01701e-06 0 1.01701e-06
521.849 9.88543e-07 0 9.88543e-07
525.502 9.60836e-07 0 9.60836e-07
529.181 9.33943e-07 0 9.33943e-07
532.885 9.07802e-07 0 9.07802e-07
536.615 8.82392e-07 0 8.82392e-07
540.371 8.57694e-07 0 8.57694e-07
544.154 8.33687e-07 0 8.33687e-07
547.963 8.10351e-07 0 8.10351e-07
551.799 7.87669e-07 0 7.87669e-07
555.661 7.65621e-07 0 7.65621e-07
559.551 7.44191e-07 0 7.44191e-07
563.468 7.2336e-07 0 7.2336e-07
567.412 7.03112e-07 0 7.03112e-07
571.384 6.83431e-07 0 6.83431e-07
575.384 6.64301e-07 0 6.64301e-07
579.411 6.45706e-07 0 6.45706e-07
583.467 6.27631e-07 0 6.27631e-07
587.551 6.10063e-07 0 6.10063e-07
591.664 5.92964e-07 0 5.92964e-07
595.806 5.76367e-07 0 5.76367e-07
599.977 5.60234e-07 0 5.60234e-07
604.176 5.44552e-07 0 5.44552e-07
608.406 5.2931e-07 0 5.2931e-07
612.665 5.14494e-07 0 5.14494e-07
616.953 5.00092e-07 0 5.00092e-07
621.272 4.86094e-07 0 4.86094e-07
625.621 4.72488e-07 0 4.72488e-07
630 4.59262e-07 0 4.59262e-07
634.41 4.46406e-07 0 4.46406e-07
638.851 4.33911e-07 0 4.33911e-07
643.323 4.21764e-07 0 4.21764e-07
647.826 4.09958e-07 0 4.09958e-07
652.361 3.98483e-07 0 3.98483e-07
656.928 3.87328e-07 0 3.87328e-07
661.526 3.76472e-07 0 3.76472e-07
666.157 3.65934e-07 0 3.65934e-07
670.82 3.55692e-07 0 3.55692e-07
675.516 3.45735e-07 0 3.45735e-07
680.244 3.36058e-07 0 3.36058e-07
685.006 3.26651e-07 0 3.26651e-07
689.801 3.17508e-07 0 3.17508e-07
694.629 3.0862e-07 0 3.0862e-07
699.492 2.99982e-07 0 2.99982e-07
704.388 2.91585e-07 0 2.91585e-07
709.319 2.83423e-07 0 2.83423e-07
714.284 2.75489e-07 0 2.75489e-07
719.284 2.67778e-07 0 2.67778e-07
724.319 2.60282e-07 0 2.60282e-07
729.39 2.52996e-07 0 2.52996e-07
734.495 2.45914e-07 0 2.45914e-07
739.637 2.39031e-07 0 2.39031e-07
744.814 2.32331e-07 0 2.32331e-07
750.028 2.25828e-07 0 2.25828e-07
755.278 2.19507e-07 0 2.19507e-07
760.565 2.13363e-07 0 2.13363e-07
765.889 2.07391e-07 0 2.07391e-07
771.25 2.01586e-07 0 2.01586e-07
776.649 1.95943e-07 0 1.95943e-07
782.085 1.90458e-07 0 1.90458e-07
787.56 1.85127e-07 0 1.85127e-07
793.073 1.79945e-07 0 1.79945e-07
798.625 1.74908e-07 0 1.74908e-07
804.215 1.70012e-07 0 1.70012e-07
809.844 1.65253e-07 0 1.65253e-07
815.513 1.60628e-07 0 1.60628e-07
821.222 1.56131e-07 0 1.56131e-07
826.97 1.51761e-07 0 1.51761e-07
832.759 1.47508e-07 0 1.47508e-07
838.589 1.43379e-07 0 1.43379e-07
844.459 1.39366e-07 0 1.39366e-07
850.37 1.35465e-07 0 1.35465e-07
856.322 1.31673e-07 0 1.31673e-07
862.317 1.27987e-07 0 1.27987e-07
868.353 1.24405e-07 0 1.24405e-07
874.431 1.20923e-07 0 1.20923e-07
880.552 1.17538e-07 0 1.17538e-07
886.716 1.14248e-07 0 1.14248e-07
892.923 1.1105e-07 0 1.1105e-07
899.174 1.07942e-07 0 1.07942e-07
905.468 1.04921e-07 0 1.04921e-07
911.806 1.01984e-07 0 1.01984e-07
918.189 9.91291e-08 0 9.91291e-08
924.616 9.63544e-08 0 9.63544e-08
931.089 9.36574e-08 0 9.36574e-08
937.606 9.10325e-08 0 9.10325e-08
944.169 8.84846e-08 0 8.84846e-08
950.779 8.6008e-08 0 8.6008e-08
957.434 8.36006e-08 0 8.36006e-08
964.136 8.12607e-08 0 8.12607e-08
970.885 7.89862e-08 0 7.89862e-08
977.681 7.67754e-08 0 7.67754e-08
984.525 7.46265e-08 0 7.46265e-08
991.417 7.25377e-08 0 7.25377e-08
998.357 7.05074e-08 0 7.05074e-08
1005.35 6.85339e-08 0 6.85339e-08
1012.38 6.66157e-08 0 6.66157e-08
1019.47 6.47511e-08 0 6.47511e-08
1026.61 6.29387e-08 0 6.29387e-08
1033.79 6.11771e-08 0 6.11771e-08
1041.03 5.94647e-08 0 5.94647e-08
1048.32 5.77982e-08 0 5.77982e-08
1055.65 5.61805e-08 0 5.61805e-08
1063.04 5.46081e-08 0 5.46081e-08
1070.48 5.30797e-08 0 5.30797e-08
1077.98 5.15941e-08 0 5.15941e-08
1085.52 5.015e-08 0 5.015e-08
1093.12 4.87464e-08 0 4.87464e-08
1100.77 4.73821e-08 0 4.73821e-08
1108.48 4.60559e-08 0 4.60559e-08
1116.24 4.47668e-08 0 4.47668e-08
1124.05 4.35139e-08 0 4.35139e-08
1131.92 4.2296e-08 0 4.2296e-08
1139.84 4.11121e-08 0 4.11121e-08
1147.82 3.99615e-08 0 3.99615e-08
1155.86 3.8843e-08 0 3.8843e-08
1163.95 3.77558e-08 0 3.77558e-08
1172.1 3.66991e-08 0 3.66991e-08
1180.3 3.56706e-08 0 3.56706e-08
1188.56 3.46723e-08 0 3.46723e-08
1196.88 3.37019e-08 0 3.37019e-08
1205.26 3.27587e-08 0 3.27587e-08
1213.7 3.18419e-08 0 3.18419e-08
1222.19 3.09507e-08 0 3.09507e-08
1230.75 3.00844e-08 0 3.00844e-08
1239.37 2.92425e-08 0 2.92425e-08
1248.04 2.8424e-08 0 2.8424e-08
1256.78 2.76285e-08 0 2.76285e-08
1265.57 2.68553e-08 0 2.68553e-08
1274.43 2.61036e-08 0 2.61036e-08
1283.35 2.53731e-08 0 2.53731e-08
1292.34 2.46629e-08 0 2.46629e-08
1301.38 2.39727e-08 0 2.39727e-08
1310.49 2.33017e-08 0 2.33017e-08
1319.67 2.26487e-08 0 2.26487e-08
1328.91 2.20149e-08 0 2.20149e-08
1338.21 2.13988e-08 0 2.13988e-08
1347.57 2.07999e-08 0 2.07999e-08
1357.01 2.02178e-08 0 2.02178e-08
1366.51 1.9652e-08 0 1.9652e-08
1376.07 1.9102e-08 0 1.9102e-08
1385.71 1.85674e-08 0 1.85674e-08
1395.41 1.80478e-08 0 1.80478e-08
1405.17 1.75427e-08 0 1.75427e-08
1415.01 1.70517e-08 0 1.70517e-08
1424.91 1.65745e-08 0 1.65745e-08
1434.89 1.61106e-08 0 1.61106e-08
1444.93 1.56597e-08 0 1.56597e-08
1455.05 1.52215e-08 0 1.52215e-08
1465.23 1.47955e-08 0 1.47955e-08
1475.49 1.43814e-08 0 1.43814e-08
1485.82 1.39784e-08 0 1.39784e-08
1496.22 1.35873e-08 0 1.35873e-08
1506.69 1.3207e-08 0 1.3207e-08
1517.24 1.28374e-08 0 1.28374e-08
1527.86 1.24782e-08 0 1.24782e-08
1538.55 1.2129e-08 0 1.2129e-08
1549.32 1.17895e-08 0 1.17895e-08
1560.17 1.14596e-08 0 1.14596e-08
1571.09 1.11389e-08 0 1.11389e-08
1582.09 1.08272e-08 0 1.08272e-08
1593.16 1.05242e-08 0 1.05242e-08
1604.32 1.02297e-08 0 1.02297e-08
1615.55 9.94338e-09 0 9.94338e-09
1626.85 9.66511e-09 0 9.66511e-09
1638.24 9.39463e-09 0 9.39463e-09
1649.71 9.13172e-09 0 9.13172e-09
1661.26 8.87585e-09 0 8.87585e-09
1672.89 8.62747e-09 0 8.62747e-09
1684.6 8.38604e-09 0 8.38604e-09
1696.39 8.15137e-09 0 8.15137e-09
1708.26 7.92327e-09 0 7.92327e-09
1720.22 7.70154e-09 0 7.70154e-09
1732.26 7.48602e-09 0 7.48602e-09
1744.39 7.27654e-09 0 7.27654e-09
1756.6 7.07291e-09 0 7.07291e-09
1768.9 6.87498e-09 0 6.87498e-09
1781.28 6.6826e-09 0 6.6826e-09
1793.75 6.49559e-09 0 6.49559e-09
1806.3 6.31382e-09 0 6.31382e-09
1818.95 6.13713e-09 0 6.13713e-09
1831.68 5.96539e-09 0 5.96539e-09
1844.5 5.79846e-09 0 5.79846e-09
1857.41 5.6362e-09 0 5.6362e-09
1870.42 5.47828e-09 0 5.47828e-09
1883.51 5.32499e-09 0 5.32499e-09
1896.69 5.17598e-09 0 5.17598e-09
1909.97 5.03115e-09 0 5.03115e-09
1923.34 4.89036e-09 0 4.89036e-09
1936.8 4.75352e-09 0 4.75352e-09
1950.36 4.6205e-09 0 4.6205e-09
1964.01 4.49121e-09 0 4.49121e-09
1977.76 4.36553e-09 0 4.36553e-09
1991.61 4.24338e-09 0 4.24338e-09
2005.55 4.12464e-09 0 4.12464e-09
2019.59 4.00922e-09 0 4.00922e-09
2033.72 3.89703e-09 0 3.89703e-09
2047.96 3.78798e-09 0 3.78798e-09
2062.29 3.68198e-09 0 3.68198e-09
2076.73 3.57895e-09 0 3.57895e-09
2091.27 3.47868e-09 0 3.47868e-09
2105.91 3.38134e-09 0 3.38134e-09
2120.65 3.28673e-09 0 3.28673e-09
2135.49 3.19476e-09 0 3.19476e-09
2150.44 3.10537e-09 0 3.10537e-09
2165.49 3.01848e-09 0 3.01848e-09
2180.65 2.93402e-09 0 2.93402e-09
2195.92 2.85192e-09 0 2.85192e-09
2211.29 2.77212e-09 0 2.77212e-09
2226.77 2.69455e-09 0 2.69455e-09
2242.35 2.61916e-09 0 2.61916e-09
2258.05 2.54587e-09 0 2.54587e-09
2273.86 2.47463e-09 0 2.47463e-09
2289.77 2.40539e-09 0 2.40539e-09
2305.8 2.33808e-09 0 2.33808e-09
2321.94 2.27266e-09 0 2.27266e-09
2338.2 2.20907e-09 0 2.20907e-09
2354.56 2.14718e-09 0 2.14718e-09
2371.05 2.08711e-09 0 2.08711e-09
2387.64 2.02871e-09 0 2.02871e-09
2404.36 1.97195e-09 0 1.97195e-09
2421.19 1.91677e-09 0 1.91677e-09
2438.14 1.86314e-09 0 1.86314e-09
2455.2 1.81101e-09 0 1.81101e-09
2472.39 1.76034e-09 0 1.76034e-09
2489.7 1.71108e-09 0 1.71108e-09
2507.12 1.66321e-09 0 1.66321e-09
2524.67 1.61667e-09 0 1.61667e-09
2542.35 1.57144e-09 0 1.57144e-09
2560.14 1.52747e-09 0 1.52747e-09
2578.06 1.48473e-09 0 1.48473e-09
2596.11 1.44319e-09 0 1.44319e-09
2614.28 1.40281e-09 0 1.40281e-09
2632.58 1.36351e-09 0 1.36351e-09
2651.01 1.32536e-09 0 1.32536e-09
2669.57 1.28828e-09 0 1.28828e-09
2688.26 1.25223e-09 0 1.25223e-09
2707.07 1.2172e-09 0 1.2172e-09
2726.02 1.18314e-09 0 1.18314e-09
2745.1 1.15004e-09 0 1.15004e-09
2764.32 1.11786e-09 0 1.11786e-09
2783.67 1.08659e-09 0 1.08659e-09
2803.16 1.05619e-09 0 1.05619e-09
2822.78 1.02664e-09 0 1.02664e-09
2842.54 9.97913e-10 0 9.97913e-10
