6.71669 1 111.702 3.07961e-49
6.76371 1 110.724 8.18955e-49
6.81105 1 109.734 2.2044e-48
6.85873 1 108.748 5.90949e-48
6.90674 1 107.758 1.58932e-47
6.95509 1 106.756 4.32874e-47
7.00377 1 105.746 1.18862e-46
7.0528 1 104.727 3.294e-46
7.10217 1 103.703 9.17423e-46
7.15189 1 102.672 2.57023e-45
7.20195 1 101.637 7.24056e-45
7.25236 1 100.597 2.04864e-44
7.30313 1 99.5515 5.82539e-44
7.35425 1 98.501 1.66548e-43
7.40573 1 97.4448 4.78899e-43
7.45757 1 96.3834 1.38426e-42
7.50977 1 95.3149 4.02966e-42
7.56234 1 94.2355 1.18593e-41
7.61528 1 93.1468 3.52243e-41
7.66859 1 92.0631 1.04111e-40
7.72227 1 90.9763 3.08679e-40
7.77632 1 89.8791 9.24658e-40
7.83076 1 88.7767 2.78474e-39
7.88557 1 87.6632 8.47957e-39
7.94077 1 86.5561 2.56543e-38
7.99636 1 85.4401 7.83172e-38
8.05233 1 84.3191 2.40262e-37
8.1087 1 83.1902 7.42933e-37
8.16546 1 82.0669 2.28449e-36
8.22261 1 80.9253 7.15463e-36
8.28017 1 79.791 2.22449e-35
8.33813 1 78.6411 7.02416e-35
8.3965 1 77.5 2.19872e-34
8.45528 1 76.3512 6.93582e-34
8.51446 1 75.2021 2.18853e-33
8.57407 1 74.0364 7.02117e-33
8.63408 1 72.8794 2.23301e-32
8.69452 1 71.7204 7.11587e-32
8.75538 1 70.5586 2.27392e-31
8.81667 1 69.3912 7.30775e-31
8.87839 1 68.2171 2.36428e-30
8.94054 1 67.0472 7.61712e-30
9.00312 1 65.871 2.46946e-29
9.06614 1 64.6965 7.99243e-29
9.12961 1 63.5197 2.5927e-28
9.19351 1 62.3405 8.43105e-28
9.25787 1 61.1664 2.72752e-27
9.32267 1 59.9888 8.85522e-27
9.38793 1 58.8054 2.89165e-26
9.45365 1 57.6232 9.43134e-26
9.51982 1 56.4467 3.05858e-25
9.58646 1 55.2682 9.93895e-25
9.65357 1 54.0849 3.2452e-24
9.72114 1 52.9125 1.04803e-23
9.78919 1 51.737 3.39539e-23
9.85771 1 50.5619 1.09959e-22
9.92672 1 49.3952 3.53116e-22
9.9962 1 48.2223 1.14106e-21
10.0662 1 47.0581 3.65515e-21
10.1366 1 45.8938 1.17102e-20
10.2076 1 44.7307 3.74703e-20
10.2791 1 43.5827 1.18105e-19
10.351 1 42.4281 3.74738e-19
10.4235 1 41.2776 1.18398e-18
10.4964 1 40.1397 3.69433e-18
10.5699 1 39.008 1.14557e-17
10.6439 1 37.8784 3.54507e-17
10.7184 1 36.7568 1.08828e-16
10.7934 1 35.6419 3.31837e-16
10.869 1 34.5341 1.00465e-15
10.9451 1 33.4345 3.0171e-15
11.0217 1 32.3452 8.96698e-15
11.0988 1 31.2611 2.65139e-14
11.1765 1 30.1854 7.77434e-14
11.2548 1 29.1279 2.23826e-13
11.3335 1 28.0781 6.3951e-13
11.4129 1 27.0385 1.80848e-12
11.4928 1 26.0078 5.06961e-12
11.5732 1 24.9962 1.39405e-11
11.6542 1 23.9935 3.79965e-11
11.7358 1 23.0074 1.01862e-10
11.818 1 22.034 2.6962e-10
11.9007 1 21.0776 7.01608e-10
11.984 1 20.1308 1.80837e-09
12.0679 1 19.2093 4.5447e-09
12.1524 1 18.302 1.12606e-08
12.2374 1 17.409 2.75012e-08
12.3231 1 16.5379 6.57196e-08
12.4093 1 15.6854 1.54147e-07
12.4962 1 14.8538 3.54043e-07
12.5837 1 14.0425 7.96895e-07
12.6718 1 13.251 1.75851e-06
12.7605 1 12.4815 3.79624e-06
12.8498 1 11.7339 8.01744e-06
12.9397 1 11.0113 1.6514e-05
13.0303 1 10.3127 3.32089e-05
13.1215 1 9.63753 6.52337e-05
13.2134 1 8.98808 0.000124889
13.3059 1 8.36386 0.000233143
13.399 1 7.76563 0.000424062
13.4928 1 7.1915 0.000752958
13.5873 1 6.64451 0.00130115
13.6824 1 6.12442 0.00218875
13.7781 1 5.62956 0.00359014
13.8746 1 5.16255 0.00572707
13.9717 1 4.72069 0.00890903
14.0695 1 4.3048 0.0135036
14.168 1 3.91574 0.0199258
14.2672 1 3.55163 0.0286778
14.367 1 3.21218 0.0402687
14.4676 1 2.89679 0.0552004
14.5689 1 2.60499 0.0739038
14.6709 1 2.33531 0.0967801
14.7736 1 2.08704 0.124054
14.877 1 1.86084 0.155542
14.9811 1 1.65404 0.191275
15.086 1 1.46514 0.231045
15.1916 1 1.29508 0.273877
15.2979 1 1.14044 0.319679
15.405 1 1.00208 0.367114
15.5129 1 0.877659 0.415755
15.6214 1 0.76624 0.464757
15.7308 1 0.667051 0.51322
15.8409 1 0.579078 0.560415
15.9518 1 0.501293 0.605747
16.0635 1 0.432741 0.648728
16.1759 1 0.37252 0.688996
16.2891 1 0.319748 0.726332
16.4032 1 0.273526 0.760692
16.518 1 0.233339 0.791885
16.6336 1 0.198531 0.819934
16.75 1 0.168322 0.845082
16.8673 1 0.142212 0.867437
16.9854 1 0.119954 0.886961
17.1043 1 0.100776 0.904135
17.224 1 0.0843767 0.919085
17.3446 1 0.0704227 0.932
17.466 1 0.0585792 0.943104
17.5882 1 0.0485563 0.952604
17.7114 1 0.0400982 0.960695
17.8353 1 0.0329697 0.967568
17.9602 1 0.0270376 0.973325
18.0859 1 0.0220479 0.978193
18.2125 1 0.0179428 0.982217
18.34 1 0.0145157 0.985589
18.4684 1 0.0116943 0.988374
18.5976 1 0.00939024 0.990654
18.7278 1 0.00749942 0.992529
18.8589 1 0.00596158 0.994056
18.9909 1 0.00471364 0.995297
19.1239 1 0.00370854 0.996298
19.2577 1 0.00290664 0.997098
19.3925 1 0.00226407 0.997738
19.5283 1 0.0017561 0.998245
19.665 1 0.00135568 0.998645
19.8026 1 0.00103993 0.998961
19.9413 1 0.000793412 0.999207
20.0809 1 0.000603496 0.999397
20.2214 1 0.00045629 0.999544
20.363 1 0.000343213 0.999657
20.5055 1 0.000256665 0.999743
20.649 1 0.000190763 0.999809
20.7936 1 0.000141135 0.999859
20.9391 1 0.000103796 0.999896
21.0857 1 7.57992e-05 0.999924
21.2333 1 5.49325e-05 0.999945
21.382 1 3.94333e-05 0.999961
21.5316 1 2.806e-05 0.999972
21.6824 1 1.97671e-05 0.99998
21.8341 1 1.37603e-05 0.999986
21.987 1 9.44696e-06 0.999991
22.1409 1 6.36499e-06 0.999994
22.2959 1 4.19077e-06 0.999996
22.4519 1 2.68659e-06 0.999997
22.6091 1 1.64943e-06 0.999998
22.7674 1 9.71224e-07 0.999999
22.9267 1 5.26812e-07 0.999999
23.0872 1 2.49746e-07 1
23.2488 1 8.59892e-08 1
23.4116 1 2.21425e-09 1
23.5755 1 0 1
