6.71669 0.00161079 111.702 4.96059e-52
6.76371 0.00178141 110.724 1.45889e-51
6.81105 0.00196728 109.734 4.33665e-51
6.85873 0.00216947 108.748 1.28204e-50
6.90674 0.00238911 107.758 3.79705e-50
6.95509 0.00262737 106.756 1.13732e-49
7.00377 0.00288548 105.746 3.42975e-49
7.0528 0.00316471 104.727 1.04245e-48
7.10217 0.00346637 103.703 3.18013e-48
7.15189 0.00379186 102.672 9.74594e-48
7.20195 0.00414258 101.637 2.99946e-47
7.25236 0.00452 100.597 9.25985e-47
7.30313 0.00492565 99.5515 2.86938e-46
7.35425 0.00536108 98.501 8.92875e-46
7.40573 0.0058279 97.4448 2.79097e-45
7.45757 0.00632856 96.3834 8.76039e-45
7.50977 0.00686318 95.3149 2.76563e-44
7.56234 0.00743426 94.2355 8.81652e-44
7.61528 0.00804357 93.1468 2.83329e-43
7.66859 0.00869291 92.0631 9.05029e-43
7.72227 0.00938412 90.9763 2.89668e-42
7.77632 0.010119 89.8791 9.35666e-42
7.83076 0.0108996 88.7767 3.03525e-41
7.88557 0.0117276 87.6632 9.94455e-41
7.94077 0.0126052 86.5561 3.23377e-40
7.99636 0.013534 85.4401 1.05995e-39
8.05233 0.0145163 84.3191 3.48771e-39
8.1087 0.0155538 83.1902 1.15554e-38
8.16546 0.0166486 82.0669 3.80336e-38
8.22261 0.0178026 80.9253 1.27371e-37
8.28017 0.0190178 79.791 4.23049e-37
8.33813 0.0202981 78.6411 1.42577e-36
8.3965 0.0216415 77.5 4.75836e-36
8.45528 0.0230518 76.3512 1.59883e-35
8.51446 0.0245309 75.2021 5.36865e-35
8.57407 0.0260807 74.0364 1.83117e-34
8.63408 0.027703 72.8794 6.1861e-34
8.69452 0.0293995 71.7204 2.09203e-33
8.75538 0.0311719 70.5586 7.08825e-33
8.81667 0.033022 69.3912 2.41317e-32
8.87839 0.0349514 68.2171 8.2635e-32
8.94054 0.0369615 67.0472 2.81541e-31
9.00312 0.039054 65.871 9.64422e-31
9.06614 0.0412301 64.6965 3.29529e-30
9.12961 0.0434912 63.5197 1.12759e-29
9.19351 0.0458386 62.3405 3.86468e-29
9.25787 0.0482734 61.1664 1.31667e-28
9.32267 0.0507967 59.9888 4.49816e-28
9.38793 0.0534134 58.8054 1.54453e-27
9.45365 0.0561164 57.6232 5.29253e-27
9.51982 0.0589105 56.4467 1.80183e-26
9.58646 0.0617963 55.2682 6.1419e-26
9.65357 0.0647744 54.0849 2.10206e-25
9.72114 0.0678451 52.9125 7.11036e-25
9.78919 0.0710088 51.737 2.41103e-24
9.85771 0.0742657 50.5619 8.16619e-24
9.92672 0.0776159 49.3952 2.74074e-23
9.9962 0.0810591 48.2223 9.24935e-23
10.0662 0.0845953 47.0581 3.09209e-22
10.1366 0.0882241 45.8938 1.03312e-21
10.2076 0.091945 44.7307 3.44521e-21
10.2791 0.0957574 43.5827 1.13094e-20
10.351 0.0996606 42.4281 3.73466e-20
10.4235 0.103654 41.2776 1.22724e-19
10.4964 0.107742 40.1397 3.98035e-19
10.5699 0.111912 39.008 1.28203e-18
10.6439 0.116167 37.8784 4.11822e-18
10.7184 0.120508 36.7568 1.31146e-17
10.7934 0.124933 35.6419 4.14573e-17
10.869 0.129439 34.5341 1.30041e-16
10.9451 0.134025 33.4345 4.04367e-16
11.0217 0.138689 32.3452 1.24362e-15
11.0988 0.143429 31.2611 3.80287e-15
11.1765 0.148243 30.1854 1.15249e-14
11.2548 0.153128 29.1279 3.42741e-14
11.3335 0.158082 28.0781 1.01095e-13
11.4129 0.163103 27.0385 2.94968e-13
11.4928 0.168187 26.0078 8.52643e-13
11.5732 0.173332 24.9962 2.41633e-12
11.6542 0.178536 23.9935 6.78373e-12
11.7358 0.183794 23.0074 1.87217e-11
11.818 0.189113 22.034 5.09886e-11
11.9007 0.194472 21.0776 1.36443e-10
11.984 0.199877 20.1308 3.61451e-10
12.0679 0.205324 19.2093 9.33136e-10
12.1524 0.210811 18.302 2.37385e-09
12.2374 0.216333 17.409 5.94942e-09
12.3231 0.221887 16.5379 1.45823e-08
12.4093 0.227469 15.6854 3.50637e-08
12.4962 0.233077 14.8538 8.25191e-08
12.5837 0.238705 14.0425 1.90223e-07
12.6718 0.244352 13.251 4.29695e-07
12.7605 0.250012 12.4815 9.49105e-07
12.8498 0.255682 11.7339 2.04992e-06
12.9397 0.261359 11.0113 4.31608e-06
13.0303 0.267038 10.3127 8.86803e-06
13.1215 0.272716 9.63753 1.77903e-05
13.2134 0.278397 8.98808 3.47688e-05
13.3059 0.284061 8.36386 6.62267e-05
13.399 0.289712 7.76563 0.000122856
13.4928 0.295346 7.1915 0.000222383
13.5873 0.300961 6.64451 0.000391594
13.6824 0.306551 6.12442 0.000670965
13.7781 0.312115 5.62956 0.00112054
13.8746 0.317647 5.16255 0.00181919
13.9717 0.323144 4.72069 0.0028789
14.0695 0.328603 4.3048 0.00443734
14.168 0.33402 3.91574 0.00665561
14.2672 0.339392 3.55163 0.009733
14.367 0.344715 3.21218 0.0138812
14.4676 0.349986 2.89679 0.0193193
14.5689 0.355201 2.60499 0.0262507
14.6709 0.360358 2.33531 0.0348755
14.7736 0.365454 2.08704 0.045336
14.877 0.370492 1.86084 0.0576272
14.9811 0.375455 1.65404 0.0718151
15.086 0.380347 1.46514 0.0878772
15.1916 0.385166 1.29508 0.105488
15.2979 0.389909 1.14044 0.124646
15.405 0.394573 1.00208 0.144853
15.5129 0.399156 0.877659 0.165951
15.6214 0.403656 0.76624 0.187602
15.7308 0.40807 0.667051 0.20943
15.8409 0.412395 0.579078 0.231113
15.9518 0.416631 0.501293 0.252373
16.0635 0.420774 0.432741 0.272968
16.1759 0.424823 0.37252 0.292701
16.2891 0.428776 0.319748 0.311434
16.4032 0.432631 0.273526 0.329099
16.518 0.436387 0.233339 0.345568
16.6336 0.440047 0.198531 0.36081
16.75 0.443599 0.168322 0.374878
16.8673 0.447048 0.142212 0.387786
16.9854 0.450392 0.119954 0.399481
17.1043 0.453631 0.100776 0.410143
17.224 0.456762 0.0843767 0.419803
17.3446 0.459786 0.0704227 0.42852
17.466 0.462701 0.0585792 0.436375
17.5882 0.465507 0.0485563 0.443444
17.7114 0.468203 0.0400982 0.4498
17.8353 0.470789 0.0329697 0.45552
17.9602 0.473264 0.0270376 0.46064
18.0859 0.475628 0.0220479 0.465257
18.2125 0.477881 0.0179428 0.469383
18.34 0.480023 0.0145157 0.473105
18.4684 0.482053 0.0116943 0.476449
18.5976 0.483972 0.00939024 0.479449
18.7278 0.485782 0.00749942 0.482153
18.8589 0.487479 0.00596158 0.484581
18.9909 0.489064 0.00471364 0.486765
19.1239 0.49054 0.00370854 0.488724
19.2577 0.491906 0.00290664 0.490478
19.3925 0.493162 0.00226407 0.492047
19.5283 0.494309 0.0017561 0.493442
19.665 0.495349 0.00135568 0.494678
19.8026 0.496281 0.00103993 0.495765
19.9413 0.497107 0.000793412 0.496712
20.0809 0.497827 0.000603496 0.497526
20.2214 0.498442 0.00045629 0.498214
20.363 0.498953 0.000343213 0.498782
20.5055 0.499362 0.000256665 0.499234
20.649 0.499669 0.000190763 0.499574
20.7936 0.499876 0.000141135 0.499805
20.9391 0.499983 0.000103796 0.499931
21.0857 0.499992 7.57992e-05 0.499954
21.2333 0.499904 5.49325e-05 0.499877
21.382 0.499721 3.94333e-05 0.499701
21.5316 0.499443 2.806e-05 0.499429
21.6824 0.499073 1.97671e-05 0.499063
21.8341 0.498611 1.37603e-05 0.498604
21.987 0.49806 9.44696e-06 0.498055
22.1409 0.49742 6.36499e-06 0.497417
22.2959 0.496693 4.19077e-06 0.496691
22.4519 0.495881 2.68659e-06 0.49588
22.6091 0.494985 1.64943e-06 0.494984
22.7674 0.494007 9.71224e-07 0.494006
22.9267 0.492948 5.26812e-07 0.492947
23.0872 0.49181 2.49746e-07 0.49181
23.2488 0.490595 8.59892e-08 0.490594
23.4116 0.489304 2.21425e-09 0.489304
23.5755 0.487936 0 0.487936
23.7405 0.486499 0 0.486499
23.9067 0.48499 0 0.48499
24.074 0.483413 0 0.483413
24.2425 0.481768 0 0.481768
24.4122 0.480058 0 0.480058
24.5831 0.478283 0 0.478283
24.7552 0.476446 0 0.476446
24.9285 0.474549 0 0.474549
25.103 0.472592 0 0.472592
25.2787 0.470579 0 0.470579
25.4556 0.468509 0 0.468509
25.6338 0.466386 0 0.466386
25.8133 0.46421 0 0.46421
25.994 0.461984 0 0.461984
26.1759 0.459708 0 0.459708
26.3592 0.457382 0 0.457382
26.5437 0.455014 0 0.455014
26.7295 0.452601 0 0.452601
26.9166 0.450146 0 0.450146
27.105 0.44765 0 0.44765
27.2947 0.445115 0 0.445115
27.4858 0.442541 0 0.442541
27.6782 0.439931 0 0.439931
27.8719 0.437287 0 0.437287
28.067 0.434609 0 0.434609
28.2635 0.431899 0 0.431899
28.4614 0.429158 0 0.429158
28.6606 0.426389 0 0.426389
28.8612 0.423592 0 0.423592
29.0632 0.420769 0 0.420769
29.2667 0.417921 0 0.417921
29.4716 0.415049 0 0.415049
29.6779 0.412151 0 0.412151
29.8856 0.409237 0 0.409237
30.0948 0.406303 0 0.406303
30.3055 0.40335 0 0.40335
30.5176 0.400381 0 0.400381
30.7312 0.397396 0 0.397396
30.9463 0.394396 0 0.394396
31.163 0.391383 0 0.391383
31.3811 0.388357 0 0.388357
31.6008 0.38532 0 0.38532
31.822 0.382273 0 0.382273
32.0447 0.379217 0 0.379217
32.269 0.376152 0 0.376152
32.4949 0.373081 0 0.373081
32.7224 0.370004 0 0.370004
32.9515 0.366922 0 0.366922
33.1821 0.363832 0 0.363832
33.4144 0.360743 0 0.360743
33.6483 0.357652 0 0.357652
33.8838 0.354559 0 0.354559
34.121 0.351467 0 0.351467
34.3599 0.348374 0 0.348374
34.6004 0.345283 0 0.345283
34.8426 0.342195 0 0.342195
35.0865 0.339108 0 0.339108
35.3321 0.336026 0 0.336026
35.5794 0.332948 0 0.332948
35.8285 0.329875 0 0.329875
36.0793 0.326808 0 0.326808
36.3318 0.323747 0 0.323747
36.5861 0.320693 0 0.320693
36.8422 0.317648 0 0.317648
37.1001 0.31461 0 0.31461
37.3598 0.311577 0 0.311577
37.6214 0.308558 0 0.308558
37.8847 0.30555 0 0.30555
38.1499 0.302552 0 0.302552
38.417 0.299565 0 0.299565
38.6859 0.296589 0 0.296589
38.9567 0.293626 0 0.293626
39.2294 0.290676 0 0.290676
39.504 0.287738 0 0.287738
39.7805 0.284814 0 0.284814
40.059 0.281904 0 0.281904
40.3394 0.279008 0 0.279008
40.6218 0.276127 0 0.276127
40.9061 0.273261 0 0.273261
41.1925 0.27041 0 0.27041
41.4808 0.267575 0 0.267575
41.7712 0.264752 0 0.264752
42.0636 0.26195 0 0.26195
42.358 0.259164 0 0.259164
42.6545 0.256396 0 0.256396
42.9531 0.253644 0 0.253644
43.2538 0.25091 0 0.25091
43.5565 0.248194 0 0.248194
43.8614 0.245495 0 0.245495
44.1685 0.242815 0 0.242815
44.4776 0.240153 0 0.240153
44.789 0.23751 0 0.23751
45.1025 0.234885 0 0.234885
45.4182 0.232279 0 0.232279
45.7362 0.229692 0 0.229692
46.0563 0.227125 0 0.227125
46.3787 0.224576 0 0.224576
46.7034 0.222048 0 0.222048
47.0303 0.219535 0 0.219535
47.3595 0.217045 0 0.217045
47.691 0.214575 0 0.214575
48.0248 0.212126 0 0.212126
48.361 0.209696 0 0.209696
48.6995 0.207285 0 0.207285
49.0404 0.204895 0 0.204895
49.3837 0.202526 0 0.202526
49.7294 0.200176 0 0.200176
50.0775 0.197846 0 0.197846
50.4281 0.195537 0 0.195537
50.7811 0.193248 0 0.193248
51.1365 0.190979 0 0.190979
51.4945 0.18873 0 0.18873
51.8549 0.186502 0 0.186502
52.2179 0.184293 0 0.184293
52.5835 0.182102 0 0.182102
52.9515 0.179935 0 0.179935
53.3222 0.177787 0 0.177787
53.6955 0.17566 0 0.17566
54.0713 0.173553 0 0.173553
54.4498 0.171466 0 0.171466
54.831 0.169399 0 0.169399
55.2148 0.167352 0 0.167352
55.6013 0.165325 0 0.165325
55.9905 0.163318 0 0.163318
56.3824 0.161331 0 0.161331
56.7771 0.159363 0 0.159363
57.1746 0.157415 0 0.157415
57.5748 0.155487 0 0.155487
57.9778 0.153578 0 0.153578
58.3836 0.151689 0 0.151689
58.7923 0.149819 0 0.149819
59.2039 0.147965 0 0.147965
59.6183 0.146134 0 0.146134
60.0356 0.144322 0 0.144322
60.4559 0.142528 0 0.142528
60.8791 0.140754 0 0.140754
61.3052 0.138998 0 0.138998
61.7344 0.137261 0 0.137261
62.1665 0.135543 0 0.135543
62.6017 0.133843 0 0.133843
63.0399 0.132161 0 0.132161
63.4812 0.130498 0 0.130498
63.9255 0.128852 0 0.128852
64.373 0.127225 0 0.127225
64.8236 0.125616 0 0.125616
65.2774 0.124024 0 0.124024
65.7343 0.12245 0 0.12245
66.1945 0.120891 0 0.120891
66.6578 0.119352 0 0.119352
67.1244 0.117831 0 0.117831
67.5943 0.116326 0 0.116326
68.0675 0.114839 0 0.114839
68.5439 0.113368 0 0.113368
69.0237 0.111914 0 0.111914
69.5069 0.110476 0 0.110476
69.9935 0.109056 0 0.109056
70.4834 0.107651 0 0.107651
70.9768 0.106263 0 0.106263
71.4736 0.10489 0 0.10489
71.9739 0.103534 0 0.103534
72.4778 0.102193 0 0.102193
72.9851 0.100869 0 0.100869
73.496 0.0995593 0 0.0995593
74.0105 0.0982654 0 0.0982654
74.5285 0.0969849 0 0.0969849
75.0502 0.0957215 0 0.0957215
75.5756 0.0944731 0 0.0944731
76.1046 0.0932394 0 0.0932394
76.6374 0.0920206 0 0.0920206
77.1738 0.0908162 0 0.0908162
77.714 0.0896264 0 0.0896264
78.258 0.0884508 0 0.0884508
78.8058 0.0872894 0 0.0872894
79.3575 0.086142 0 0.086142
79.913 0.0850086 0 0.0850086
80.4724 0.0838889 0 0.0838889
81.0357 0.0827828 0 0.0827828
81.6029 0.0816902 0 0.0816902
82.1742 0.080611 0 0.080611
82.7494 0.079545 0 0.079545
83.3286 0.0784907 0 0.0784907
83.9119 0.0774508 0 0.0774508
84.4993 0.0764238 0 0.0764238
85.0908 0.0754095 0 0.0754095
85.6864 0.0744077 0 0.0744077
86.2862 0.0734184 0 0.0734184
86.8902 0.0724413 0 0.0724413
87.4985 0.0714765 0 0.0714765
88.111 0.0705237 0 0.0705237
88.7277 0.0695828 0 0.0695828
89.3488 0.0686537 0 0.0686537
89.9743 0.0677363 0 0.0677363
90.6041 0.0668304 0 0.0668304
91.2383 0.0659359 0 0.0659359
91.877 0.0650527 0 0.0650527
92.5201 0.0641807 0 0.0641807
93.1678 0.0633197 0 0.0633197
93.8199 0.0624685 0 0.0624685
94.4767 0.0616294 0 0.0616294
95.138 0.0608009 0 0.0608009
95.804 0.0599829 0 0.0599829
96.4746 0.0591754 0 0.0591754
97.1499 0.0583782 0 0.0583782
97.83 0.0575913 0 0.0575913
98.5148 0.0568144 0 0.0568144
99.2044 0.0560475 0 0.0560475
99.8988 0.0552905 0 0.0552905
100.598 0.0545432 0 0.0545432
101.302 0.0538055 0 0.0538055
102.011 0.0530774 0 0.0530774
102.726 0.0523587 0 0.0523587
103.445 0.0516493 0 0.0516493
104.169 0.0509491 0 0.0509491
104.898 0.0502571 0 0.0502571
105.632 0.049575 0 0.049575
106.372 0.0489018 0 0.0489018
107.116 0.0482374 0 0.0482374
107.866 0.0475817 0 0.0475817
108.621 0.0469345 0 0.0469345
109.381 0.0462957 0 0.0462957
110.147 0.0456654 0 0.0456654
110.918 0.0450433 0 0.0450433
111.695 0.0444293 0 0.0444293
112.476 0.0438235 0 0.0438235
113.264 0.0432256 0 0.0432256
114.057 0.0426355 0 0.0426355
114.855 0.0420533 0 0.0420533
115.659 0.0414787 0 0.0414787
116.469 0.0409117 0 0.0409117
117.284 0.0403522 0 0.0403522
118.105 0.0397993 0 0.0397993
118.932 0.0392546 0 0.0392546
119.764 0.0387171 0 0.0387171
120.602 0.0381867 0 0.0381867
121.447 0.0376633 0 0.0376633
122.297 0.0371469 0 0.0371469
123.153 0.0366374 0 0.0366374
124.015 0.0361347 0 0.0361347
124.883 0.0356386 0 0.0356386
125.757 0.0351492 0 0.0351492
126.638 0.0346663 0 0.0346663
127.524 0.0341898 0 0.0341898
128.417 0.0337198 0 0.0337198
129.316 0.033256 0 0.033256
130.221 0.0327984 0 0.0327984
131.132 0.0323469 0 0.0323469
132.05 0.0319009 0 0.0319009
132.975 0.0314616 0 0.0314616
133.905 0.0310281 0 0.0310281
134.843 0.0306004 0 0.0306004
135.787 0.0301785 0 0.0301785
136.737 0.0297623 0 0.0297623
137.694 0.0293517 0 0.0293517
138.658 0.0289466 0 0.0289466
139.629 0.028547 0 0.028547
140.606 0.0281528 0 0.0281528
141.59 0.0277639 0 0.0277639
142.582 0.0273802 0 0.0273802
143.58 0.0270018 0 0.0270018
144.585 0.0266284 0 0.0266284
145.597 0.0262601 0 0.0262601
146.616 0.0258968 0 0.0258968
147.642 0.0255385 0 0.0255385
148.676 0.0251845 0 0.0251845
149.717 0.0248358 0 0.0248358
150.765 0.0244919 0 0.0244919
151.82 0.0241526 0 0.0241526
152.883 0.0238179 0 0.0238179
153.953 0.0234878 0 0.0234878
155.03 0.0231622 0 0.0231622
156.116 0.022841 0 0.022841
157.208 0.0225242 0 0.0225242
158.309 0.0222117 0 0.0222117
159.417 0.0219034 0 0.0219034
160.533 0.0215994 0 0.0215994
161.657 0.0212995 0 0.0212995
162.788 0.0210037 0 0.0210037
163.928 0.020712 0 0.020712
165.075 0.0204242 0 0.0204242
166.231 0.02014 0 0.02014
167.395 0.0198601 0 0.0198601
168.566 0.019584 0 0.019584
169.746 0.0193117 0 0.0193117
170.934 0.0190431 0 0.0190431
172.131 0.0187783 0 0.0187783
173.336 0.018517 0 0.018517
174.549 0.0182593 0 0.0182593
175.771 0.0180052 0 0.0180052
177.002 0.0177545 0 0.0177545
178.241 0.0175073 0 0.0175073
179.488 0.0172635 0 0.0172635
180.745 0.017023 0 0.017023
182.01 0.0167858 0 0.0167858
183.284 0.0165519 0 0.0165519
184.567 0.0163213 0 0.0163213
185.859 0.0160938 0 0.0160938
187.16 0.0158691 0 0.0158691
188.47 0.0156478 0 0.0156478
189.789 0.0154296 0 0.0154296
191.118 0.0152144 0 0.0152144
192.456 0.0150022 0 0.0150022
193.803 0.0147928 0 0.0147928
195.159 0.0145864 0 0.0145864
196.526 0.0143828 0 0.0143828
197.901 0.0141821 0 0.0141821
199.287 0.0139841 0 0.0139841
200.682 0.0137888 0 0.0137888
202.086 0.0135962 0 0.0135962
203.501 0.0134063 0 0.0134063
204.925 0.0132191 0 0.0132191
206.36 0.0130344 0 0.0130344
207.804 0.0128522 0 0.0128522
209.259 0.0126724 0 0.0126724
210.724 0.0124953 0 0.0124953
212.199 0.0123206 0 0.0123206
213.684 0.0121484 0 0.0121484
215.18 0.0119785 0 0.0119785
216.686 0.011811 0 0.011811
218.203 0.0116458 0 0.0116458
219.731 0.011483 0 0.011483
221.269 0.0113223 0 0.0113223
222.818 0.0111639 0 0.0111639
224.377 0.0110077 0 0.0110077
225.948 0.0108537 0 0.0108537
227.53 0.0107018 0 0.0107018
229.122 0.010552 0 0.010552
230.726 0.0104043 0 0.0104043
232.341 0.0102586 0 0.0102586
233.968 0.010115 0 0.010115
235.605 0.00997315 0 0.00997315
237.255 0.00983349 0 0.00983349
238.915 0.00969577 0 0.00969577
240.588 0.00955996 0 0.00955996
242.272 0.00942605 0 0.00942605
243.968 0.00929399 0 0.00929399
245.676 0.00916378 0 0.00916378
247.395 0.00903537 0 0.00903537
249.127 0.00890876 0 0.00890876
250.871 0.0087839 0 0.0087839
252.627 0.00866079 0 0.00866079
254.396 0.00853938 0 0.00853938
256.176 0.00841967 0 0.00841967
257.97 0.00830163 0 0.00830163
259.775 0.00818523 0 0.00818523
261.594 0.00807046 0 0.00807046
263.425 0.00795713 0 0.00795713
265.269 0.00784554 0 0.00784554
267.126 0.0077355 0 0.0077355
268.996 0.007627 0 0.007627
270.879 0.00752002 0 0.00752002
272.775 0.00741452 0 0.00741452
274.684 0.0073105 0 0.0073105
276.607 0.00720793 0 0.00720793
278.543 0.00710679 0 0.00710679
280.493 0.00700706 0 0.00700706
282.456 0.00690873 0 0.00690873
284.434 0.00681176 0 0.00681176
286.425 0.00671616 0 0.00671616
288.43 0.00662188 0 0.00662188
290.449 0.00652893 0 0.00652893
292.482 0.00643727 0 0.00643727
294.529 0.00634689 0 0.00634689
296.591 0.00625766 0 0.00625766
298.667 0.0061698 0 0.0061698
300.758 0.00608316 0 0.00608316
302.863 0.00599774 0 0.00599774
304.983 0.00591351 0 0.00591351
307.118 0.00583046 0 0.00583046
309.268 0.00574857 0 0.00574857
311.433 0.00566783 0 0.00566783
313.613 0.00558821 0 0.00558821
315.808 0.00550971 0 0.00550971
318.019 0.00543231 0 0.00543231
320.245 0.00535599 0 0.00535599
322.486 0.00528074 0 0.00528074
324.744 0.00520654 0 0.00520654
327.017 0.00513338 0 0.00513338
329.306 0.00506124 0 0.00506124
331.611 0.00499002 0 0.00499002
333.933 0.0049199 0 0.0049199
336.27 0.00485075 0 0.00485075
338.624 0.00478258 0 0.00478258
340.994 0.00471536 0 0.00471536
343.381 0.00464908 0 0.00464908
345.785 0.00458373 0 0.00458373
348.206 0.0045193 0 0.0045193
350.643 0.00445577 0 0.00445577
353.097 0.00439312 0 0.00439312
355.569 0.00433136 0 0.00433136
358.058 0.00427046 0 0.00427046
360.565 0.00421042 0 0.00421042
363.088 0.00415122 0 0.00415122
365.63 0.00409284 0 0.00409284
368.19 0.00403529 0 0.00403529
370.767 0.00397854 0 0.00397854
373.362 0.00392252 0 0.00392252
375.976 0.00386735 0 0.00386735
378.608 0.00381297 0 0.00381297
381.258 0.00375934 0 0.00375934
383.927 0.00370646 0 0.00370646
386.614 0.00365433 0 0.00365433
389.32 0.00360293 0 0.00360293
392.046 0.00355225 0 0.00355225
394.79 0.00350228 0 0.00350228
397.553 0.00345301 0 0.00345301
400.336 0.00340444 0 0.00340444
403.139 0.00335654 0 0.00335654
405.961 0.00330932 0 0.00330932
408.802 0.00326276 0 0.00326276
411.664 0.00321685 0 0.00321685
414.546 0.00317159 0 0.00317159
417.448 0.0031269 0 0.0031269
420.37 0.00308291 0 0.00308291
423.312 0.00303953 0 0.00303953
426.275 0.00299676 0 0.00299676
429.259 0.00295459 0 0.00295459
432.264 0.00291301 0 0.00291301
435.29 0.00287202 0 0.00287202
438.337 0.0028316 0 0.0028316
441.405 0.00279175 0 0.00279175
444.495 0.00275246 0 0.00275246
447.607 0.00271372 0 0.00271372
450.74 0.00267552 0 0.00267552
453.895 0.00263787 0 0.00263787
457.072 0.00260074 0 0.00260074
460.272 0.00256413 0 0.00256413
463.494 0.00252804 0 0.00252804
466.738 0.00249245 0 0.00249245
470.005 0.00245732 0 0.00245732
473.295 0.00242273 0 0.00242273
476.609 0.00238863 0 0.00238863
479.945 0.002355 0 0.002355
483.304 0.00232185 0 0.00232185
486.688 0.00228916 0 0.00228916
490.094 0.00225694 0 0.00225694
493.525 0.00222516 0 0.00222516
496.98 0.00219383 0 0.00219383
500.459 0.00216295 0 0.00216295
503.962 0.00213249 0 0.00213249
507.489 0.00210247 0 0.00210247
511.042 0.00207287 0 0.00207287
514.619 0.00204368 0 0.00204368
518.222 0.0020149 0 0.0020149
521.849 0.00198653 0 0.00198653
525.502 0.00195852 0 0.00195852
529.181 0.00193095 0 0.00193095
532.885 0.00190376 0 0.00190376
536.615 0.00187695 0 0.00187695
540.371 0.00185052 0 0.00185052
544.154 0.00182446 0 0.00182446
547.963 0.00179877 0 0.00179877
551.799 0.00177344 0 0.00177344
555.661 0.00174846 0 0.00174846
559.551 0.00172384 0 0.00172384
563.468 0.00169956 0 0.00169956
567.412 0.00167563 0 0.00167563
571.384 0.00165203 0 0.00165203
575.384 0.00162876 0 0.00162876
579.411 0.00160582 0 0.00160582
583.467 0.00158321 0 0.00158321
587.551 0.00156091 0 0.00156091
591.664 0.0015389 0 0.0015389
595.806 0.00151722 0 0.00151722
599.977 0.00149585 0 0.00149585
604.176 0.00147479 0 0.00147479
608.406 0.00145401 0 0.00145401
612.665 0.00143354 0 0.00143354
616.953 0.00141334 0 0.00141334
621.272 0.00139344 0 0.00139344
625.621 0.00137381 0 0.00137381
630 0.00135446 0 0.00135446
634.41 0.00133538 0 0.00133538
638.851 0.00131657 0 0.00131657
643.323 0.00129802 0 0.00129802
647.826 0.00127974 0 0.00127974
652.361 0.00126171 0 0.00126171
656.928 0.00124394 0 0.00124394
661.526 0.00122639 0 0.00122639
666.157 0.00120912 0 0.00120912
670.82 0.00119209 0 0.00119209
675.516 0.00117529 0 0.00117529
680.244 0.00115874 0 0.00115874
685.006 0.00114241 0 0.00114241
689.801 0.00112632 0 0.00112632
694.629 0.00111045 0 0.00111045
699.492 0.00109481 0 0.00109481
704.388 0.00107939 0 0.00107939
709.319 0.00106418 0 0.00106418
714.284 0.00104919 0 0.00104919
719.284 0.00103441 0 0.00103441
724.319 0.00101984 0 0.00101984
729.39 0.00100547 0 0.00100547
734.495 0.000991303 0 0.000991303
739.637 0.000977337 0 0.000977337
744.814 0.00096355 0 0.00096355
750.028 0.000949976 0 0.000949976
755.278 0.000936593 0 0.000936593
760.565 0.000923398 0 0.000923398
765.889 0.000910388 0 0.000910388
771.25 0.000897562 0 0.000897562
776.649 0.000884917 0 0.000884917
782.085 0.00087245 0 0.00087245
787.56 0.000860158 0 0.000860158
793.073 0.000848039 0 0.000848039
798.625 0.000836091 0 0.000836091
804.215 0.000824311 0 0.000824311
809.844 0.000812697 0 0.000812697
815.513 0.000801246 0 0.000801246
821.222 0.000789957 0 0.000789957
826.97 0.000778827 0 0.000778827
832.759 0.000767839 0 0.000767839
838.589 0.000757021 0 0.000757021
844.459 0.000746355 0 0.000746355
850.37 0.00073584 0 0.00073584
856.322 0.000725472 0 0.000725472
862.317 0.000715251 0 0.000715251
868.353 0.000705173 0 0.000705173
874.431 0.000695238 0 0.000695238
880.552 0.000685442 0 0.000685442
886.716 0.000675784 0 0.000675784
892.923 0.000666262 0 0.000666262
899.174 0.000656874 0 0.000656874
905.468 0.000647619 0 0.000647619
911.806 0.000638494 0 0.000638494
918.189 0.000629497 0 0.000629497
924.616 0.000620627 0 0.000620627
931.089 0.000611883 0 0.000611883
937.606 0.00060325 0 0.00060325
944.169 0.00059475 0 0.00059475
950.779 0.00058637 0 0.00058637
957.434 0.000578108 0 0.000578108
964.136 0.000569963 0 0.000569963
970.885 0.000561932 0 0.000561932
977.681 0.000554014 0 0.000554014
984.525 0.000546208 0 0.000546208
991.417 0.000538512 0 0.000538512
998.357 0.000530924 0 0.000530924
1005.35 0.000523443 0 0.000523443
1012.38 0.000516067 0 0.000516067
1019.47 0.000508795 0 0.000508795
1026.61 0.000501626 0 0.000501626
1033.79 0.000494558 0 0.000494558
1041.03 0.000487589 0 0.000487589
1048.32 0.00048071 0 0.00048071
1055.65 0.000473936 0 0.000473936
1063.04 0.000467258 0 0.000467258
1070.48 0.000460675 0 0.000460675
1077.98 0.000454183 0 0.000454183
1085.52 0.000447784 0 0.000447784
1093.12 0.000441474 0 0.000441474
1100.77 0.000435254 0 0.000435254
1108.48 0.000429121 0 0.000429121
1116.24 0.000423074 0 0.000423074
1124.05 0.000417113 0 0.000417113
1131.92 0.000411235 0 0.000411235
1139.84 0.00040544 0 0.00040544
1147.82 0.000399727 0 0.000399727
1155.86 0.000394095 0 0.000394095
1163.95 0.000388542 0 0.000388542
1172.1 0.000383067 0 0.000383067
1180.3 0.000377662 0 0.000377662
1188.56 0.000372341 0 0.000372341
1196.88 0.000367094 0 0.000367094
1205.26 0.000361922 0 0.000361922
1213.7 0.000356822 0 0.000356822
1222.19 0.000351794 0 0.000351794
1230.75 0.000346837 0 0.000346837
1239.37 0.00034195 0 0.00034195
1248.04 0.000337132 0 0.000337132
1256.78 0.000332381 0 0.000332381
1265.57 0.000327698 0 0.000327698
1274.43 0.00032308 0 0.00032308
1283.35 0.000318528 0 0.000318528
1292.34 0.000314039 0 0.000314039
1301.38 0.000309614 0 0.000309614
1310.49 0.000305251 0 0.000305251
1319.67 0.000300945 0 0.000300945
1328.91 0.000296704 0 0.000296704
1338.21 0.000292524 0 0.000292524
1347.57 0.000288402 0 0.000288402
1357.01 0.000284338 0 0.000284338
1366.51 0.000280332 0 0.000280332
1376.07 0.000276382 0 0.000276382
1385.71 0.000272487 0 0.000272487
1395.41 0.000268648 0 0.000268648
1405.17 0.000264862 0 0.000264862
1415.01 0.00026113 0 0.00026113
1424.91 0.000257451 0 0.000257451
1434.89 0.000253823 0 0.000253823
1444.93 0.000250247 0 0.000250247
1455.05 0.00024672 0 0.00024672
1465.23 0.000243244 0 0.000243244
1475.49 0.000239816 0 0.000239816
1485.82 0.000236433 0 0.000236433
1496.22 0.000233102 0 0.000233102
1506.69 0.000229817 0 0.000229817
1517.24 0.000226579 0 0.000226579
1527.86 0.000223386 0 0.000223386
1538.55 0.000220239 0 0.000220239
1549.32 0.000217136 0 0.000217136
1560.17 0.000214076 0 0.000214076
1571.09 0.00021106 0 0.00021106
1582.09 0.000208086 0 0.000208086
1593.16 0.000205154 0 0.000205154
1604.32 0.000202263 0 0.000202263
1615.55 0.000199413 0 0.000199413
1626.85 0.000196603 0 0.000196603
1638.24 0.000193833 0 0.000193833
1649.71 0.000191102 0 0.000191102
1661.26 0.000188406 0 0.000188406
1672.89 0.000185751 0 0.000185751
1684.6 0.000183134 0 0.000183134
1696.39 0.000180554 0 0.000180554
1708.26 0.00017801 0 0.00017801
1720.22 0.000175501 0 0.000175501
1732.26 0.000173029 0 0.000173029
1744.39 0.000170591 0 0.000170591
1756.6 0.000168187 0 0.000168187
1768.9 0.000165817 0 0.000165817
1781.28 0.000163481 0 0.000163481
1793.75 0.000161177 0 0.000161177
1806.3 0.000158906 0 0.000158906
1818.95 0.000156667 0 0.000156667
1831.68 0.00015446 0 0.00015446
1844.5 0.000152284 0 0.000152284
1857.41 0.000150138 0 0.000150138
1870.42 0.00014802 0 0.00014802
1883.51 0.000145934 0 0.000145934
1896.69 0.000143878 0 0.000143878
1909.97 0.000141851 0 0.000141851
1923.34 0.000139852 0 0.000139852
1936.8 0.000137882 0 0.000137882
1950.36 0.000135939 0 0.000135939
1964.01 0.000134024 0 0.000134024
1977.76 0.000132136 0 0.000132136
1991.61 0.000130274 0 0.000130274
2005.55 0.000128438 0 0.000128438
2019.59 0.000126629 0 0.000126629
2033.72 0.000124845 0 0.000124845
2047.96 0.000123086 0 0.000123086
2062.29 0.000121351 0 0.000121351
2076.73 0.000119642 0 0.000119642
2091.27 0.000117954 0 0.000117954
2105.91 0.000116292 0 0.000116292
2120.65 0.000114653 0 0.000114653
2135.49 0.000113038 0 0.000113038
2150.44 0.000111446 0 0.000111446
2165.49 0.000109875 0 0.000109875
2180.65 0.000108327 0 0.000108327
2195.92 0.000106801 0 0.000106801
2211.29 0.000105296 0 0.000105296
2226.77 0.000103813 0 0.000103813
2242.35 0.00010235 0 0.00010235
2258.05 0.000100908 0 0.000100908
2273.86 9.94864e-05 0 9.94864e-05
2289.77 9.80847e-05 0 9.80847e-05
2305.8 9.67028e-05 0 9.67028e-05
2321.94 9.53403e-05 0 9.53403e-05
2338.2 9.39971e-05 0 9.39971e-05
2354.56 9.26711e-05 0 9.26711e-05
2371.05 9.13655e-05 0 9.13655e-05
2387.64 9.00783e-05 0 9.00783e-05
2404.36 8.88093e-05 0 8.88093e-05
2421.19 8.75581e-05 0 8.75581e-05
2438.14 8.63245e-05 0 8.63245e-05
2455.2 8.51083e-05 0 8.51083e-05
2472.39 8.39093e-05 0 8.39093e-05
2489.7 8.27271e-05 0 8.27271e-05
2507.12 8.15616e-05 0 8.15616e-05
2524.67 8.04125e-05 0 8.04125e-05
2542.35 7.92796e-05 0 7.92796e-05
2560.14 7.81626e-05 0 7.81626e-05
2578.06 7.70614e-05 0 7.70614e-05
2596.11 7.59757e-05 0 7.59757e-05
2614.28 7.49053e-05 0 7.49053e-05
2632.58 7.38487e-05 0 7.38487e-05
2651.01 7.28084e-05 0 7.28084e-05
2669.57 7.17826e-05 0 7.17826e-05
2688.26 7.07714e-05 0 7.07714e-05
2707.07 6.97743e-05 0 6.97743e-05
2726.02 6.87914e-05 0 6.87914e-05
2745.1 6.78222e-05 0 6.78222e-05
2764.32 6.68667e-05 0 6.68667e-05
2783.67 6.59247e-05 0 6.59247e-05
2803.16 6.4996e-05 0 6.4996e-05
2822.78 6.40803e-05 0 6.40803e-05
2842.54 6.31775e-05 0 6.31775e-05
2862.44 6.22875e-05 0 6.22875e-05
2882.47 6.14099e-05 0 6.14099e-05
2902.65 6.05448e-05 0 6.05448e-05
2922.97 5.96918e-05 0 5.96918e-05
2943.43 5.88509e-05 0 5.88509e-05
2964.03 5.80208e-05 0 5.80208e-05
2984.78 5.72034e-05 0 5.72034e-05
3005.68 5.63976e-05 0 5.63976e-05
3026.71 5.56031e-05 0 5.56031e-05
3047.9 5.48198e-05 0 5.48198e-05
3069.24 5.40475e-05 0 5.40475e-05
3090.72 5.32861e-05 0 5.32861e-05
3112.36 5.25354e-05 0 5.25354e-05
3134.14 5.17953e-05 0 5.17953e-05
3156.08 5.10657e-05 0 5.10657e-05
3178.17 5.03463e-05 0 5.03463e-05
3200.42 4.9637e-05 0 4.9637e-05
3222.83 4.89377e-05 0 4.89377e-05
3245.38 4.82483e-05 0 4.82483e-05
3268.1 4.75686e-05 0 4.75686e-05
3290.98 4.68985e-05 0 4.68985e-05
3314.02 4.6237e-05 0 4.6237e-05
3337.21 4.55857e-05 0 4.55857e-05
3360.57 4.49435e-05 0 4.49435e-05
3384.1 4.43104e-05 0 4.43104e-05
3407.79 4.36862e-05 0 4.36862e-05
3431.64 4.30708e-05 0 4.30708e-05
3455.66 4.2464e-05 0 4.2464e-05
3479.85 4.18658e-05 0 4.18658e-05
3504.21 4.12761e-05 0 4.12761e-05
3528.74 4.06946e-05 0 4.06946e-05
3553.44 4.01214e-05 0 4.01214e-05
3578.32 3.95562e-05 0 3.95562e-05
3603.37 3.89989e-05 0 3.89989e-05
3628.59 3.84496e-05 0 3.84496e-05
3653.99 3.79079e-05 0 3.79079e-05
3679.57 3.73739e-05 0 3.73739e-05
3705.32 3.68474e-05 0 3.68474e-05
3731.26 3.63277e-05 0 3.63277e-05
3757.38 3.5816e-05 0 3.5816e-05
3783.68 3.53115e-05 0 3.53115e-05
3810.17 3.48141e-05 0 3.48141e-05
3836.84 3.43236e-05 0 3.43236e-05
3863.7 3.38401e-05 0 3.38401e-05
3890.74 3.33635e-05 0 3.33635e-05
3917.98 3.28935e-05 0 3.28935e-05
3945.4 3.24301e-05 0 3.24301e-05
3973.02 3.19733e-05 0 3.19733e-05
4000.83 3.15229e-05 0 3.15229e-05
4028.84 3.10789e-05 0 3.10789e-05
4057.04 3.06411e-05 0 3.06411e-05
4085.44 3.02094e-05 0 3.02094e-05
4114.04 2.97839e-05 0 2.97839e-05
4142.84 2.93643e-05 0 2.93643e-05
4171.84 2.89502e-05 0 2.89502e-05
4201.04 2.85424e-05 0 2.85424e-05
4230.45 2.81404e-05 0 2.81404e-05
4260.06 2.7744e-05 0 2.7744e-05
4289.88 2.73532e-05 0 2.73532e-05
4319.91 2.69679e-05 0 2.69679e-05
4350.15 2.6588e-05 0 2.6588e-05
4380.6 2.62135e-05 0 2.62135e-05
4411.26 2.58442e-05 0 2.58442e-05
4442.14 2.54802e-05 0 2.54802e-05
4473.24 2.51213e-05 0 2.51213e-05
4504.55 2.47674e-05 0 2.47674e-05
4536.08 2.44185e-05 0 2.44185e-05
4567.83 2.40746e-05 0 2.40746e-05
4599.81 2.37355e-05 0 2.37355e-05
4632.01 2.34011e-05 0 2.34011e-05
4664.43 2.30715e-05 0 2.30715e-05
4697.08 2.27461e-05 0 2.27461e-05
4729.96 2.24257e-05 0 2.24257e-05
4763.07 2.21099e-05 0 2.21099e-05
4796.41 2.17984e-05 0 2.17984e-05
4829.99 2.14914e-05 0 2.14914e-05
4863.8 2.11887e-05 0 2.11887e-05
4897.84 2.08902e-05 0 2.08902e-05
4932.13 2.0596e-05 0 2.0596e-05
4966.65 2.03059e-05 0 2.03059e-05
5001.42 2.00198e-05 0 2.00198e-05
5036.43 1.97379e-05 0 1.97379e-05
5071.69 1.94598e-05 0 1.94598e-05
5107.19 1.91857e-05 0 1.91857e-05
5142.94 1.89155e-05 0 1.89155e-05
5178.94 1.8649e-05 0 1.8649e-05
5215.19 1.83864e-05 0 1.83864e-05
5251.7 1.81271e-05 0 1.81271e-05
5288.46 1.78717e-05 0 1.78717e-05
5325.48 1.762e-05 0 1.762e-05
5362.76 1.73718e-05 0 1.73718e-05
5400.3 1.71272e-05 0 1.71272e-05
5438.1 1.68859e-05 0 1.68859e-05
5476.16 1.66481e-05 0 1.66481e-05
5514.5 1.64136e-05 0 1.64136e-05
5553.1 1.61824e-05 0 1.61824e-05
5591.97 1.59545e-05 0 1.59545e-05
5631.11 1.57298e-05 0 1.57298e-05
5670.53 1.55082e-05 0 1.55082e-05
5710.23 1.52898e-05 0 1.52898e-05
5750.2 1.50744e-05 0 1.50744e-05
5790.45 1.48621e-05 0 1.48621e-05
5830.98 1.46527e-05 0 1.46527e-05
5871.8 1.44464e-05 0 1.44464e-05
5912.9 1.42426e-05 0 1.42426e-05
5954.29 1.4042e-05 0 1.4042e-05
5995.97 1.38443e-05 0 1.38443e-05
6037.94 1.36493e-05 0 1.36493e-05
6080.21 1.3457e-05 0 1.3457e-05
6122.77 1.32675e-05 0 1.32675e-05
6165.63 1.30806e-05 0 1.30806e-05
6208.79 1.28964e-05 0 1.28964e-05
6252.25 1.27147e-05 0 1.27147e-05
6296.02 1.25357e-05 0 1.25357e-05
6340.09 1.23591e-05 0 1.23591e-05
6384.47 1.2185e-05 0 1.2185e-05
6429.16 1.20134e-05 0 1.20134e-05
6474.17 1.18442e-05 0 1.18442e-05
6519.48 1.16774e-05 0 1.16774e-05
6565.12 1.15129e-05 0 1.15129e-05
6611.08 1.13505e-05 0 1.13505e-05
6657.35 1.11907e-05 0 1.11907e-05
6703.96 1.10331e-05 0 1.10331e-05
6750.88 1.08777e-05 0 1.08777e-05
6798.14 1.07245e-05 0 1.07245e-05
6845.73 1.05734e-05 0 1.05734e-05
6893.65 1.04245e-05 0 1.04245e-05
6941.9 1.02777e-05 0 1.02777e-05
6990.5 1.01329e-05 0 1.01329e-05
7039.43 9.9902e-06 0 9.9902e-06
7088.71 9.8495e-06 0 9.8495e-06
7138.33 9.71077e-06 0 9.71077e-06
7188.29 9.574e-06 0 9.574e-06
7238.61 9.43916e-06 0 9.43916e-06
7289.28 9.30621e-06 0 9.30621e-06
7340.31 9.17514e-06 0 9.17514e-06
7391.69 9.04591e-06 0 9.04591e-06
7443.43 8.91835e-06 0 8.91835e-06
7495.54 8.79275e-06 0 8.79275e-06
7548 8.66891e-06 0 8.66891e-06
7600.84 8.54682e-06 0 8.54682e-06
7654.05 8.42645e-06 0 8.42645e-06
7707.62 8.30777e-06 0 8.30777e-06
7761.58 8.19076e-06 0 8.19076e-06
7815.91 8.0754e-06 0 8.0754e-06
7870.62 7.96167e-06 0 7.96167e-06
7925.71 7.84954e-06 0 7.84954e-06
7981.19 7.73898e-06 0 7.73898e-06
8037.06 7.62999e-06 0 7.62999e-06
8093.32 7.52252e-06 0 7.52252e-06
8149.98 7.41658e-06 0 7.41658e-06
8207.03 7.31212e-06 0 7.31212e-06
8264.47 7.20913e-06 0 7.20913e-06
8322.33 7.10748e-06 0 7.10748e-06
8380.58 7.00738e-06 0 7.00738e-06
8439.25 6.90869e-06 0 6.90869e-06
8498.32 6.81139e-06 0 6.81139e-06
8557.81 6.71546e-06 0 6.71546e-06
8617.71 6.62088e-06 0 6.62088e-06
8678.04 6.52764e-06 0 6.52764e-06
8738.78 6.4357e-06 0 6.4357e-06
8799.96 6.34506e-06 0 6.34506e-06
8861.56 6.2557e-06 0 6.2557e-06
8923.59 6.1676e-06 0 6.1676e-06
8986.05 6.08073e-06 0 6.08073e-06
9048.95 5.99509e-06 0 5.99509e-06
9112.3 5.91066e-06 0 5.91066e-06
9176.08 5.82741e-06 0 5.82741e-06
9240.32 5.74534e-06 0 5.74534e-06
9305 5.66442e-06 0 5.66442e-06
9370.13 5.58455e-06 0 5.58455e-06
9435.72 5.5059e-06 0 5.5059e-06
9501.77 5.42836e-06 0 5.42836e-06
9568.29 5.35191e-06 0 5.35191e-06
9635.26 5.27654e-06 0 5.27654e-06
9702.71 5.20223e-06 0 5.20223e-06
9770.63 5.12896e-06 0 5.12896e-06
9839.02 5.05673e-06 0 5.05673e-06
9907.9 4.98551e-06 0 4.98551e-06
9977.25 4.9153e-06 0 4.9153e-06
10047.1 4.84607e-06 0 4.84607e-06
10117.4 4.77782e-06 0 4.77782e-06
10188.2 4.71053e-06 0 4.71053e-06
10259.6 4.64419e-06 0 4.64419e-06
10331.4 4.57878e-06 0 4.57878e-06
10403.7 4.51429e-06 0 4.51429e-06
10476.5 4.45064e-06 0 4.45064e-06
10549.9 4.38796e-06 0 4.38796e-06
10623.7 4.32616e-06 0 4.32616e-06
10698.1 4.26524e-06 0 4.26524e-06
10773 4.20517e-06 0 4.20517e-06
10848.4 4.14595e-06 0 4.14595e-06
10924.3 4.08756e-06 0 4.08756e-06
11000.8 4.02999e-06 0 4.02999e-06
11077.8 3.97324e-06 0 3.97324e-06
11155.3 3.91728e-06 0 3.91728e-06
11233.4 3.86211e-06 0 3.86211e-06
11312.1 3.80772e-06 0 3.80772e-06
11391.2 3.75409e-06 0 3.75409e-06
11471 3.70122e-06 0 3.70122e-06
11551.3 3.64909e-06 0 3.64909e-06
11632.1 3.5977e-06 0 3.5977e-06
11713.6 3.54703e-06 0 3.54703e-06
11795.6 3.49702e-06 0 3.49702e-06
11878.1 3.44777e-06 0 3.44777e-06
11961.3 3.39922e-06 0 3.39922e-06
12045 3.35134e-06 0 3.35134e-06
12129.3 3.30415e-06 0 3.30415e-06
12214.2 3.25761e-06 0 3.25761e-06
12299.7 3.21174e-06 0 3.21174e-06
12385.8 3.1665e-06 0 3.1665e-06
12472.5 3.12191e-06 0 3.12191e-06
12559.8 3.07794e-06 0 3.07794e-06
12647.7 3.03459e-06 0 3.03459e-06
12736.3 2.99186e-06 0 2.99186e-06
12825.4 2.94972e-06 0 2.94972e-06
12915.2 2.90818e-06 0 2.90818e-06
13005.6 2.86722e-06 0 2.86722e-06
13096.7 2.82684e-06 0 2.82684e-06
13188.3 2.78698e-06 0 2.78698e-06
13280.6 2.74773e-06 0 2.74773e-06
13373.6 2.70904e-06 0 2.70904e-06
13467.2 2.67088e-06 0 2.67088e-06
13561.5 2.63327e-06 0 2.63327e-06
13656.4 2.59619e-06 0 2.59619e-06
13752 2.55962e-06 0 2.55962e-06
13848.3 2.52357e-06 0 2.52357e-06
13945.2 2.48803e-06 0 2.48803e-06
14042.8 2.45299e-06 0 2.45299e-06
14141.1 2.41845e-06 0 2.41845e-06
14240.1 2.38439e-06 0 2.38439e-06
14339.8 2.35081e-06 0 2.35081e-06
14440.2 2.3177e-06 0 2.3177e-06
14541.3 2.28506e-06 0 2.28506e-06
14643.1 2.25288e-06 0 2.25288e-06
14745.6 2.22115e-06 0 2.22115e-06
14848.8 2.18983e-06 0 2.18983e-06
14952.7 2.15899e-06 0 2.15899e-06
15057.4 2.12859e-06 0 2.12859e-06
15162.8 2.09861e-06 0 2.09861e-06
15268.9 2.06905e-06 0 2.06905e-06
15375.8 2.03992e-06 0 2.03992e-06
15483.4 2.01119e-06 0 2.01119e-06
15591.8 1.98286e-06 0 1.98286e-06
15701 1.95494e-06 0 1.95494e-06
15810.9 1.9274e-06 0 1.9274e-06
15921.6 1.90026e-06 0 1.90026e-06
16033 1.8735e-06 0 1.8735e-06
16145.2 1.84711e-06 0 1.84711e-06
16258.3 1.8211e-06 0 1.8211e-06
16372.1 1.79545e-06 0 1.79545e-06
16486.7 1.77016e-06 0 1.77016e-06
16602.1 1.7452e-06 0 1.7452e-06
16718.3 1.72063e-06 0 1.72063e-06
16835.3 1.6964e-06 0 1.6964e-06
16953.2 1.6725e-06 0 1.6725e-06
17071.8 1.64895e-06 0 1.64895e-06
17191.3 1.62573e-06 0 1.62573e-06
17311.7 1.60283e-06 0 1.60283e-06
17432.9 1.58026e-06 0 1.58026e-06
17554.9 1.558e-06 0 1.558e-06
17677.8 1.53606e-06 0 1.53606e-06
17801.5 1.51443e-06 0 1.51443e-06
17926.1 1.4931e-06 0 1.4931e-06
18051.6 1.47207e-06 0 1.47207e-06
18178 1.45134e-06 0 1.45134e-06
18305.2 1.4309e-06 0 1.4309e-06
18433.4 1.41075e-06 0 1.41075e-06
18562.4 1.39088e-06 0 1.39088e-06
18692.3 1.37127e-06 0 1.37127e-06
18823.2 1.35195e-06 0 1.35195e-06
18954.9 1.33291e-06 0 1.33291e-06
19087.6 1.31414e-06 0 1.31414e-06
19221.2 1.29564e-06 0 1.29564e-06
19355.8 1.27739e-06 0 1.27739e-06
19491.3 1.2594e-06 0 1.2594e-06
19627.7 1.24166e-06 0 1.24166e-06
19765.1 1.22417e-06 0 1.22417e-06
19903.5 1.20693e-06 0 1.20693e-06
20042.8 1.18993e-06 0 1.18993e-06
20183.1 1.17318e-06 0 1.17318e-06
20324.4 1.15665e-06 0 1.15665e-06
20466.6 1.14036e-06 0 1.14036e-06
20609.9 1.1243e-06 0 1.1243e-06
20754.2 1.10847e-06 0 1.10847e-06
20899.4 1.09286e-06 0 1.09286e-06
21045.7 1.07745e-06 0 1.07745e-06
21193.1 1.06227e-06 0 1.06227e-06
21341.4 1.04731e-06 0 1.04731e-06
21490.8 1.03256e-06 0 1.03256e-06
21641.2 1.01802e-06 0 1.01802e-06
21792.7 1.00368e-06 0 1.00368e-06
21945.3 9.89546e-07 0 9.89546e-07
22098.9 9.7561e-07 0 9.7561e-07
22253.6 9.61869e-07 0 9.61869e-07
22409.4 9.48322e-07 0 9.48322e-07
22566.2 9.34966e-07 0 9.34966e-07
22724.2 9.21798e-07 0 9.21798e-07
22883.3 9.08815e-07 0 9.08815e-07
23043.4 8.96015e-07 0 8.96015e-07
23204.8 8.83395e-07 0 8.83395e-07
23367.2 8.70953e-07 0 8.70953e-07
23530.8 8.58672e-07 0 8.58672e-07
23695.5 8.46579e-07 0 8.46579e-07
23861.3 8.34656e-07 0 8.34656e-07
24028.4 8.22901e-07 0 8.22901e-07
24196.6 8.11311e-07 0 8.11311e-07
24365.9 7.99884e-07 0 7.99884e-07
24536.5 7.88619e-07 0 7.88619e-07
24708.3 7.77512e-07 0 7.77512e-07
24881.2 7.66561e-07 0 7.66561e-07
25055.4 7.55764e-07 0 7.55764e-07
25230.8 7.4512e-07 0 7.4512e-07
25407.4 7.34625e-07 0 7.34625e-07
25585.2 7.24278e-07 0 7.24278e-07
25764.3 7.14077e-07 0 7.14077e-07
25944.7 7.0402e-07 0 7.0402e-07
26126.3 6.94104e-07 0 6.94104e-07
26309.2 6.84327e-07 0 6.84327e-07
26493.3 6.74678e-07 0 6.74678e-07
26678.8 6.65176e-07 0 6.65176e-07
26865.6 6.55807e-07 0 6.55807e-07
27053.6 6.4657e-07 0 6.4657e-07
27243 6.37464e-07 0 6.37464e-07
27433.7 6.28485e-07 0 6.28485e-07
27625.7 6.19633e-07 0 6.19633e-07
27819.1 6.10906e-07 0 6.10906e-07
28013.8 6.02302e-07 0 6.02302e-07
28209.9 5.93818e-07 0 5.93818e-07
28407.4 5.85454e-07 0 5.85454e-07
28606.3 5.77208e-07 0 5.77208e-07
28806.5 5.69078e-07 0 5.69078e-07
29008.1 5.61063e-07 0 5.61063e-07
29211.2 5.5316e-07 0 5.5316e-07
29415.7 5.45369e-07 0 5.45369e-07
29621.6 5.37678e-07 0 5.37678e-07
29828.9 5.30105e-07 0 5.30105e-07
30037.7 5.22639e-07 0 5.22639e-07
30248 5.15277e-07 0 5.15277e-07
30459.7 5.0802e-07 0 5.0802e-07
30673 5.00864e-07 0 5.00864e-07
30887.7 4.93809e-07 0 4.93809e-07
31103.9 4.86854e-07 0 4.86854e-07
31321.6 4.79996e-07 0 4.79996e-07
31540.9 4.73236e-07 0 4.73236e-07
31761.7 4.6657e-07 0 4.6657e-07
31984 4.59998e-07 0 4.59998e-07
32207.9 4.53519e-07 0 4.53519e-07
32433.3 4.4713e-07 0 4.4713e-07
32660.4 4.40832e-07 0 4.40832e-07
32889 4.34623e-07 0 4.34623e-07
33119.2 4.28501e-07 0 4.28501e-07
33351 4.22458e-07 0 4.22458e-07
33584.5 4.16508e-07 0 4.16508e-07
33819.6 4.10641e-07 0 4.10641e-07
34056.3 4.04857e-07 0 4.04857e-07
34294.7 3.99154e-07 0 3.99154e-07
34534.8 3.93532e-07 0 3.93532e-07
34776.5 3.87988e-07 0 3.87988e-07
35020 3.82523e-07 0 3.82523e-07
35265.1 3.77135e-07 0 3.77135e-07
35512 3.71823e-07 0 3.71823e-07
35760.5 3.66585e-07 0 3.66585e-07
36010.9 3.61421e-07 0 3.61421e-07
36262.9 3.5633e-07 0 3.5633e-07
36516.8 3.51311e-07 0 3.51311e-07
36772.4 3.46362e-07 0 3.46362e-07
37029.8 3.41483e-07 0 3.41483e-07
37289 3.36667e-07 0 3.36667e-07
37550 3.31925e-07 0 3.31925e-07
37812.9 3.27249e-07 0 3.27249e-07
38077.6 3.22639e-07 0 3.22639e-07
38344.1 3.18095e-07 0 3.18095e-07
38612.5 3.13614e-07 0 3.13614e-07
38882.8 3.09196e-07 0 3.09196e-07
39155 3.0484e-07 0 3.0484e-07
39429.1 3.00546e-07 0 3.00546e-07
39705.1 2.96312e-07 0 2.96312e-07
39983 2.92138e-07 0 2.92138e-07
40262.9 2.88023e-07 0 2.88023e-07
40544.7 2.83965e-07 0 2.83965e-07
40828.6 2.79965e-07 0 2.79965e-07
41114.4 2.76021e-07 0 2.76021e-07
41402.2 2.72133e-07 0 2.72133e-07
41692 2.68299e-07 0 2.68299e-07
41983.8 2.64515e-07 0 2.64515e-07
42277.7 2.60789e-07 0 2.60789e-07
42573.6 2.57115e-07 0 2.57115e-07
42871.7 2.53493e-07 0 2.53493e-07
43171.8 2.49922e-07 0 2.49922e-07
43474 2.46401e-07 0 2.46401e-07
43778.3 2.4293e-07 0 2.4293e-07
44084.7 2.39508e-07 0 2.39508e-07
44393.3 2.36134e-07 0 2.36134e-07
44704.1 2.32807e-07 0 2.32807e-07
45017 2.29527e-07 0 2.29527e-07
45332.1 2.26294e-07 0 2.26294e-07
45649.5 2.23106e-07 0 2.23106e-07
45969 2.19962e-07 0 2.19962e-07
46290.8 2.16863e-07 0 2.16863e-07
46614.8 2.13808e-07 0 2.13808e-07
46941.1 2.10793e-07 0 2.10793e-07
47269.7 2.07823e-07 0 2.07823e-07
47600.6 2.04895e-07 0 2.04895e-07
47933.8 2.02008e-07 0 2.02008e-07
48269.3 1.99162e-07 0 1.99162e-07
48607.2 1.96357e-07 0 1.96357e-07
48947.5 1.9359e-07 0 1.9359e-07
49290.1 1.90863e-07 0 1.90863e-07
49635.1 1.88174e-07 0 1.88174e-07
49982.6 1.85523e-07 0 1.85523e-07
50332.5 1.82909e-07 0 1.82909e-07
50684.8 1.80332e-07 0 1.80332e-07
51039.6 1.77791e-07 0 1.77791e-07
51396.9 1.75286e-07 0 1.75286e-07
51756.6 1.72816e-07 0 1.72816e-07
52118.9 1.70381e-07 0 1.70381e-07
52483.8 1.67981e-07 0 1.67981e-07
52851.1 1.65611e-07 0 1.65611e-07
53221.1 1.63278e-07 0 1.63278e-07
53593.7 1.60977e-07 0 1.60977e-07
53968.8 1.58709e-07 0 1.58709e-07
54346.6 1.56473e-07 0 1.56473e-07
54727 1.54269e-07 0 1.54269e-07
55110.1 1.52095e-07 0 1.52095e-07
55495.9 1.49952e-07 0 1.49952e-07
55884.3 1.47839e-07 0 1.47839e-07
56275.5 1.45756e-07 0 1.45756e-07
56669.5 1.43702e-07 0 1.43702e-07
57066.2 1.41677e-07 0 1.41677e-07
57465.6 1.39681e-07 0 1.39681e-07
57867.9 1.37713e-07 0 1.37713e-07
58273 1.35772e-07 0 1.35772e-07
58680.9 1.33859e-07 0 1.33859e-07
59091.6 1.31971e-07 0 1.31971e-07
59505.3 1.30111e-07 0 1.30111e-07
59921.8 1.28278e-07 0 1.28278e-07
60341.3 1.2647e-07 0 1.2647e-07
60763.6 1.24688e-07 0 1.24688e-07
61189 1.22931e-07 0 1.22931e-07
61617.3 1.21199e-07 0 1.21199e-07
62048.6 1.19491e-07 0 1.19491e-07
62483 1.17807e-07 0 1.17807e-07
62920.4 1.16147e-07 0 1.16147e-07
63360.8 1.14511e-07 0 1.14511e-07
63804.3 1.12897e-07 0 1.12897e-07
64251 1.11306e-07 0 1.11306e-07
64700.7 1.09737e-07 0 1.09737e-07
65153.6 1.08191e-07 0 1.08191e-07
65609.7 1.06666e-07 0 1.06666e-07
66069 1.05163e-07 0 1.05163e-07
66531.4 1.03679e-07 0 1.03679e-07
66997.2 1.02218e-07 0 1.02218e-07
67466.1 1.00778e-07 0 1.00778e-07
67938.4 9.93576e-08 0 9.93576e-08
68414 9.79574e-08 0 9.79574e-08
68892.9 9.65769e-08 0 9.65769e-08
69375.1 9.52159e-08 0 9.52159e-08
69860.8 9.3874e-08 0 9.3874e-08
70349.8 9.2551e-08 0 9.2551e-08
70842.2 9.12466e-08 0 9.12466e-08
71338.1 8.99607e-08 0 8.99607e-08
71837.5 8.86928e-08 0 8.86928e-08
72340.4 8.74428e-08 0 8.74428e-08
72846.7 8.62103e-08 0 8.62103e-08
73356.7 8.49953e-08 0 8.49953e-08
73870.2 8.37973e-08 0 8.37973e-08
74387.2 8.26149e-08 0 8.26149e-08
74908 8.14506e-08 0 8.14506e-08
75432.3 8.03026e-08 0 8.03026e-08
75960.3 7.91708e-08 0 7.91708e-08
76492.1 7.80549e-08 0 7.80549e-08
77027.5 7.69548e-08 0 7.69548e-08
77566.7 7.58701e-08 0 7.58701e-08
78109.7 7.48008e-08 0 7.48008e-08
78656.4 7.37464e-08 0 7.37464e-08
79207 7.2707e-08 0 7.2707e-08
79761.5 7.16821e-08 0 7.16821e-08
80319.8 7.06717e-08 0 7.06717e-08
80882 6.96756e-08 0 6.96756e-08
81448.2 6.86934e-08 0 6.86934e-08
82018.4 6.77251e-08 0 6.77251e-08
82592.5 6.67705e-08 0 6.67705e-08
83170.6 6.58292e-08 0 6.58292e-08
83752.8 6.49003e-08 0 6.49003e-08
84339.1 6.39854e-08 0 6.39854e-08
84929.5 6.30835e-08 0 6.30835e-08
85524 6.21942e-08 0 6.21942e-08
86122.6 6.13175e-08 0 6.13175e-08
86725.5 6.04531e-08 0 6.04531e-08
87332.6 5.96009e-08 0 5.96009e-08
87943.9 5.87607e-08 0 5.87607e-08
88559.5 5.79324e-08 0 5.79324e-08
89179.4 5.71157e-08 0 5.71157e-08
89803.7 5.63105e-08 0 5.63105e-08
90432.3 5.55166e-08 0 5.55166e-08
91065.3 5.47339e-08 0 5.47339e-08
91702.8 5.39623e-08 0 5.39623e-08
92344.7 5.32015e-08 0 5.32015e-08
92991.1 5.24514e-08 0 5.24514e-08
93642.1 5.17111e-08 0 5.17111e-08
94297.6 5.09821e-08 0 5.09821e-08
94957.7 5.02633e-08 0 5.02633e-08
95622.4 4.95547e-08 0 4.95547e-08
96291.7 4.8856e-08 0 4.8856e-08
96965.8 4.81672e-08 0 4.81672e-08
97644.5 4.74881e-08 0 4.74881e-08
98328 4.68185e-08 0 4.68185e-08
99016.3 4.61584e-08 0 4.61584e-08
99709.4 4.55076e-08 0 4.55076e-08
100407 4.48659e-08 0 4.48659e-08
101110 4.42333e-08 0 4.42333e-08
101818 4.36096e-08 0 4.36096e-08
102531 4.29946e-08 0 4.29946e-08
103248 4.23884e-08 0 4.23884e-08
103971 4.17907e-08 0 4.17907e-08
104699 4.12014e-08 0 4.12014e-08
105432 4.06197e-08 0 4.06197e-08
106170 4.00469e-08 0 4.00469e-08
106913 3.94822e-08 0 3.94822e-08
107662 3.89255e-08 0 3.89255e-08
108415 3.83766e-08 0 3.83766e-08
109174 3.78354e-08 0 3.78354e-08
109938 3.73018e-08 0 3.73018e-08
110708 3.67758e-08 0 3.67758e-08
111483 3.62571e-08 0 3.62571e-08
112263 3.57458e-08 0 3.57458e-08
113049 3.52417e-08 0 3.52417e-08
113840 3.47447e-08 0 3.47447e-08
114637 3.42547e-08 0 3.42547e-08
115440 3.37715e-08 0 3.37715e-08
116248 3.32952e-08 0 3.32952e-08
117061 3.28256e-08 0 3.28256e-08
117881 3.23626e-08 0 3.23626e-08
118706 3.19057e-08 0 3.19057e-08
119537 3.14557e-08 0 3.14557e-08
120374 3.1012e-08 0 3.1012e-08
121216 3.05746e-08 0 3.05746e-08
122065 3.01433e-08 0 3.01433e-08
122919 2.97182e-08 0 2.97182e-08
123780 2.9299e-08 0 2.9299e-08
124646 2.88857e-08 0 2.88857e-08
125519 2.84782e-08 0 2.84782e-08
126397 2.80765e-08 0 2.80765e-08
127282 2.76805e-08 0 2.76805e-08
128173 2.729e-08 0 2.729e-08
129070 2.6905e-08 0 2.6905e-08
129974 2.65254e-08 0 2.65254e-08
130884 2.61512e-08 0 2.61512e-08
131800 2.57823e-08 0 2.57823e-08
132722 2.54182e-08 0 2.54182e-08
133652 2.50596e-08 0 2.50596e-08
134587 2.4706e-08 0 2.4706e-08
135529 2.43575e-08 0 2.43575e-08
136478 2.40138e-08 0 2.40138e-08
137433 2.3675e-08 0 2.3675e-08
138395 2.3341e-08 0 2.3341e-08
139364 2.30117e-08 0 2.30117e-08
140340 2.2687e-08 0 2.2687e-08
141322 2.23669e-08 0 2.23669e-08
142311 2.20513e-08 0 2.20513e-08
143307 2.17401e-08 0 2.17401e-08
144311 2.14334e-08 0 2.14334e-08
145321 2.11309e-08 0 2.11309e-08
146338 2.08327e-08 0 2.08327e-08
147362 2.05388e-08 0 2.05388e-08
148394 2.02489e-08 0 2.02489e-08
149433 1.99628e-08 0 1.99628e-08
150479 1.96811e-08 0 1.96811e-08
151532 1.94034e-08 0 1.94034e-08
152593 1.91296e-08 0 1.91296e-08
153661 1.88596e-08 0 1.88596e-08
154737 1.85934e-08 0 1.85934e-08
155820 1.8331e-08 0 1.8331e-08
156910 1.80723e-08 0 1.80723e-08
158009 1.78172e-08 0 1.78172e-08
159115 1.75657e-08 0 1.75657e-08
160229 1.73178e-08 0 1.73178e-08
161350 1.70734e-08 0 1.70734e-08
162480 1.68324e-08 0 1.68324e-08
163617 1.65948e-08 0 1.65948e-08
164762 1.63605e-08 0 1.63605e-08
165916 1.61296e-08 0 1.61296e-08
167077 1.59016e-08 0 1.59016e-08
168247 1.56772e-08 0 1.56772e-08
169424 1.54558e-08 0 1.54558e-08
170610 1.52377e-08 0 1.52377e-08
171805 1.50225e-08 0 1.50225e-08
173007 1.48105e-08 0 1.48105e-08
174218 1.46014e-08 0 1.46014e-08
175438 1.43952e-08 0 1.43952e-08
176666 1.4192e-08 0 1.4192e-08
177903 1.39916e-08 0 1.39916e-08
179148 1.3794e-08 0 1.3794e-08
180402 1.35993e-08 0 1.35993e-08
181665 1.34072e-08 0 1.34072e-08
182936 1.32179e-08 0 1.32179e-08
184217 1.30313e-08 0 1.30313e-08
185507 1.28473e-08 0 1.28473e-08
186805 1.26658e-08 0 1.26658e-08
188113 1.24868e-08 0 1.24868e-08
189429 1.23104e-08 0 1.23104e-08
190755 1.21366e-08 0 1.21366e-08
192091 1.19652e-08 0 1.19652e-08
193435 1.17962e-08 0 1.17962e-08
194789 1.16296e-08 0 1.16296e-08
196153 1.14653e-08 0 1.14653e-08
197526 1.13034e-08 0 1.13034e-08
198909 1.11437e-08 0 1.11437e-08
200301 1.09863e-08 0 1.09863e-08
201703 1.08312e-08 0 1.08312e-08
203115 1.06782e-08 0 1.06782e-08
204537 1.05273e-08 0 1.05273e-08
205969 1.03786e-08 0 1.03786e-08
207410 1.0232e-08 0 1.0232e-08
208862 1.00874e-08 0 1.00874e-08
210324 9.94491e-09 0 9.94491e-09
211797 9.80424e-09 0 9.80424e-09
213279 9.66573e-09 0 9.66573e-09
214772 9.52917e-09 0 9.52917e-09
216276 9.39453e-09 0 9.39453e-09
217790 9.26179e-09 0 9.26179e-09
219314 9.13092e-09 0 9.13092e-09
220849 9.00189e-09 0 9.00189e-09
222395 8.87469e-09 0 8.87469e-09
223952 8.74928e-09 0 8.74928e-09
225520 8.62563e-09 0 8.62563e-09
227098 8.50373e-09 0 8.50373e-09
228688 8.38355e-09 0 8.38355e-09
230289 8.26506e-09 0 8.26506e-09
231901 8.14825e-09 0 8.14825e-09
233524 8.03308e-09 0 8.03308e-09
235159 7.91953e-09 0 7.91953e-09
236805 7.80746e-09 0 7.80746e-09
238462 7.6971e-09 0 7.6971e-09
240132 7.5883e-09 0 7.5883e-09
241813 7.48103e-09 0 7.48103e-09
243505 7.37528e-09 0 7.37528e-09
245210 7.27101e-09 0 7.27101e-09
246926 7.16822e-09 0 7.16822e-09
248655 7.06687e-09 0 7.06687e-09
250395 6.96695e-09 0 6.96695e-09
252148 6.86845e-09 0 6.86845e-09
253913 6.77133e-09 0 6.77133e-09
255691 6.67558e-09 0 6.67558e-09
257480 6.58118e-09 0 6.58118e-09
259283 6.48812e-09 0 6.48812e-09
261098 6.39636e-09 0 6.39636e-09
262925 6.3059e-09 0 6.3059e-09
264766 6.21672e-09 0 6.21672e-09
266619 6.12869e-09 0 6.12869e-09
268486 6.04201e-09 0 6.04201e-09
270365 5.95656e-09 0 5.95656e-09
272258 5.8723e-09 0 5.8723e-09
274163 5.78924e-09 0 5.78924e-09
276083 5.70735e-09 0 5.70735e-09
278015 5.62661e-09 0 5.62661e-09
279961 5.54701e-09 0 5.54701e-09
281921 5.46853e-09 0 5.46853e-09
283894 5.39117e-09 0 5.39117e-09
285882 5.31489e-09 0 5.31489e-09
287883 5.23969e-09 0 5.23969e-09
289898 5.16555e-09 0 5.16555e-09
291927 5.09245e-09 0 5.09245e-09
293971 5.02039e-09 0 5.02039e-09
296029 4.94934e-09 0 4.94934e-09
298101 4.87921e-09 0 4.87921e-09
300188 4.81016e-09 0 4.81016e-09
302289 4.74208e-09 0 4.74208e-09
304405 4.67497e-09 0 4.67497e-09
306536 4.6088e-09 0 4.6088e-09
308681 4.54356e-09 0 4.54356e-09
310842 4.47924e-09 0 4.47924e-09
313018 4.41584e-09 0 4.41584e-09
315209 4.35332e-09 0 4.35332e-09
317416 4.29169e-09 0 4.29169e-09
319638 4.23093e-09 0 4.23093e-09
321875 4.17102e-09 0 4.17102e-09
324128 4.11196e-09 0 4.11196e-09
326397 4.05374e-09 0 4.05374e-09
328682 3.99633e-09 0 3.99633e-09
330983 3.93974e-09 0 3.93974e-09
333300 3.88394e-09 0 3.88394e-09
335633 3.82887e-09 0 3.82887e-09
337982 3.77464e-09 0 3.77464e-09
340348 3.72118e-09 0 3.72118e-09
342730 3.66847e-09 0 3.66847e-09
345129 3.61651e-09 0 3.61651e-09
347545 3.56528e-09 0 3.56528e-09
349978 3.51477e-09 0 3.51477e-09
352428 3.46498e-09 0 3.46498e-09
354895 3.41589e-09 0 3.41589e-09
357379 3.36749e-09 0 3.36749e-09
359881 3.31977e-09 0 3.31977e-09
362400 3.27273e-09 0 3.27273e-09
364937 3.22635e-09 0 3.22635e-09
367491 3.18063e-09 0 3.18063e-09
370064 3.13555e-09 0 3.13555e-09
372654 3.09111e-09 0 3.09111e-09
375263 3.0473e-09 0 3.0473e-09
377890 3.00406e-09 0 3.00406e-09
380535 2.96147e-09 0 2.96147e-09
383199 2.91949e-09 0 2.91949e-09
385881 2.87811e-09 0 2.87811e-09
388582 2.8373e-09 0 2.8373e-09
391302 2.79708e-09 0 2.79708e-09
394041 2.75742e-09 0 2.75742e-09
396800 2.71832e-09 0 2.71832e-09
399577 2.67977e-09 0 2.67977e-09
402374 2.64177e-09 0 2.64177e-09
405191 2.6043e-09 0 2.6043e-09
408027 2.56737e-09 0 2.56737e-09
410884 2.53095e-09 0 2.53095e-09
413760 2.49505e-09 0 2.49505e-09
416656 2.45966e-09 0 2.45966e-09
419573 2.42477e-09 0 2.42477e-09
422510 2.39037e-09 0 2.39037e-09
425467 2.35641e-09 0 2.35641e-09
428446 2.32298e-09 0 2.32298e-09
431445 2.29002e-09 0 2.29002e-09
434465 2.25753e-09 0 2.25753e-09
437506 2.22549e-09 0 2.22549e-09
440569 2.19391e-09 0 2.19391e-09
443653 2.16277e-09 0 2.16277e-09
446758 2.13207e-09 0 2.13207e-09
449885 2.10181e-09 0 2.10181e-09
453035 2.07198e-09 0 2.07198e-09
456206 2.04256e-09 0 2.04256e-09
459399 2.01356e-09 0 2.01356e-09
462615 1.98498e-09 0 1.98498e-09
465853 1.95679e-09 0 1.95679e-09
469114 1.92901e-09 0 1.92901e-09
472398 1.90161e-09 0 1.90161e-09
475705 1.87458e-09 0 1.87458e-09
479035 1.84795e-09 0 1.84795e-09
482388 1.82171e-09 0 1.82171e-09
485765 1.79584e-09 0 1.79584e-09
489165 1.77033e-09 0 1.77033e-09
492589 1.74518e-09 0 1.74518e-09
496037 1.72039e-09 0 1.72039e-09
499510 1.69594e-09 0 1.69594e-09
503006 1.67185e-09 0 1.67185e-09
506527 1.64809e-09 0 1.64809e-09
510073 1.62467e-09 0 1.62467e-09
513644 1.60159e-09 0 1.60159e-09
517239 1.57882e-09 0 1.57882e-09
520860 1.55638e-09 0 1.55638e-09
524506 1.53426e-09 0 1.53426e-09
528177 1.51245e-09 0 1.51245e-09
531875 1.49095e-09 0 1.49095e-09
535598 1.46973e-09 0 1.46973e-09
539347 1.44883e-09 0 1.44883e-09
543122 1.42823e-09 0 1.42823e-09
546924 1.40793e-09 0 1.40793e-09
550753 1.3879e-09 0 1.3879e-09
554608 1.36817e-09 0 1.36817e-09
558490 1.34871e-09 0 1.34871e-09
562400 1.32952e-09 0 1.32952e-09
566336 1.31061e-09 0 1.31061e-09
570301 1.29197e-09 0 1.29197e-09
574293 1.27359e-09 0 1.27359e-09
578313 1.25547e-09 0 1.25547e-09
582361 1.23761e-09 0 1.23761e-09
586438 1.22e-09 0 1.22e-09
590543 1.20263e-09 0 1.20263e-09
594676 1.18552e-09 0 1.18552e-09
598839 1.16865e-09 0 1.16865e-09
603031 1.15199e-09 0 1.15199e-09
607252 1.13559e-09 0 1.13559e-09
611503 1.11943e-09 0 1.11943e-09
615784 1.10349e-09 0 1.10349e-09
620094 1.08778e-09 0 1.08778e-09
624435 1.07229e-09 0 1.07229e-09
628806 1.05702e-09 0 1.05702e-09
633207 1.04197e-09 0 1.04197e-09
637640 1.02713e-09 0 1.02713e-09
642103 1.0125e-09 0 1.0125e-09
646598 9.98079e-10 0 9.98079e-10
