6.71669 0.998297 111.702 3.07436e-49
6.76371 0.998119 110.724 8.17415e-49
6.81105 0.997924 109.734 2.19982e-48
6.85873 0.997712 108.748 5.89597e-48
6.90674 0.997482 107.758 1.58531e-47
6.95509 0.997233 106.756 4.31676e-47
7.00377 0.996963 105.746 1.18501e-46
7.0528 0.996671 104.727 3.28303e-46
7.10217 0.996356 103.703 9.1408e-46
7.15189 0.996016 102.672 2.55999e-45
7.20195 0.995651 101.637 7.20907e-45
7.25236 0.995257 100.597 2.03892e-44
7.30313 0.994835 99.5515 5.7953e-44
7.35425 0.994381 98.501 1.65612e-43
7.40573 0.993895 97.4448 4.75975e-43
7.45757 0.993375 96.3834 1.37509e-42
7.50977 0.992819 95.3149 4.00072e-42
7.56234 0.992225 94.2355 1.17671e-41
7.61528 0.991592 93.1468 3.49282e-41
7.66859 0.990917 92.0631 1.03166e-40
7.72227 0.990199 90.9763 3.05653e-40
7.77632 0.989435 89.8791 9.14889e-40
7.83076 0.988624 88.7767 2.75306e-39
7.88557 0.987765 87.6632 8.37582e-39
7.94077 0.986854 86.5561 2.53171e-38
7.99636 0.98589 85.4401 7.72122e-38
8.05233 0.984871 84.3191 2.36627e-37
8.1087 0.983794 83.1902 7.30893e-37
8.16546 0.982658 82.0669 2.24487e-36
8.22261 0.98146 80.9253 7.02198e-36
8.28017 0.980199 79.791 2.18044e-35
8.33813 0.978872 78.6411 6.87575e-35
8.3965 0.977477 77.5 2.1492e-34
8.45528 0.976013 76.3512 6.76945e-34
8.51446 0.974477 75.2021 2.13267e-33
8.57407 0.972867 74.0364 6.83066e-33
8.63408 0.971181 72.8794 2.16866e-32
8.69452 0.969417 71.7204 6.89824e-32
8.75538 0.96757 70.5586 2.20018e-31
8.81667 0.965645 69.3912 7.05669e-31
8.87839 0.963636 68.2171 2.27831e-30
8.94054 0.961542 67.0472 7.32418e-30
9.00312 0.95936 65.871 2.3691e-29
9.06614 0.95709 64.6965 7.64947e-29
9.12961 0.954729 63.5197 2.47532e-28
9.19351 0.952275 62.3405 8.02868e-28
9.25787 0.949729 61.1664 2.59041e-27
9.32267 0.947087 59.9888 8.38666e-27
9.38793 0.944348 58.8054 2.73073e-26
9.45365 0.941512 57.6232 8.87973e-26
9.51982 0.938577 56.4467 2.87072e-25
9.58646 0.935542 55.2682 9.2983e-25
9.65357 0.932405 54.0849 3.02584e-24
9.72114 0.929167 52.9125 9.73793e-24
9.78919 0.92582 51.737 3.14352e-23
9.85771 0.922375 50.5619 1.01423e-22
9.92672 0.918825 49.3952 3.24452e-22
9.9962 0.915171 48.2223 1.04427e-21
10.0662 0.911411 47.0581 3.33134e-21
10.1366 0.907545 45.8938 1.06275e-20
10.2076 0.903574 44.7307 3.38572e-20
10.2791 0.899496 43.5827 1.06235e-19
10.351 0.895312 42.4281 3.35508e-19
10.4235 0.891023 41.2776 1.05496e-18
10.4964 0.886628 40.1397 3.2755e-18
10.5699 0.882127 39.008 1.01054e-17
10.6439 0.877521 37.8784 3.11087e-17
10.7184 0.872811 36.7568 9.49858e-17
10.7934 0.867997 35.6419 2.88033e-16
10.869 0.86308 34.5341 8.67093e-16
10.9451 0.858061 33.4345 2.58885e-15
11.0217 0.852933 32.3452 7.64824e-15
11.0988 0.847714 31.2611 2.24762e-14
11.1765 0.842395 30.1854 6.54906e-14
11.2548 0.836979 29.1279 1.87338e-13
11.3335 0.831467 28.0781 5.31731e-13
11.4129 0.825861 27.0385 1.49355e-12
11.4928 0.820161 26.0078 4.1579e-12
11.5732 0.814371 24.9962 1.13527e-11
11.6542 0.808491 23.9935 3.07198e-11
11.7358 0.802523 23.0074 8.17467e-11
11.818 0.79647 22.034 2.14744e-10
11.9007 0.790334 21.0776 5.54505e-10
11.984 0.784117 20.1308 1.41797e-09
12.0679 0.77782 19.2093 3.53496e-09
12.1524 0.771447 18.302 8.68693e-09
12.2374 0.764999 17.409 2.10384e-08
12.3231 0.75847 16.5379 4.98464e-08
12.4093 0.751882 15.6854 1.159e-07
12.4962 0.745226 14.8538 2.63842e-07
12.5837 0.738507 14.0425 5.88512e-07
12.6718 0.731726 13.251 1.28675e-06
12.7605 0.724886 12.4815 2.75184e-06
12.8498 0.71799 11.7339 5.75644e-06
12.9397 0.71104 11.0113 1.17421e-05
13.0303 0.70404 10.3127 2.33804e-05
13.1215 0.696993 9.63753 4.54674e-05
13.2134 0.6899 8.98808 8.61612e-05
13.3059 0.682766 8.36386 0.000159182
13.399 0.675593 7.76563 0.000286493
13.4928 0.668384 7.1915 0.000503265
13.5873 0.661142 6.64451 0.000860242
13.6824 0.65387 6.12442 0.00143116
13.7781 0.64657 5.62956 0.00232128
13.8746 0.639236 5.16255 0.00366095
13.9717 0.631891 4.72069 0.00562954
14.0695 0.624528 4.3048 0.00843341
14.168 0.61715 3.91574 0.0122972
14.2672 0.609759 3.55163 0.0174865
14.367 0.602358 3.21218 0.0242562
14.4676 0.594951 2.89679 0.0328415
14.5689 0.587539 2.60499 0.0434214
14.6709 0.580127 2.33531 0.0561447
14.7736 0.572715 2.08704 0.0710476
14.877 0.565309 1.86084 0.0879294
14.9811 0.557909 1.65404 0.106714
15.086 0.550518 1.46514 0.127194
15.1916 0.54314 1.29508 0.148754
15.2979 0.535777 1.14044 0.171277
15.405 0.528431 1.00208 0.193995
15.5129 0.521094 0.877659 0.216648
15.6214 0.513791 0.76624 0.238788
15.7308 0.506512 0.667051 0.259952
15.8409 0.499261 0.579078 0.279793
15.9518 0.492038 0.501293 0.29805
16.0635 0.484847 0.432741 0.314534
16.1759 0.477689 0.37252 0.329126
16.2891 0.470567 0.319748 0.341788
16.4032 0.463482 0.273526 0.352567
16.518 0.456437 0.233339 0.361446
16.6336 0.449434 0.198531 0.368506
16.75 0.442473 0.168322 0.373926
16.8673 0.435558 0.142212 0.37782
16.9854 0.42869 0.119954 0.380232
17.1043 0.42187 0.100776 0.381428
17.224 0.4151 0.0843767 0.381513
17.3446 0.408382 0.0704227 0.380612
17.466 0.401707 0.0585792 0.378852
17.5882 0.395097 0.0485563 0.376371
17.7114 0.388542 0.0400982 0.373271
17.8353 0.382045 0.0329697 0.369654
17.9602 0.375606 0.0270376 0.365586
18.0859 0.369226 0.0220479 0.361174
18.2125 0.362906 0.0179428 0.356453
18.34 0.356648 0.0145157 0.351509
18.4684 0.350452 0.0116943 0.346378
18.5976 0.34432 0.00939024 0.341102
18.7278 0.338252 0.00749942 0.335725
18.8589 0.332248 0.00596158 0.330274
18.9909 0.326311 0.00471364 0.324776
19.1239 0.320439 0.00370854 0.319253
19.2577 0.314635 0.00290664 0.313722
19.3925 0.308898 0.00226407 0.308199
19.5283 0.30322 0.0017561 0.302688
19.665 0.29762 0.00135568 0.297217
19.8026 0.292089 0.00103993 0.291785
19.9413 0.286626 0.000793412 0.286399
20.0809 0.281234 0.000603496 0.281064
20.2214 0.27591 0.00045629 0.275785
20.363 0.270657 0.000343213 0.270564
20.5055 0.265474 0.000256665 0.265406
20.649 0.260361 0.000190763 0.260311
20.7936 0.255318 0.000141135 0.255282
20.9391 0.250345 0.000103796 0.250319
21.0857 0.245443 7.57992e-05 0.245424
21.2333 0.24061 5.49325e-05 0.240597
21.382 0.235848 3.94333e-05 0.235839
21.5316 0.231156 2.806e-05 0.231149
21.6824 0.226533 1.97671e-05 0.226529
21.8341 0.22198 1.37603e-05 0.221977
21.987 0.21749 9.44696e-06 0.217488
22.1409 0.213076 6.36499e-06 0.213074
22.2959 0.20873 4.19077e-06 0.208729
22.4519 0.204453 2.68659e-06 0.204452
22.6091 0.200244 1.64943e-06 0.200244
22.7674 0.196103 9.71224e-07 0.196103
22.9267 0.192029 5.26812e-07 0.192029
23.0872 0.188022 2.49746e-07 0.188022
23.2488 0.184081 8.59892e-08 0.184081
23.4116 0.180206 2.21425e-09 0.180206
23.5755 0.176397 0 0.176397
23.7405 0.172652 0 0.172652
23.9067 0.168972 0 0.168972
24.074 0.165356 0 0.165356
24.2425 0.161803 0 0.161803
24.4122 0.158312 0 0.158312
24.5831 0.154879 0 0.154879
24.7552 0.151512 0 0.151512
24.9285 0.148207 0 0.148207
25.103 0.144961 0 0.144961
25.2787 0.141775 0 0.141775
25.4556 0.138647 0 0.138647
25.6338 0.135578 0 0.135578
25.8133 0.132567 0 0.132567
25.994 0.129612 0 0.129612
26.1759 0.126713 0 0.126713
26.3592 0.12387 0 0.12387
26.5437 0.121081 0 0.121081
26.7295 0.118347 0 0.118347
26.9166 0.115665 0 0.115665
27.105 0.113036 0 0.113036
27.2947 0.110459 0 0.110459
27.4858 0.107933 0 0.107933
27.6782 0.105454 0 0.105454
27.8719 0.103029 0 0.103029
28.067 0.100652 0 0.100652
28.2635 0.0983236 0 0.0983236
28.4614 0.0960425 0 0.0960425
28.6606 0.0938082 0 0.0938082
28.8612 0.0916199 0 0.0916199
29.0632 0.0894769 0 0.0894769
29.2667 0.0873785 0 0.0873785
29.4716 0.085324 0 0.085324
29.6779 0.0833126 0 0.0833126
29.8856 0.0813437 0 0.0813437
30.0948 0.0794165 0 0.0794165
30.3055 0.0775303 0 0.0775303
30.5176 0.0756845 0 0.0756845
30.7312 0.0738783 0 0.0738783
30.9463 0.0721085 0 0.0721085
31.163 0.0703798 0 0.0703798
31.3811 0.0686886 0 0.0686886
31.6008 0.0670344 0 0.0670344
31.822 0.0654164 0 0.0654164
32.0447 0.0638341 0 0.0638341
32.269 0.0622867 0 0.0622867
32.4949 0.0607736 0 0.0607736
32.7224 0.0592942 0 0.0592942
32.9515 0.0578478 0 0.0578478
33.1821 0.0564339 0 0.0564339
33.4144 0.0550518 0 0.0550518
33.6483 0.0537009 0 0.0537009
33.8838 0.0523806 0 0.0523806
34.121 0.0510903 0 0.0510903
34.3599 0.0498294 0 0.0498294
34.6004 0.0485974 0 0.0485974
34.8426 0.0473919 0 0.0473919
35.0865 0.046216 0 0.046216
35.3321 0.0450672 0 0.0450672
35.5794 0.043945 0 0.043945
35.8285 0.0428489 0 0.0428489
36.0793 0.0417783 0 0.0417783
36.3318 0.0407327 0 0.0407327
36.5861 0.0397116 0 0.0397116
36.8422 0.0387145 0 0.0387145
37.1001 0.0377409 0 0.0377409
37.3598 0.0367903 0 0.0367903
37.6214 0.0358622 0 0.0358622
37.8847 0.0349561 0 0.0349561
38.1499 0.0340716 0 0.0340716
38.417 0.0332082 0 0.0332082
38.6859 0.0323654 0 0.0323654
38.9567 0.0315417 0 0.0315417
39.2294 0.030739 0 0.030739
39.504 0.0299556 0 0.0299556
39.7805 0.0291912 0 0.0291912
40.059 0.0284452 0 0.0284452
40.3394 0.0277173 0 0.0277173
40.6218 0.0270071 0 0.0270071
40.9061 0.0263143 0 0.0263143
41.1925 0.0256383 0 0.0256383
41.4808 0.0249789 0 0.0249789
41.7712 0.0243356 0 0.0243356
42.0636 0.0237081 0 0.0237081
42.358 0.0230961 0 0.0230961
42.6545 0.0224992 0 0.0224992
42.9531 0.021917 0 0.021917
43.2538 0.0213492 0 0.0213492
43.5565 0.0207955 0 0.0207955
43.8614 0.0202548 0 0.0202548
44.1685 0.0197283 0 0.0197283
44.4776 0.019215 0 0.019215
44.789 0.0187145 0 0.0187145
45.1025 0.0182265 0 0.0182265
45.4182 0.0177508 0 0.0177508
45.7362 0.017287 0 0.017287
46.0563 0.0168348 0 0.0168348
46.3787 0.016394 0 0.016394
46.7034 0.0159644 0 0.0159644
47.0303 0.0155456 0 0.0155456
47.3595 0.0151374 0 0.0151374
47.691 0.0147396 0 0.0147396
48.0248 0.0143518 0 0.0143518
48.361 0.0139739 0 0.0139739
48.6995 0.0136056 0 0.0136056
49.0404 0.0132462 0 0.0132462
49.3837 0.0128965 0 0.0128965
49.7294 0.0125558 0 0.0125558
50.0775 0.0122237 0 0.0122237
50.4281 0.0119002 0 0.0119002
50.7811 0.011585 0 0.011585
51.1365 0.0112779 0 0.0112779
51.4945 0.0109787 0 0.0109787
51.8549 0.0106871 0 0.0106871
52.2179 0.0104032 0 0.0104032
52.5835 0.0101265 0 0.0101265
52.9515 0.009857 0 0.009857
53.3222 0.00959447 0 0.00959447
53.6955 0.00933875 0 0.00933875
54.0713 0.00908966 0 0.00908966
54.4498 0.00884705 0 0.00884705
54.831 0.00861074 0 0.00861074
55.2148 0.00838027 0 0.00838027
55.6013 0.00815614 0 0.00815614
55.9905 0.00793785 0 0.00793785
56.3824 0.00772527 0 0.00772527
56.7771 0.00751824 0 0.00751824
57.1746 0.00731663 0 0.00731663
57.5748 0.00712031 0 0.00712031
57.9778 0.00692913 0 0.00692913
58.3836 0.00674297 0 0.00674297
58.7923 0.0065617 0 0.0065617
59.2039 0.0063852 0 0.0063852
59.6183 0.00621334 0 0.00621334
60.0356 0.00604602 0 0.00604602
60.4559 0.0058831 0 0.0058831
60.8791 0.00572449 0 0.00572449
61.3052 0.00557006 0 0.00557006
61.7344 0.00541951 0 0.00541951
62.1665 0.00527316 0 0.00527316
62.6017 0.00513069 0 0.00513069
63.0399 0.00499199 0 0.00499199
63.4812 0.00485698 0 0.00485698
63.9255 0.00472555 0 0.00472555
64.373 0.00459761 0 0.00459761
64.8236 0.00447307 0 0.00447307
65.2774 0.00435184 0 0.00435184
65.7343 0.00423385 0 0.00423385
66.1945 0.004119 0 0.004119
66.6578 0.00400721 0 0.00400721
67.1244 0.00389841 0 0.00389841
67.5943 0.00379251 0 0.00379251
68.0675 0.00368944 0 0.00368944
68.5439 0.00358913 0 0.00358913
69.0237 0.0034915 0 0.0034915
69.5069 0.00339636 0 0.00339636
69.9935 0.00330391 0 0.00330391
70.4834 0.00321393 0 0.00321393
70.9768 0.00312637 0 0.00312637
71.4736 0.00304116 0 0.00304116
71.9739 0.00295823 0 0.00295823
72.4778 0.00287754 0 0.00287754
72.9851 0.00279902 0 0.00279902
73.496 0.00272261 0 0.00272261
74.0105 0.00264826 0 0.00264826
74.5285 0.00257591 0 0.00257591
75.0502 0.00250551 0 0.00250551
75.5756 0.00243701 0 0.00243701
76.1046 0.00237036 0 0.00237036
76.6374 0.00230552 0 0.00230552
77.1738 0.00224242 0 0.00224242
77.714 0.00218094 0 0.00218094
78.258 0.00212122 0 0.00212122
78.8058 0.00206311 0 0.00206311
79.3575 0.00200657 0 0.00200657
79.913 0.00195157 0 0.00195157
80.4724 0.00189806 0 0.00189806
81.0357 0.001846 0 0.001846
81.6029 0.00179535 0 0.00179535
82.1742 0.00174607 0 0.00174607
82.7494 0.00169814 0 0.00169814
83.3286 0.0016515 0 0.0016515
83.9119 0.00160614 0 0.00160614
84.4993 0.001562 0 0.001562
85.0908 0.00151907 0 0.00151907
85.6864 0.0014773 0 0.0014773
86.2862 0.00143668 0 0.00143668
86.8902 0.00139716 0 0.00139716
87.4985 0.00135866 0 0.00135866
88.111 0.00132127 0 0.00132127
88.7277 0.0012849 0 0.0012849
89.3488 0.00124952 0 0.00124952
89.9743 0.0012151 0 0.0012151
90.6041 0.00118163 0 0.00118163
91.2383 0.00114906 0 0.00114906
91.877 0.00111739 0 0.00111739
92.5201 0.00108659 0 0.00108659
93.1678 0.00105662 0 0.00105662
93.8199 0.00102748 0 0.00102748
94.4767 0.000999132 0 0.000999132
95.138 0.000971561 0 0.000971561
95.804 0.000944745 0 0.000944745
96.4746 0.000918664 0 0.000918664
97.1499 0.000893297 0 0.000893297
97.83 0.000868591 0 0.000868591
98.5148 0.000844598 0 0.000844598
99.2044 0.000821263 0 0.000821263
99.8988 0.000798568 0 0.000798568
100.598 0.000776496 0 0.000776496
101.302 0.000755029 0 0.000755029
102.011 0.000734152 0 0.000734152
102.726 0.000713849 0 0.000713849
103.445 0.000694103 0 0.000694103
104.169 0.0006749 0 0.0006749
104.898 0.000656224 0 0.000656224
105.632 0.000638062 0 0.000638062
106.372 0.0006204 0 0.0006204
107.116 0.000603223 0 0.000603223
107.866 0.000586519 0 0.000586519
108.621 0.000570275 0 0.000570275
109.381 0.000554478 0 0.000554478
110.147 0.000539095 0 0.000539095
110.918 0.000524158 0 0.000524158
111.695 0.000509633 0 0.000509633
112.476 0.000495507 0 0.000495507
113.264 0.000481771 0 0.000481771
114.057 0.000468414 0 0.000468414
114.855 0.000455425 0 0.000455425
115.659 0.000442794 0 0.000442794
116.469 0.000430512 0 0.000430512
117.284 0.000418568 0 0.000418568
118.105 0.000406955 0 0.000406955
118.932 0.000395662 0 0.000395662
119.764 0.000384681 0 0.000384681
120.602 0.000374003 0 0.000374003
121.447 0.00036362 0 0.00036362
122.297 0.000353524 0 0.000353524
123.153 0.000343693 0 0.000343693
124.015 0.000334149 0 0.000334149
124.883 0.000324868 0 0.000324868
125.757 0.000315844 0 0.000315844
126.638 0.000307069 0 0.000307069
127.524 0.000298537 0 0.000298537
128.417 0.000290241 0 0.000290241
129.316 0.000282175 0 0.000282175
130.221 0.000274332 0 0.000274332
131.132 0.000266706 0 0.000266706
132.05 0.000259291 0 0.000259291
132.975 0.000252082 0 0.000252082
133.905 0.000245072 0 0.000245072
134.843 0.000238257 0 0.000238257
135.787 0.00023163 0 0.00023163
136.737 0.000225187 0 0.000225187
137.694 0.000218922 0 0.000218922
138.658 0.000212823 0 0.000212823
139.629 0.000206902 0 0.000206902
140.606 0.000201144 0 0.000201144
141.59 0.000195547 0 0.000195547
142.582 0.000190104 0 0.000190104
143.58 0.000184813 0 0.000184813
144.585 0.000179668 0 0.000179668
145.597 0.000174666 0 0.000174666
146.616 0.000169803 0 0.000169803
147.642 0.000165075 0 0.000165075
148.676 0.000160478 0 0.000160478
149.717 0.000156009 0 0.000156009
150.765 0.000151664 0 0.000151664
151.82 0.000147439 0 0.000147439
152.883 0.000143332 0 0.000143332
153.953 0.000139339 0 0.000139339
155.03 0.000135457 0 0.000135457
156.116 0.000131678 0 0.000131678
157.208 0.000128008 0 0.000128008
158.309 0.000124441 0 0.000124441
159.417 0.000120973 0 0.000120973
160.533 0.000117602 0 0.000117602
161.657 0.000114324 0 0.000114324
162.788 0.000111137 0 0.000111137
163.928 0.000108039 0 0.000108039
165.075 0.000105027 0 0.000105027
166.231 0.000102099 0 0.000102099
167.395 9.92517e-05 0 9.92517e-05
168.566 9.64841e-05 0 9.64841e-05
169.746 9.37935e-05 0 9.37935e-05
170.934 9.11777e-05 0 9.11777e-05
172.131 8.86347e-05 0 8.86347e-05
173.336 8.61625e-05 0 8.61625e-05
174.549 8.37559e-05 0 8.37559e-05
175.771 8.14196e-05 0 8.14196e-05
177.002 7.91483e-05 0 7.91483e-05
178.241 7.69402e-05 0 7.69402e-05
179.488 7.47937e-05 0 7.47937e-05
180.745 7.27068e-05 0 7.27068e-05
182.01 7.06781e-05 0 7.06781e-05
183.284 6.87059e-05 0 6.87059e-05
184.567 6.67886e-05 0 6.67886e-05
185.859 6.49247e-05 0 6.49247e-05
187.16 6.31127e-05 0 6.31127e-05
188.47 6.13512e-05 0 6.13512e-05
189.789 5.96388e-05 0 5.96388e-05
191.118 5.7974e-05 0 5.7974e-05
192.456 5.63557e-05 0 5.63557e-05
193.803 5.47824e-05 0 5.47824e-05
195.159 5.3253e-05 0 5.3253e-05
196.526 5.17643e-05 0 5.17643e-05
197.901 5.03191e-05 0 5.03191e-05
199.287 4.89142e-05 0 4.89142e-05
200.682 4.75484e-05 0 4.75484e-05
202.086 4.62207e-05 0 4.62207e-05
203.501 4.493e-05 0 4.493e-05
204.925 4.36753e-05 0 4.36753e-05
206.36 4.24556e-05 0 4.24556e-05
207.804 4.12699e-05 0 4.12699e-05
209.259 4.01173e-05 0 4.01173e-05
210.724 3.89968e-05 0 3.89968e-05
212.199 3.79075e-05 0 3.79075e-05
213.684 3.68487e-05 0 3.68487e-05
215.18 3.58193e-05 0 3.58193e-05
216.686 3.48187e-05 0 3.48187e-05
218.203 3.3846e-05 0 3.3846e-05
219.731 3.28992e-05 0 3.28992e-05
221.269 3.19801e-05 0 3.19801e-05
222.818 3.10866e-05 0 3.10866e-05
224.377 3.02181e-05 0 3.02181e-05
225.948 2.93738e-05 0 2.93738e-05
227.53 2.8553e-05 0 2.8553e-05
229.122 2.77552e-05 0 2.77552e-05
230.726 2.69796e-05 0 2.69796e-05
232.341 2.62257e-05 0 2.62257e-05
233.968 2.54928e-05 0 2.54928e-05
235.605 2.47804e-05 0 2.47804e-05
237.255 2.40879e-05 0 2.40879e-05
238.915 2.34147e-05 0 2.34147e-05
240.588 2.27602e-05 0 2.27602e-05
242.272 2.21241e-05 0 2.21241e-05
243.968 2.15057e-05 0 2.15057e-05
245.676 2.09046e-05 0 2.09046e-05
247.395 2.03195e-05 0 2.03195e-05
249.127 1.97515e-05 0 1.97515e-05
250.871 1.91994e-05 0 1.91994e-05
252.627 1.86628e-05 0 1.86628e-05
254.396 1.81411e-05 0 1.81411e-05
256.176 1.76339e-05 0 1.76339e-05
257.97 1.71409e-05 0 1.71409e-05
259.775 1.66617e-05 0 1.66617e-05
261.594 1.61959e-05 0 1.61959e-05
263.425 1.57431e-05 0 1.57431e-05
265.269 1.5303e-05 0 1.5303e-05
267.126 1.48751e-05 0 1.48751e-05
268.996 1.44592e-05 0 1.44592e-05
270.879 1.40549e-05 0 1.40549e-05
272.775 1.36619e-05 0 1.36619e-05
274.684 1.32799e-05 0 1.32799e-05
276.607 1.2908e-05 0 1.2908e-05
278.543 1.25471e-05 0 1.25471e-05
280.493 1.21963e-05 0 1.21963e-05
282.456 1.18552e-05 0 1.18552e-05
284.434 1.15237e-05 0 1.15237e-05
286.425 1.12014e-05 0 1.12014e-05
288.43 1.08882e-05 0 1.08882e-05
290.449 1.05837e-05 0 1.05837e-05
292.482 1.02877e-05 0 1.02877e-05
294.529 9.99997e-06 0 9.99997e-06
296.591 9.72029e-06 0 9.72029e-06
298.667 9.44843e-06 0 9.44843e-06
300.758 9.18416e-06 0 9.18416e-06
302.863 8.92729e-06 0 8.92729e-06
304.983 8.67759e-06 0 8.67759e-06
307.118 8.43487e-06 0 8.43487e-06
309.268 8.19894e-06 0 8.19894e-06
311.433 7.96931e-06 0 7.96931e-06
313.613 7.7464e-06 0 7.7464e-06
315.808 7.52973e-06 0 7.52973e-06
318.019 7.31911e-06 0 7.31911e-06
320.245 7.11438e-06 0 7.11438e-06
322.486 6.91537e-06 0 6.91537e-06
324.744 6.72192e-06 0 6.72192e-06
327.017 6.53389e-06 0 6.53389e-06
329.306 6.35111e-06 0 6.35111e-06
331.611 6.17344e-06 0 6.17344e-06
333.933 6.00074e-06 0 6.00074e-06
336.27 5.83286e-06 0 5.83286e-06
338.624 5.66968e-06 0 5.66968e-06
340.994 5.51107e-06 0 5.51107e-06
343.381 5.35688e-06 0 5.35688e-06
345.785 5.20701e-06 0 5.20701e-06
348.206 5.06114e-06 0 5.06114e-06
350.643 4.91955e-06 0 4.91955e-06
353.097 4.78192e-06 0 4.78192e-06
355.569 4.64813e-06 0 4.64813e-06
358.058 4.51809e-06 0 4.51809e-06
360.565 4.39168e-06 0 4.39168e-06
363.088 4.26881e-06 0 4.26881e-06
365.63 4.14937e-06 0 4.14937e-06
368.19 4.03328e-06 0 4.03328e-06
370.767 3.92043e-06 0 3.92043e-06
373.362 3.81074e-06 0 3.81074e-06
375.976 3.70411e-06 0 3.70411e-06
378.608 3.60047e-06 0 3.60047e-06
381.258 3.49972e-06 0 3.49972e-06
383.927 3.4018e-06 0 3.4018e-06
386.614 3.30661e-06 0 3.30661e-06
389.32 3.21408e-06 0 3.21408e-06
392.046 3.12403e-06 0 3.12403e-06
394.79 3.03662e-06 0 3.03662e-06
397.553 2.95165e-06 0 2.95165e-06
400.336 2.86906e-06 0 2.86906e-06
403.139 2.78878e-06 0 2.78878e-06
405.961 2.71074e-06 0 2.71074e-06
408.802 2.63489e-06 0 2.63489e-06
411.664 2.56115e-06 0 2.56115e-06
414.546 2.48949e-06 0 2.48949e-06
417.448 2.41982e-06 0 2.41982e-06
420.37 2.35211e-06 0 2.35211e-06
423.312 2.28628e-06 0 2.28628e-06
426.275 2.2223e-06 0 2.2223e-06
429.259 2.16011e-06 0 2.16011e-06
432.264 2.09966e-06 0 2.09966e-06
435.29 2.04091e-06 0 2.04091e-06
438.337 1.98372e-06 0 1.98372e-06
441.405 1.9282e-06 0 1.9282e-06
444.495 1.87425e-06 0 1.87425e-06
447.607 1.8218e-06 0 1.8218e-06
450.74 1.77081e-06 0 1.77081e-06
453.895 1.72126e-06 0 1.72126e-06
457.072 1.67309e-06 0 1.67309e-06
460.272 1.62627e-06 0 1.62627e-06
463.494 1.58075e-06 0 1.58075e-06
466.738 1.53652e-06 0 1.53652e-06
470.005 1.49351e-06 0 1.49351e-06
473.295 1.45172e-06 0 1.45172e-06
476.609 1.41109e-06 0 1.41109e-06
479.945 1.3716e-06 0 1.3716e-06
483.304 1.33321e-06 0 1.33321e-06
486.688 1.2959e-06 0 1.2959e-06
490.094 1.25963e-06 0 1.25963e-06
493.525 1.22433e-06 0 1.22433e-06
496.98 1.19007e-06 0 1.19007e-06
500.459 1.15676e-06 0 1.15676e-06
503.962 1.12439e-06 0 1.12439e-06
507.489 1.09292e-06 0 1.09292e-06
511.042 1.06233e-06 0 1.06233e-06
514.619 1.0326e-06 0 1.0326e-06
518.222 1.0037e-06 0 1.0037e-06
521.849 9.7561e-07 0 9.7561e-07
525.502 9.48305e-07 0 9.48305e-07
529.181 9.21764e-07 0 9.21764e-07
532.885 8.95966e-07 0 8.95966e-07
536.615 8.7089e-07 0 8.7089e-07
540.371 8.46515e-07 0 8.46515e-07
544.154 8.22823e-07 0 8.22823e-07
547.963 7.99793e-07 0 7.99793e-07
551.799 7.7738e-07 0 7.7738e-07
555.661 7.55623e-07 0 7.55623e-07
559.551 7.34475e-07 0 7.34475e-07
563.468 7.13919e-07 0 7.13919e-07
567.412 6.93938e-07 0 6.93938e-07
571.384 6.74516e-07 0 6.74516e-07
575.384 6.55638e-07 0 6.55638e-07
579.411 6.37288e-07 0 6.37288e-07
583.467 6.19451e-07 0 6.19451e-07
587.551 6.02114e-07 0 6.02114e-07
591.664 5.85262e-07 0 5.85262e-07
595.806 5.68881e-07 0 5.68881e-07
599.977 5.52959e-07 0 5.52959e-07
604.176 5.37482e-07 0 5.37482e-07
608.406 5.22439e-07 0 5.22439e-07
612.665 5.07816e-07 0 5.07816e-07
616.953 4.93603e-07 0 4.93603e-07
621.272 4.7977e-07 0 4.7977e-07
625.621 4.66342e-07 0 4.66342e-07
630 4.5329e-07 0 4.5329e-07
634.41 4.40604e-07 0 4.40604e-07
638.851 4.28272e-07 0 4.28272e-07
643.323 4.16285e-07 0 4.16285e-07
647.826 4.04634e-07 0 4.04634e-07
652.361 3.93309e-07 0 3.93309e-07
656.928 3.82301e-07 0 3.82301e-07
661.526 3.71601e-07 0 3.71601e-07
666.157 3.612e-07 0 3.612e-07
670.82 3.5109e-07 0 3.5109e-07
675.516 3.41264e-07 0 3.41264e-07
680.244 3.31712e-07 0 3.31712e-07
685.006 3.22428e-07 0 3.22428e-07
689.801 3.13403e-07 0 3.13403e-07
694.629 3.0462e-07 0 3.0462e-07
699.492 2.96095e-07 0 2.96095e-07
704.388 2.87807e-07 0 2.87807e-07
709.319 2.79752e-07 0 2.79752e-07
714.284 2.71923e-07 0 2.71923e-07
719.284 2.64312e-07 0 2.64312e-07
724.319 2.56914e-07 0 2.56914e-07
729.39 2.49724e-07 0 2.49724e-07
734.495 2.42734e-07 0 2.42734e-07
739.637 2.3594e-07 0 2.3594e-07
744.814 2.29337e-07 0 2.29337e-07
750.028 2.22918e-07 0 2.22918e-07
755.278 2.16679e-07 0 2.16679e-07
760.565 2.10614e-07 0 2.10614e-07
765.889 2.04719e-07 0 2.04719e-07
771.25 1.98989e-07 0 1.98989e-07
776.649 1.9342e-07 0 1.9342e-07
782.085 1.88e-07 0 1.88e-07
787.56 1.82738e-07 0 1.82738e-07
793.073 1.77623e-07 0 1.77623e-07
798.625 1.72652e-07 0 1.72652e-07
804.215 1.6782e-07 0 1.6782e-07
809.844 1.63123e-07 0 1.63123e-07
815.513 1.58558e-07 0 1.58558e-07
821.222 1.5412e-07 0 1.5412e-07
826.97 1.49806e-07 0 1.49806e-07
832.759 1.45614e-07 0 1.45614e-07
838.589 1.41538e-07 0 1.41538e-07
844.459 1.37577e-07 0 1.37577e-07
850.37 1.33726e-07 0 1.33726e-07
856.322 1.29983e-07 0 1.29983e-07
862.317 1.26345e-07 0 1.26345e-07
868.353 1.22809e-07 0 1.22809e-07
874.431 1.19368e-07 0 1.19368e-07
880.552 1.16027e-07 0 1.16027e-07
886.716 1.1278e-07 0 1.1278e-07
892.923 1.09623e-07 0 1.09623e-07
899.174 1.06555e-07 0 1.06555e-07
905.468 1.03573e-07 0 1.03573e-07
911.806 1.00674e-07 0 1.00674e-07
918.189 9.78566e-08 0 9.78566e-08
924.616 9.51178e-08 0 9.51178e-08
931.089 9.24557e-08 0 9.24557e-08
937.606 8.98681e-08 0 8.98681e-08
944.169 8.73529e-08 0 8.73529e-08
950.779 8.49081e-08 0 8.49081e-08
957.434 8.25317e-08 0 8.25317e-08
964.136 8.02219e-08 0 8.02219e-08
970.885 7.79766e-08 0 7.79766e-08
977.681 7.57942e-08 0 7.57942e-08
984.525 7.36703e-08 0 7.36703e-08
991.417 7.16086e-08 0 7.16086e-08
998.357 6.96045e-08 0 6.96045e-08
1005.35 6.76566e-08 0 6.76566e-08
1012.38 6.57631e-08 0 6.57631e-08
1019.47 6.39226e-08 0 6.39226e-08
1026.61 6.21336e-08 0 6.21336e-08
1033.79 6.03947e-08 0 6.03947e-08
1041.03 5.87045e-08 0 5.87045e-08
1048.32 5.70615e-08 0 5.70615e-08
1055.65 5.54646e-08 0 5.54646e-08
1063.04 5.39123e-08 0 5.39123e-08
1070.48 5.24035e-08 0 5.24035e-08
1077.98 5.09369e-08 0 5.09369e-08
1085.52 4.95113e-08 0 4.95113e-08
1093.12 4.81257e-08 0 4.81257e-08
1100.77 4.67771e-08 0 4.67771e-08
1108.48 4.5468e-08 0 4.5468e-08
1116.24 4.41956e-08 0 4.41956e-08
1124.05 4.29588e-08 0 4.29588e-08
1131.92 4.17565e-08 0 4.17565e-08
1139.84 4.0588e-08 0 4.0588e-08
1147.82 3.94521e-08 0 3.94521e-08
1155.86 3.8348e-08 0 3.8348e-08
1163.95 3.72748e-08 0 3.72748e-08
1172.1 3.62317e-08 0 3.62317e-08
1180.3 3.52177e-08 0 3.52177e-08
1188.56 3.42321e-08 0 3.42321e-08
1196.88 3.32741e-08 0 3.32741e-08
1205.26 3.23429e-08 0 3.23429e-08
1213.7 3.14378e-08 0 3.14378e-08
1222.19 3.05579e-08 0 3.05579e-08
1230.75 2.97028e-08 0 2.97028e-08
1239.37 2.88705e-08 0 2.88705e-08
1248.04 2.80626e-08 0 2.80626e-08
1256.78 2.72773e-08 0 2.72773e-08
1265.57 2.65139e-08 0 2.65139e-08
1274.43 2.5772e-08 0 2.5772e-08
1283.35 2.50507e-08 0 2.50507e-08
1292.34 2.43497e-08 0 2.43497e-08
1301.38 2.36683e-08 0 2.36683e-08
1310.49 2.3006e-08 0 2.3006e-08
1319.67 2.23621e-08 0 2.23621e-08
1328.91 2.17364e-08 0 2.17364e-08
1338.21 2.11281e-08 0 2.11281e-08
1347.57 2.05368e-08 0 2.05368e-08
1357.01 1.99621e-08 0 1.99621e-08
1366.51 1.94035e-08 0 1.94035e-08
1376.07 1.88605e-08 0 1.88605e-08
1385.71 1.8332e-08 0 1.8332e-08
1395.41 1.7819e-08 0 1.7819e-08
1405.17 1.73204e-08 0 1.73204e-08
1415.01 1.68357e-08 0 1.68357e-08
1424.91 1.63646e-08 0 1.63646e-08
1434.89 1.59067e-08 0 1.59067e-08
1444.93 1.54615e-08 0 1.54615e-08
1455.05 1.50289e-08 0 1.50289e-08
1465.23 1.46083e-08 0 1.46083e-08
1475.49 1.41995e-08 0 1.41995e-08
1485.82 1.38022e-08 0 1.38022e-08
1496.22 1.3416e-08 0 1.3416e-08
1506.69 1.30405e-08 0 1.30405e-08
1517.24 1.26756e-08 0 1.26756e-08
1527.86 1.23209e-08 0 1.23209e-08
1538.55 1.19761e-08 0 1.19761e-08
1549.32 1.1641e-08 0 1.1641e-08
1560.17 1.13148e-08 0 1.13148e-08
1571.09 1.09982e-08 0 1.09982e-08
1582.09 1.06905e-08 0 1.06905e-08
1593.16 1.03913e-08 0 1.03913e-08
1604.32 1.01006e-08 0 1.01006e-08
1615.55 9.81794e-09 0 9.81794e-09
1626.85 9.54321e-09 0 9.54321e-09
1638.24 9.27617e-09 0 9.27617e-09
1649.71 9.01661e-09 0 9.01661e-09
1661.26 8.7643e-09 0 8.7643e-09
1672.89 8.51906e-09 0 8.51906e-09
1684.6 8.28068e-09 0 8.28068e-09
1696.39 8.04897e-09 0 8.04897e-09
1708.26 7.82374e-09 0 7.82374e-09
1720.22 7.60482e-09 0 7.60482e-09
1732.26 7.39202e-09 0 7.39202e-09
1744.39 7.18492e-09 0 7.18492e-09
1756.6 6.98388e-09 0 6.98388e-09
1768.9 6.78847e-09 0 6.78847e-09
1781.28 6.59852e-09 0 6.59852e-09
1793.75 6.41389e-09 0 6.41389e-09
1806.3 6.23442e-09 0 6.23442e-09
1818.95 6.05998e-09 0 6.05998e-09
1831.68 5.89042e-09 0 5.89042e-09
1844.5 5.7256e-09 0 5.7256e-09
1857.41 5.56539e-09 0 5.56539e-09
1870.42 5.40967e-09 0 5.40967e-09
1883.51 5.2583e-09 0 5.2583e-09
1896.69 5.11117e-09 0 5.11117e-09
1909.97 4.96815e-09 0 4.96815e-09
1923.34 4.82914e-09 0 4.82914e-09
1936.8 4.69401e-09 0 4.69401e-09
1950.36 4.56267e-09 0 4.56267e-09
1964.01 4.43485e-09 0 4.43485e-09
1977.76 4.31077e-09 0 4.31077e-09
1991.61 4.19015e-09 0 4.19015e-09
2005.55 4.07292e-09 0 4.07292e-09
2019.59 3.95896e-09 0 3.95896e-09
2033.72 3.84819e-09 0 3.84819e-09
2047.96 3.74052e-09 0 3.74052e-09
2062.29 3.63586e-09 0 3.63586e-09
2076.73 3.53413e-09 0 3.53413e-09
2091.27 3.43524e-09 0 3.43524e-09
2105.91 3.33913e-09 0 3.33913e-09
2120.65 3.2457e-09 0 3.2457e-09
2135.49 3.15489e-09 0 3.15489e-09
2150.44 3.06661e-09 0 3.06661e-09
2165.49 2.98081e-09 0 2.98081e-09
2180.65 2.89741e-09 0 2.89741e-09
2195.92 2.81624e-09 0 2.81624e-09
2211.29 2.73745e-09 0 2.73745e-09
2226.77 2.66086e-09 0 2.66086e-09
2242.35 2.58641e-09 0 2.58641e-09
2258.05 2.51405e-09 0 2.51405e-09
2273.86 2.44371e-09 0 2.44371e-09
2289.77 2.37534e-09 0 2.37534e-09
2305.8 2.30888e-09 0 2.30888e-09
2321.94 2.24428e-09 0 2.24428e-09
2338.2 2.18149e-09 0 2.18149e-09
2354.56 2.12046e-09 0 2.12046e-09
2371.05 2.06113e-09 0 2.06113e-09
2387.64 2.00346e-09 0 2.00346e-09
2404.36 1.94741e-09 0 1.94741e-09
2421.19 1.89292e-09 0 1.89292e-09
2438.14 1.83996e-09 0 1.83996e-09
2455.2 1.78848e-09 0 1.78848e-09
2472.39 1.73838e-09 0 1.73838e-09
2489.7 1.68975e-09 0 1.68975e-09
2507.12 1.64248e-09 0 1.64248e-09
2524.67 1.59652e-09 0 1.59652e-09
2542.35 1.55186e-09 0 1.55186e-09
2560.14 1.50844e-09 0 1.50844e-09
2578.06 1.46624e-09 0 1.46624e-09
2596.11 1.42522e-09 0 1.42522e-09
2614.28 1.38534e-09 0 1.38534e-09
2632.58 1.34659e-09 0 1.34659e-09
2651.01 1.30891e-09 0 1.30891e-09
2669.57 1.27229e-09 0 1.27229e-09
2688.26 1.2367e-09 0 1.2367e-09
2707.07 1.2021e-09 0 1.2021e-09
2726.02 1.16847e-09 0 1.16847e-09
2745.1 1.13578e-09 0 1.13578e-09
2764.32 1.10396e-09 0 1.10396e-09
2783.67 1.07308e-09 0 1.07308e-09
2803.16 1.04306e-09 0 1.04306e-09
2822.78 1.01388e-09 0 1.01388e-09
2842.54 9.85512e-10 0 9.85512e-10
