6.68648 1 110.292 1.26153e-48
6.73329 1 109.316 3.34845e-48
6.78042 1 108.322 9.04045e-48
6.82788 1 107.319 2.46536e-47
6.87568 1 106.322 6.68446e-47
6.92381 1 105.32 1.8204e-46
6.97227 1 104.307 5.0099e-46
7.02108 1 103.286 1.39115e-45
7.07023 1 102.259 3.88745e-45
7.11972 1 101.224 1.09336e-44
7.16956 1 100.186 3.08738e-44
7.21974 1 99.1422 8.77201e-44
7.27028 1 98.0922 2.50667e-43
7.32117 1 97.0358 7.2094e-43
7.37242 1 95.9759 2.08069e-42
7.42403 1 94.9108 6.03626e-42
7.476 1 93.8386 1.76368e-41
7.52833 1 92.7583 5.19501e-41
7.58103 1 91.6683 1.54518e-40
7.63409 1 90.5789 4.59305e-40
7.68753 1 89.4919 1.36194e-39
7.74135 1 88.3973 4.0693e-39
7.79553 1 87.281 1.24267e-38
7.8501 1 86.176 3.75172e-38
7.90505 1 85.0653 1.1392e-37
7.96039 1 83.9459 3.48946e-37
8.01611 1 82.8183 1.07768e-36
8.07222 1 81.6955 3.31192e-36
8.12873 1 80.5687 1.02197e-35
8.18563 1 79.4241 3.21025e-35
8.24293 1 78.2971 9.90814e-35
8.30063 1 77.1442 3.13839e-34
8.35874 1 76.0038 9.81717e-34
8.41725 1 74.8551 3.09634e-33
8.47617 1 73.6987 9.8411e-33
8.5355 1 72.5472 3.1128e-32
8.59525 1 71.3911 9.89079e-32
8.65542 1 70.2232 3.18016e-31
8.716 1 69.061 1.01668e-30
8.77702 1 67.8947 3.2638e-30
8.83846 1 66.7266 1.04953e-29
8.90032 1 65.5626 3.36151e-29
8.96263 1 64.3869 1.08921e-28
9.02537 1 63.2135 3.52142e-28
9.08854 1 62.0433 1.1349e-27
9.15216 1 60.8696 3.67011e-27
9.21623 1 59.691 1.19269e-26
9.28074 1 58.5109 3.88169e-26
9.34571 1 57.3323 1.26152e-25
9.41113 1 56.1619 4.06635e-25
9.477 1 54.9852 1.31889e-24
9.54334 1 53.8137 4.25626e-24
9.61015 1 52.6349 1.38339e-23
9.67742 1 51.4652 4.4562e-23
9.74516 1 50.2987 1.43073e-22
9.81338 1 49.13 4.60398e-22
9.88207 1 47.9663 1.47394e-21
9.95124 1 46.8003 4.73008e-21
10.0209 1 45.6443 1.50293e-20
10.091 1 44.4872 4.78025e-20
10.1617 1 43.3326 1.51664e-19
10.2328 1 42.1886 4.76151e-19
10.3044 1 41.0453 1.49359e-18
10.3766 1 39.9054 4.66978e-18
10.4492 1 38.7787 1.44094e-17
10.5224 1 37.6531 4.44086e-17
10.596 1 36.5325 1.36182e-16
10.6702 1 35.4206 4.14017e-16
10.7449 1 34.3125 1.25395e-15
10.8201 1 33.2178 3.74708e-15
10.8958 1 32.1274 1.11489e-14
10.9721 1 31.0521 3.26775e-14
11.0489 1 29.9813 9.53448e-14
11.1263 1 28.9235 2.74577e-13
11.2041 1 27.8755 7.83149e-13
11.2826 1 26.8337 2.21955e-12
11.3615 1 25.8098 6.17952e-12
11.4411 1 24.7972 1.70108e-11
11.5212 1 23.7948 4.63494e-11
11.6018 1 22.8103 1.24059e-10
11.683 1 21.8397 3.27441e-10
11.7648 1 20.8827 8.52618e-10
11.8472 1 19.9428 2.18247e-09
11.9301 1 19.0186 5.49963e-09
12.0136 1 18.1057 1.3702e-08
12.0977 1 17.2203 3.32154e-08
12.1824 1 16.3498 7.93156e-08
12.2677 1 15.4952 1.86438e-07
12.3535 1 14.6636 4.28246e-07
12.44 1 13.8517 9.64478e-07
12.5271 1 13.0593 2.13021e-06
12.6148 1 12.2941 4.57883e-06
12.7031 1 11.5472 9.66278e-06
12.792 1 10.8234 1.99279e-05
12.8815 1 10.1235 4.01249e-05
12.9717 1 9.44914 7.87569e-05
13.0625 1 8.79957 0.000150798
13.154 1 8.17624 0.000281257
13.246 1 7.57784 0.000511665
13.3388 1 7.00662 0.000905862
13.4321 1 6.4607 0.0015637
13.5261 1 5.94062 0.00263039
13.6208 1 5.44986 0.00429689
13.7162 1 4.98317 0.00685233
13.8122 1 4.54604 0.0106092
13.9089 1 4.13328 0.0160302
14.0062 1 3.74811 0.0235623
14.1043 1 3.38844 0.0337612
14.203 1 3.05348 0.0471945
14.3024 1 2.74302 0.0643756
14.4025 1 2.45677 0.0857114
14.5034 1 2.19354 0.111521
14.6049 1 1.95248 0.141922
14.7071 1 1.73247 0.176847
14.8101 1 1.53246 0.216005
14.9137 1 1.35042 0.259132
15.0181 1 1.18741 0.30501
15.1233 1 1.04043 0.353302
15.2291 1 0.908664 0.403062
15.3357 1 0.791187 0.453306
15.4431 1 0.686941 0.503113
15.5512 1 0.594315 0.551941
15.66 1 0.512611 0.598929
15.7697 1 0.440846 0.643492
15.8801 1 0.378143 0.685133
15.9912 1 0.323194 0.723834
16.1032 1 0.275563 0.759145
16.2159 1 0.234252 0.791162
16.3294 1 0.198542 0.819926
16.4437 1 0.167684 0.845621
16.5588 1 0.141227 0.868292
16.6747 1 0.118589 0.888173
16.7914 1 0.099257 0.90551
16.909 1 0.0827736 0.92056
17.0273 1 0.0688682 0.93345
17.1465 1 0.0570971 0.944502
17.2665 1 0.0471643 0.953931
17.3874 1 0.0388292 0.961915
17.5091 1 0.0318506 0.968651
17.6317 1 0.0260192 0.974316
17.7551 1 0.0211767 0.979046
17.8794 1 0.0171778 0.982969
18.0046 1 0.0138706 0.986225
18.1306 1 0.0111539 0.988908
18.2575 1 0.008924 0.991116
18.3853 1 0.00711717 0.992908
18.514 1 0.00564759 0.994368
18.6436 1 0.00445606 0.995554
18.7741 1 0.00350157 0.996505
18.9055 1 0.00273741 0.997266
19.0379 1 0.00212782 0.997874
19.1711 1 0.00164788 0.998353
19.3053 1 0.00126724 0.998734
19.4405 1 0.000970374 0.99903
19.5765 1 0.000739386 0.999261
19.7136 1 0.00056118 0.999439
19.8516 1 0.000422854 0.999577
19.9905 1 0.000316906 0.999683
20.1305 1 0.000236952 0.999763
20.2714 1 0.000175999 0.999824
20.4133 1 0.000130072 0.99987
20.5562 1 9.55223e-05 0.999904
20.7001 1 6.97095e-05 0.99993
20.845 1 5.05256e-05 0.999949
20.9909 1 3.65748e-05 0.999963
21.1378 1 2.61588e-05 0.999974
21.2858 1 1.86133e-05 0.999981
21.4348 1 1.31084e-05 0.999987
21.5848 1 9.13795e-06 0.999991
21.7359 1 6.29605e-06 0.999994
21.8881 1 4.27511e-06 0.999996
22.0413 1 2.86061e-06 0.999997
22.1956 1 1.87143e-06 0.999998
22.3509 1 1.19334e-06 0.999999
22.5074 1 7.31053e-07 0.999999
22.665 1 4.32468e-07 1
22.8236 1 2.38403e-07 1
22.9834 1 1.18039e-07 1
23.1443 1 4.60126e-08 1
23.3063 1 8.22028e-09 1
23.4694 1 0 1
