6.71669 0.998846 111.702 3.07605e-49
6.76371 0.998717 110.724 8.17905e-49
6.81105 0.998577 109.734 2.20126e-48
6.85873 0.998423 108.748 5.90017e-48
6.90674 0.998256 107.758 1.58654e-47
6.95509 0.998073 106.756 4.32039e-47
7.00377 0.997874 105.746 1.1861e-46
7.0528 0.997658 104.727 3.28628e-46
7.10217 0.997423 103.703 9.15059e-46
7.15189 0.997169 102.672 2.56295e-45
7.20195 0.996894 101.637 7.21807e-45
7.25236 0.996597 100.597 2.04167e-44
7.30313 0.996276 99.5515 5.8037e-44
7.35425 0.995931 98.501 1.6587e-43
7.40573 0.995558 97.4448 4.76771e-43
7.45757 0.995158 96.3834 1.37756e-42
7.50977 0.994728 95.3149 4.00841e-42
7.56234 0.994267 94.2355 1.17913e-41
7.61528 0.993773 93.1468 3.5005e-41
7.66859 0.993244 92.0631 1.03408e-40
7.72227 0.992679 90.9763 3.06419e-40
7.77632 0.992075 89.8791 9.1733e-40
7.83076 0.991432 88.7767 2.76088e-39
7.88557 0.990747 87.6632 8.40111e-39
7.94077 0.990018 86.5561 2.53983e-38
7.99636 0.989244 85.4401 7.74749e-38
8.05233 0.988422 84.3191 2.3748e-37
8.1087 0.98755 83.1902 7.33684e-37
8.16546 0.986627 82.0669 2.25394e-36
8.22261 0.985649 80.9253 7.05195e-36
8.28017 0.984616 79.791 2.19027e-35
8.33813 0.983526 78.6411 6.90844e-35
8.3965 0.982375 77.5 2.15997e-34
8.45528 0.981162 76.3512 6.80516e-34
8.51446 0.979885 75.2021 2.1445e-33
8.57407 0.978542 74.0364 6.87051e-33
8.63408 0.977131 72.8794 2.18194e-32
8.69452 0.97565 71.7204 6.9426e-32
8.75538 0.974093 70.5586 2.21501e-31
8.81667 0.972465 69.3912 7.10653e-31
8.87839 0.970761 68.2171 2.29515e-30
8.94054 0.968978 67.0472 7.38082e-30
9.00312 0.967115 65.871 2.38825e-29
9.06614 0.965169 64.6965 7.71405e-29
9.12961 0.96314 63.5197 2.49713e-28
9.19351 0.961025 62.3405 8.10245e-28
9.25787 0.958822 61.1664 2.61521e-27
9.32267 0.95653 59.9888 8.47028e-27
9.38793 0.954147 58.8054 2.75906e-26
9.45365 0.951671 57.6232 8.97554e-26
9.51982 0.949102 56.4467 2.90291e-25
9.58646 0.946437 55.2682 9.40659e-25
9.65357 0.943675 54.0849 3.06241e-24
9.72114 0.940815 52.9125 9.86002e-24
9.78919 0.937852 51.737 3.18437e-23
9.85771 0.934792 50.5619 1.02789e-22
9.92672 0.931631 49.3952 3.28974e-22
9.9962 0.928368 48.2223 1.05933e-21
10.0662 0.925002 47.0581 3.38102e-21
10.1366 0.921532 45.8938 1.07913e-20
10.2076 0.917957 44.7307 3.43961e-20
10.2791 0.914277 43.5827 1.07981e-19
10.351 0.910492 42.4281 3.41196e-19
10.4235 0.906601 41.2776 1.0734e-18
10.4964 0.902604 40.1397 3.33452e-18
10.5699 0.898501 39.008 1.0293e-17
10.6439 0.894292 37.8784 3.17033e-17
10.7184 0.889977 36.7568 9.6854e-17
10.7934 0.885556 35.6419 2.9386e-16
10.869 0.88103 34.5341 8.85126e-16
10.9451 0.876399 33.4345 2.64418e-15
11.0217 0.871657 32.3452 7.81614e-15
11.0988 0.866819 31.2611 2.29827e-14
11.1765 0.861877 30.1854 6.70053e-14
11.2548 0.856834 29.1279 1.91782e-13
11.3335 0.85169 28.0781 5.44665e-13
11.4129 0.846447 27.0385 1.53078e-12
11.4928 0.841105 26.0078 4.26407e-12
11.5732 0.835666 24.9962 1.16496e-11
11.6542 0.830131 23.9935 3.1542e-11
11.7358 0.824502 23.0074 8.39854e-11
11.818 0.81878 22.034 2.2076e-10
11.9007 0.812968 21.0776 5.70385e-10
11.984 0.807067 20.1308 1.45948e-09
12.0679 0.801079 19.2093 3.64066e-09
12.1524 0.795006 18.302 8.95222e-09
12.2374 0.78885 17.409 2.16944e-08
12.3231 0.782604 16.5379 5.14325e-08
12.4093 0.776289 15.6854 1.19663e-07
12.4962 0.769899 14.8538 2.72577e-07
12.5837 0.763434 14.0425 6.08377e-07
12.6718 0.756898 13.251 1.33101e-06
12.7605 0.750293 12.4815 2.84829e-06
12.8498 0.743622 11.7339 5.96195e-06
12.9397 0.736888 11.0113 1.2169e-05
13.0303 0.730092 10.3127 2.42456e-05
13.1215 0.723239 9.63753 4.71796e-05
13.2134 0.71633 8.98808 8.9462e-05
13.3059 0.709368 8.36386 0.000165384
13.399 0.702356 7.76563 0.000297843
13.4928 0.695298 7.1915 0.00052353
13.5873 0.688196 6.64451 0.000895443
13.6824 0.681052 6.12442 0.00149065
13.7781 0.67387 5.62956 0.00241929
13.8746 0.666642 5.16255 0.00381791
13.9717 0.659393 4.72069 0.00587455
14.0695 0.652114 4.3048 0.00880592
14.168 0.644809 3.91574 0.0128483
14.2672 0.637481 3.55163 0.0182815
14.367 0.630131 3.21218 0.0253746
14.4676 0.622765 2.89679 0.0343769
14.5689 0.615383 2.60499 0.0454791
14.6709 0.607989 2.33531 0.0588413
14.7736 0.600587 2.08704 0.0745052
14.877 0.593178 1.86084 0.0922644
14.9811 0.585766 1.65404 0.112042
15.086 0.578354 1.46514 0.133626
15.1916 0.570943 1.29508 0.156368
15.2979 0.563538 1.14044 0.180151
15.405 0.55614 1.00208 0.204167
15.5129 0.548741 0.877659 0.228142
15.6214 0.541367 0.76624 0.251604
15.7308 0.534009 0.667051 0.274064
15.8409 0.526668 0.579078 0.295153
15.9518 0.519348 0.501293 0.314593
16.0635 0.51205 0.432741 0.332181
16.1759 0.504777 0.37252 0.34779
16.2891 0.497532 0.319748 0.361374
16.4032 0.490317 0.273526 0.372981
16.518 0.483134 0.233339 0.382587
16.6336 0.475984 0.198531 0.390276
16.75 0.468871 0.168322 0.396234
16.8673 0.461796 0.142212 0.400579
16.9854 0.45476 0.119954 0.403355
17.1043 0.447767 0.100776 0.404842
17.224 0.440818 0.0843767 0.405149
17.3446 0.433914 0.0704227 0.404407
17.466 0.427047 0.0585792 0.402749
17.5882 0.420239 0.0485563 0.400322
17.7114 0.413482 0.0400982 0.39723
17.8353 0.406777 0.0329697 0.393584
17.9602 0.400125 0.0270376 0.389452
18.0859 0.393528 0.0220479 0.384947
18.2125 0.386987 0.0179428 0.380106
18.34 0.380504 0.0145157 0.37502
18.4684 0.374078 0.0116943 0.369729
18.5976 0.367713 0.00939024 0.364276
18.7278 0.361408 0.00749942 0.358708
18.8589 0.355165 0.00596158 0.353054
18.9909 0.348984 0.00471364 0.347343
19.1239 0.342867 0.00370854 0.341598
19.2577 0.336814 0.00290664 0.335836
19.3925 0.330826 0.00226407 0.330078
19.5283 0.324896 0.0017561 0.324325
19.665 0.319041 0.00135568 0.318608
19.8026 0.313253 0.00103993 0.312927
19.9413 0.307532 0.000793412 0.307288
20.0809 0.30188 0.000603496 0.301698
20.2214 0.296296 0.00045629 0.296161
20.363 0.290781 0.000343213 0.290681
20.5055 0.285335 0.000256665 0.285262
20.649 0.279959 0.000190763 0.279906
20.7936 0.274653 0.000141135 0.274614
20.9391 0.269416 0.000103796 0.269388
21.0857 0.26425 7.57992e-05 0.264229
21.2333 0.259153 5.49325e-05 0.259139
21.382 0.254127 3.94333e-05 0.254117
21.5316 0.249171 2.806e-05 0.249164
21.6824 0.244285 1.97671e-05 0.24428
21.8341 0.23947 1.37603e-05 0.239466
21.987 0.234717 9.44696e-06 0.234715
22.1409 0.230042 6.36499e-06 0.23004
22.2959 0.225436 4.19077e-06 0.225435
22.4519 0.2209 2.68659e-06 0.2209
22.6091 0.216433 1.64943e-06 0.216433
22.7674 0.212036 9.71224e-07 0.212035
22.9267 0.207706 5.26812e-07 0.207706
23.0872 0.203446 2.49746e-07 0.203446
23.2488 0.199253 8.59892e-08 0.199253
23.4116 0.195128 2.21425e-09 0.195128
23.5755 0.19107 0 0.19107
23.7405 0.187078 0 0.187078
23.9067 0.183153 0 0.183153
24.074 0.179294 0 0.179294
24.2425 0.1755 0 0.1755
24.4122 0.171771 0 0.171771
24.5831 0.168101 0 0.168101
24.7552 0.1645 0 0.1645
24.9285 0.160962 0 0.160962
25.103 0.157487 0 0.157487
25.2787 0.154074 0 0.154074
25.4556 0.150722 0 0.150722
25.6338 0.14743 0 0.14743
25.8133 0.144199 0 0.144199
25.994 0.141027 0 0.141027
26.1759 0.137913 0 0.137913
26.3592 0.134858 0 0.134858
26.5437 0.13186 0 0.13186
26.7295 0.128918 0 0.128918
26.9166 0.126033 0 0.126033
27.105 0.123203 0 0.123203
27.2947 0.120427 0 0.120427
27.4858 0.117705 0 0.117705
27.6782 0.115032 0 0.115032
27.8719 0.112416 0 0.112416
28.067 0.109851 0 0.109851
28.2635 0.107338 0 0.107338
28.4614 0.104874 0 0.104874
28.6606 0.102461 0 0.102461
28.8612 0.100095 0 0.100095
29.0632 0.0977782 0 0.0977782
29.2667 0.0955083 0 0.0955083
29.4716 0.093285 0 0.093285
29.6779 0.0911075 0 0.0911075
29.8856 0.0889752 0 0.0889752
30.0948 0.0868873 0 0.0868873
30.3055 0.084843 0 0.084843
30.5176 0.0828418 0 0.0828418
30.7312 0.0808828 0 0.0808828
30.9463 0.0789626 0 0.0789626
31.163 0.0770863 0 0.0770863
31.3811 0.0752501 0 0.0752501
31.6008 0.0734534 0 0.0734534
31.822 0.0716955 0 0.0716955
32.0447 0.0699757 0 0.0699757
32.269 0.0682934 0 0.0682934
32.4949 0.0666478 0 0.0666478
32.7224 0.0650384 0 0.0650384
32.9515 0.0634643 0 0.0634643
33.1821 0.0619251 0 0.0619251
33.4144 0.0604201 0 0.0604201
33.6483 0.0589486 0 0.0589486
33.8838 0.05751 0 0.05751
34.121 0.0561037 0 0.0561037
34.3599 0.054729 0 0.054729
34.6004 0.0533854 0 0.0533854
34.8426 0.0520704 0 0.0520704
35.0865 0.0507873 0 0.0507873
35.3321 0.0495334 0 0.0495334
35.5794 0.0483083 0 0.0483083
35.8285 0.0471112 0 0.0471112
36.0793 0.0459418 0 0.0459418
36.3318 0.0447993 0 0.0447993
36.5861 0.0436834 0 0.0436834
36.8422 0.0425933 0 0.0425933
37.1001 0.0415287 0 0.0415287
37.3598 0.040489 0 0.040489
37.6214 0.0394736 0 0.0394736
37.8847 0.0384821 0 0.0384821
38.1499 0.037514 0 0.037514
38.417 0.0365688 0 0.0365688
38.6859 0.0356459 0 0.0356459
38.9567 0.0347437 0 0.0347437
39.2294 0.0338643 0 0.0338643
39.504 0.0330059 0 0.0330059
39.7805 0.032168 0 0.032168
40.059 0.0313503 0 0.0313503
40.3394 0.0305522 0 0.0305522
40.6218 0.0297733 0 0.0297733
40.9061 0.0290133 0 0.0290133
41.1925 0.0282716 0 0.0282716
41.4808 0.027548 0 0.027548
41.7712 0.0268419 0 0.0268419
42.0636 0.0261531 0 0.0261531
42.358 0.025481 0 0.025481
42.6545 0.0248255 0 0.0248255
42.9531 0.024186 0 0.024186
43.2538 0.0235622 0 0.0235622
43.5565 0.0229538 0 0.0229538
43.8614 0.0223595 0 0.0223595
44.1685 0.0217808 0 0.0217808
44.4776 0.0212164 0 0.0212164
44.789 0.0206661 0 0.0206661
45.1025 0.0201294 0 0.0201294
45.4182 0.0196061 0 0.0196061
45.7362 0.0190958 0 0.0190958
46.0563 0.0185983 0 0.0185983
46.3787 0.0181132 0 0.0181132
46.7034 0.0176403 0 0.0176403
47.0303 0.0171792 0 0.0171792
47.3595 0.0167298 0 0.0167298
47.691 0.0162917 0 0.0162917
48.0248 0.0158646 0 0.0158646
48.361 0.0154484 0 0.0154484
48.6995 0.0150426 0 0.0150426
49.0404 0.0146466 0 0.0146466
49.3837 0.0142613 0 0.0142613
49.7294 0.0138857 0 0.0138857
50.0775 0.0135197 0 0.0135197
50.4281 0.013163 0 0.013163
50.7811 0.0128154 0 0.0128154
51.1365 0.0124768 0 0.0124768
51.4945 0.0121468 0 0.0121468
51.8549 0.0118252 0 0.0118252
52.2179 0.0115119 0 0.0115119
52.5835 0.0112067 0 0.0112067
52.9515 0.0109093 0 0.0109093
53.3222 0.0106196 0 0.0106196
53.6955 0.0103373 0 0.0103373
54.0713 0.0100624 0 0.0100624
54.4498 0.00979453 0 0.00979453
54.831 0.00953363 0 0.00953363
55.2148 0.00927913 0 0.00927913
55.6013 0.00903161 0 0.00903161
55.9905 0.00879052 0 0.00879052
56.3824 0.0085557 0 0.0085557
56.7771 0.008327 0 0.008327
57.1746 0.00810425 0 0.00810425
57.5748 0.00788732 0 0.00788732
57.9778 0.00767606 0 0.00767606
58.3836 0.00747032 0 0.00747032
58.7923 0.00726997 0 0.00726997
59.2039 0.00707487 0 0.00707487
59.6183 0.00688488 0 0.00688488
60.0356 0.00669989 0 0.00669989
60.4559 0.00651975 0 0.00651975
60.8791 0.00634436 0 0.00634436
61.3052 0.00617358 0 0.00617358
61.7344 0.00600706 0 0.00600706
62.1665 0.00584519 0 0.00584519
62.6017 0.00568759 0 0.00568759
63.0399 0.00553415 0 0.00553415
63.4812 0.00538477 0 0.00538477
63.9255 0.00523934 0 0.00523934
64.373 0.00509776 0 0.00509776
64.8236 0.00495994 0 0.00495994
65.2774 0.00482578 0 0.00482578
65.7343 0.00469517 0 0.00469517
66.1945 0.00456804 0 0.00456804
66.6578 0.00444429 0 0.00444429
67.1244 0.00432383 0 0.00432383
67.5943 0.00420659 0 0.00420659
68.0675 0.00409246 0 0.00409246
68.5439 0.00398138 0 0.00398138
69.0237 0.00387327 0 0.00387327
69.5069 0.0037679 0 0.0037679
69.9935 0.0036655 0 0.0036655
70.4834 0.00356583 0 0.00356583
70.9768 0.00346884 0 0.00346884
71.4736 0.00337444 0 0.00337444
71.9739 0.00328257 0 0.00328257
72.4778 0.00319317 0 0.00319317
72.9851 0.00310616 0 0.00310616
73.496 0.00302149 0 0.00302149
74.0105 0.0029391 0 0.0029391
74.5285 0.00285892 0 0.00285892
75.0502 0.0027809 0 0.0027809
75.5756 0.00270498 0 0.00270498
76.1046 0.0026311 0 0.0026311
76.6374 0.00255922 0 0.00255922
77.1738 0.00248927 0 0.00248927
77.714 0.00242112 0 0.00242112
78.258 0.0023549 0 0.0023549
78.8058 0.00229048 0 0.00229048
79.3575 0.00222779 0 0.00222779
79.913 0.0021668 0 0.0021668
80.4724 0.00210746 0 0.00210746
81.0357 0.00204972 0 0.00204972
81.6029 0.00199355 0 0.00199355
82.1742 0.0019389 0 0.0019389
82.7494 0.00188573 0 0.00188573
83.3286 0.001834 0 0.001834
83.9119 0.00178368 0 0.00178368
84.4993 0.00173472 0 0.00173472
85.0908 0.00168709 0 0.00168709
85.6864 0.00164076 0 0.00164076
86.2862 0.00159569 0 0.00159569
86.8902 0.00155184 0 0.00155184
87.4985 0.00150912 0 0.00150912
88.111 0.00146763 0 0.00146763
88.7277 0.00142727 0 0.00142727
89.3488 0.00138801 0 0.00138801
89.9743 0.00134982 0 0.00134982
90.6041 0.00131267 0 0.00131267
91.2383 0.00127653 0 0.00127653
91.877 0.00124138 0 0.00124138
92.5201 0.00120718 0 0.00120718
93.1678 0.00117392 0 0.00117392
93.8199 0.00114157 0 0.00114157
94.4767 0.00111011 0 0.00111011
95.138 0.0010795 0 0.0010795
95.804 0.00104973 0 0.00104973
96.4746 0.00102078 0 0.00102078
97.1499 0.000992613 0 0.000992613
97.83 0.000965182 0 0.000965182
98.5148 0.000938543 0 0.000938543
99.2044 0.000912633 0 0.000912633
99.8988 0.000887433 0 0.000887433
100.598 0.000862923 0 0.000862923
101.302 0.000839086 0 0.000839086
102.011 0.000815902 0 0.000815902
102.726 0.000793354 0 0.000793354
103.445 0.000771425 0 0.000771425
104.169 0.000750098 0 0.000750098
104.898 0.000729357 0 0.000729357
105.632 0.000709185 0 0.000709185
106.372 0.000689567 0 0.000689567
107.116 0.000670489 0 0.000670489
107.866 0.000651935 0 0.000651935
108.621 0.000633891 0 0.000633891
109.381 0.000616343 0 0.000616343
110.147 0.000599255 0 0.000599255
110.918 0.000582661 0 0.000582661
111.695 0.000566525 0 0.000566525
112.476 0.000550832 0 0.000550832
113.264 0.000535572 0 0.000535572
114.057 0.000520732 0 0.000520732
114.855 0.0005063 0 0.0005063
115.659 0.000492267 0 0.000492267
116.469 0.00047862 0 0.00047862
117.284 0.00046535 0 0.00046535
118.105 0.000452445 0 0.000452445
118.932 0.000439897 0 0.000439897
119.764 0.000427694 0 0.000427694
120.602 0.000415829 0 0.000415829
121.447 0.000404291 0 0.000404291
122.297 0.000393072 0 0.000393072
123.153 0.000382147 0 0.000382147
124.015 0.00037154 0 0.00037154
124.883 0.000361226 0 0.000361226
125.757 0.000351196 0 0.000351196
126.638 0.000341444 0 0.000341444
127.524 0.000331962 0 0.000331962
128.417 0.000322742 0 0.000322742
129.316 0.000313776 0 0.000313776
130.221 0.000305059 0 0.000305059
131.132 0.000296583 0 0.000296583
132.05 0.000288341 0 0.000288341
132.975 0.000280327 0 0.000280327
133.905 0.000272536 0 0.000272536
134.843 0.000264959 0 0.000264959
135.787 0.000257593 0 0.000257593
136.737 0.000250431 0 0.000250431
137.694 0.000243467 0 0.000243467
138.658 0.000236687 0 0.000236687
139.629 0.000230104 0 0.000230104
140.606 0.000223703 0 0.000223703
141.59 0.00021748 0 0.00021748
142.582 0.00021143 0 0.00021143
143.58 0.000205547 0 0.000205547
144.585 0.000199827 0 0.000199827
145.597 0.000194266 0 0.000194266
146.616 0.000188859 0 0.000188859
147.642 0.000183602 0 0.000183602
148.676 0.000178491 0 0.000178491
149.717 0.000173522 0 0.000173522
150.765 0.000168691 0 0.000168691
151.82 0.000163994 0 0.000163994
152.883 0.000159427 0 0.000159427
153.953 0.000154987 0 0.000154987
155.03 0.00015067 0 0.00015067
156.116 0.000146468 0 0.000146468
157.208 0.000142388 0 0.000142388
158.309 0.000138421 0 0.000138421
159.417 0.000134565 0 0.000134565
160.533 0.000130815 0 0.000130815
161.657 0.00012717 0 0.00012717
162.788 0.000123626 0 0.000123626
163.928 0.000120181 0 0.000120181
165.075 0.000116831 0 0.000116831
166.231 0.000113575 0 0.000113575
167.395 0.000110409 0 0.000110409
168.566 0.000107331 0 0.000107331
169.746 0.000104339 0 0.000104339
170.934 0.00010143 0 0.00010143
172.131 9.86014e-05 0 9.86014e-05
173.336 9.58519e-05 0 9.58519e-05
174.549 9.31753e-05 0 9.31753e-05
175.771 9.05769e-05 0 9.05769e-05
177.002 8.80508e-05 0 8.80508e-05
178.241 8.5595e-05 0 8.5595e-05
179.488 8.32075e-05 0 8.32075e-05
180.745 8.08865e-05 0 8.08865e-05
182.01 7.86301e-05 0 7.86301e-05
183.284 7.64364e-05 0 7.64364e-05
184.567 7.43039e-05 0 7.43039e-05
185.859 7.22307e-05 0 7.22307e-05
187.16 7.02153e-05 0 7.02153e-05
188.47 6.82559e-05 0 6.82559e-05
189.789 6.63512e-05 0 6.63512e-05
191.118 6.44995e-05 0 6.44995e-05
192.456 6.26993e-05 0 6.26993e-05
193.803 6.09493e-05 0 6.09493e-05
195.159 5.92481e-05 0 5.92481e-05
196.526 5.75921e-05 0 5.75921e-05
197.901 5.59845e-05 0 5.59845e-05
199.287 5.44217e-05 0 5.44217e-05
200.682 5.29025e-05 0 5.29025e-05
202.086 5.14255e-05 0 5.14255e-05
203.501 4.99898e-05 0 4.99898e-05
204.925 4.8594e-05 0 4.8594e-05
206.36 4.72372e-05 0 4.72372e-05
207.804 4.59182e-05 0 4.59182e-05
209.259 4.46359e-05 0 4.46359e-05
210.724 4.33894e-05 0 4.33894e-05
212.199 4.21777e-05 0 4.21777e-05
213.684 4.09998e-05 0 4.09998e-05
215.18 3.98547e-05 0 3.98547e-05
216.686 3.87415e-05 0 3.87415e-05
218.203 3.76594e-05 0 3.76594e-05
219.731 3.6606e-05 0 3.6606e-05
221.269 3.55835e-05 0 3.55835e-05
222.818 3.45895e-05 0 3.45895e-05
224.377 3.36233e-05 0 3.36233e-05
225.948 3.2684e-05 0 3.2684e-05
227.53 3.17709e-05 0 3.17709e-05
229.122 3.08833e-05 0 3.08833e-05
230.726 3.00204e-05 0 3.00204e-05
232.341 2.91816e-05 0 2.91816e-05
233.968 2.83663e-05 0 2.83663e-05
235.605 2.75737e-05 0 2.75737e-05
237.255 2.68032e-05 0 2.68032e-05
238.915 2.60542e-05 0 2.60542e-05
240.588 2.53261e-05 0 2.53261e-05
242.272 2.46183e-05 0 2.46183e-05
243.968 2.39303e-05 0 2.39303e-05
245.676 2.32615e-05 0 2.32615e-05
247.395 2.26105e-05 0 2.26105e-05
249.127 2.19786e-05 0 2.19786e-05
250.871 2.13643e-05 0 2.13643e-05
252.627 2.07672e-05 0 2.07672e-05
254.396 2.01867e-05 0 2.01867e-05
256.176 1.96225e-05 0 1.96225e-05
257.97 1.9074e-05 0 1.9074e-05
259.775 1.85408e-05 0 1.85408e-05
261.594 1.80225e-05 0 1.80225e-05
263.425 1.75187e-05 0 1.75187e-05
265.269 1.70289e-05 0 1.70289e-05
267.126 1.65528e-05 0 1.65528e-05
268.996 1.60901e-05 0 1.60901e-05
270.879 1.56402e-05 0 1.56402e-05
272.775 1.52029e-05 0 1.52029e-05
274.684 1.47779e-05 0 1.47779e-05
276.607 1.43641e-05 0 1.43641e-05
278.543 1.39625e-05 0 1.39625e-05
280.493 1.35721e-05 0 1.35721e-05
282.456 1.31926e-05 0 1.31926e-05
284.434 1.28237e-05 0 1.28237e-05
286.425 1.24652e-05 0 1.24652e-05
288.43 1.21166e-05 0 1.21166e-05
290.449 1.17778e-05 0 1.17778e-05
292.482 1.14484e-05 0 1.14484e-05
294.529 1.11283e-05 0 1.11283e-05
296.591 1.08171e-05 0 1.08171e-05
298.667 1.05146e-05 0 1.05146e-05
300.758 1.02205e-05 0 1.02205e-05
302.863 9.93466e-06 0 9.93466e-06
304.983 9.65681e-06 0 9.65681e-06
307.118 9.38672e-06 0 9.38672e-06
309.268 9.12419e-06 0 9.12419e-06
311.433 8.86866e-06 0 8.86866e-06
313.613 8.62062e-06 0 8.62062e-06
315.808 8.37951e-06 0 8.37951e-06
318.019 8.14514e-06 0 8.14514e-06
320.245 7.91732e-06 0 7.91732e-06
322.486 7.69587e-06 0 7.69587e-06
324.744 7.4806e-06 0 7.4806e-06
327.017 7.27136e-06 0 7.27136e-06
329.306 7.06796e-06 0 7.06796e-06
331.611 6.87025e-06 0 6.87025e-06
333.933 6.67807e-06 0 6.67807e-06
336.27 6.49126e-06 0 6.49126e-06
338.624 6.30967e-06 0 6.30967e-06
340.994 6.13316e-06 0 6.13316e-06
343.381 5.96159e-06 0 5.96159e-06
345.785 5.79481e-06 0 5.79481e-06
348.206 5.63248e-06 0 5.63248e-06
350.643 5.47492e-06 0 5.47492e-06
353.097 5.32175e-06 0 5.32175e-06
355.569 5.17288e-06 0 5.17288e-06
358.058 5.02816e-06 0 5.02816e-06
360.565 4.88749e-06 0 4.88749e-06
363.088 4.75075e-06 0 4.75075e-06
365.63 4.61784e-06 0 4.61784e-06
368.19 4.48864e-06 0 4.48864e-06
370.767 4.36306e-06 0 4.36306e-06
373.362 4.24099e-06 0 4.24099e-06
375.976 4.12233e-06 0 4.12233e-06
378.608 4.00699e-06 0 4.00699e-06
381.258 3.89488e-06 0 3.89488e-06
383.927 3.7859e-06 0 3.7859e-06
386.614 3.67997e-06 0 3.67997e-06
389.32 3.577e-06 0 3.577e-06
392.046 3.47679e-06 0 3.47679e-06
394.79 3.37951e-06 0 3.37951e-06
397.553 3.28495e-06 0 3.28495e-06
400.336 3.19304e-06 0 3.19304e-06
403.139 3.10369e-06 0 3.10369e-06
405.961 3.01685e-06 0 3.01685e-06
408.802 2.93243e-06 0 2.93243e-06
411.664 2.85038e-06 0 2.85038e-06
414.546 2.77062e-06 0 2.77062e-06
417.448 2.69309e-06 0 2.69309e-06
420.37 2.61773e-06 0 2.61773e-06
423.312 2.54448e-06 0 2.54448e-06
426.275 2.47328e-06 0 2.47328e-06
429.259 2.40407e-06 0 2.40407e-06
432.264 2.33679e-06 0 2.33679e-06
435.29 2.2714e-06 0 2.2714e-06
438.337 2.20776e-06 0 2.20776e-06
441.405 2.14598e-06 0 2.14598e-06
444.495 2.08592e-06 0 2.08592e-06
447.607 2.02755e-06 0 2.02755e-06
450.74 1.97082e-06 0 1.97082e-06
453.895 1.91566e-06 0 1.91566e-06
457.072 1.86206e-06 0 1.86206e-06
460.272 1.80995e-06 0 1.80995e-06
463.494 1.7593e-06 0 1.7593e-06
466.738 1.71006e-06 0 1.71006e-06
470.005 1.66221e-06 0 1.66221e-06
473.295 1.61569e-06 0 1.61569e-06
476.609 1.57047e-06 0 1.57047e-06
479.945 1.52652e-06 0 1.52652e-06
483.304 1.4838e-06 0 1.4838e-06
486.688 1.44228e-06 0 1.44228e-06
490.094 1.40191e-06 0 1.40191e-06
493.525 1.36263e-06 0 1.36263e-06
496.98 1.32449e-06 0 1.32449e-06
500.459 1.28743e-06 0 1.28743e-06
503.962 1.2514e-06 0 1.2514e-06
507.489 1.21638e-06 0 1.21638e-06
511.042 1.18234e-06 0 1.18234e-06
514.619 1.14925e-06 0 1.14925e-06
518.222 1.11708e-06 0 1.11708e-06
521.849 1.08582e-06 0 1.08582e-06
525.502 1.05543e-06 0 1.05543e-06
529.181 1.02589e-06 0 1.02589e-06
532.885 9.97181e-07 0 9.97181e-07
536.615 9.69272e-07 0 9.69272e-07
540.371 9.42145e-07 0 9.42145e-07
544.154 9.15777e-07 0 9.15777e-07
547.963 8.90146e-07 0 8.90146e-07
551.799 8.65201e-07 0 8.65201e-07
555.661 8.40987e-07 0 8.40987e-07
559.551 8.17451e-07 0 8.17451e-07
563.468 7.94573e-07 0 7.94573e-07
567.412 7.72335e-07 0 7.72335e-07
571.384 7.5072e-07 0 7.5072e-07
575.384 7.29709e-07 0 7.29709e-07
579.411 7.09286e-07 0 7.09286e-07
583.467 6.89435e-07 0 6.89435e-07
587.551 6.70139e-07 0 6.70139e-07
591.664 6.51384e-07 0 6.51384e-07
595.806 6.33153e-07 0 6.33153e-07
599.977 6.15432e-07 0 6.15432e-07
604.176 5.98207e-07 0 5.98207e-07
608.406 5.81464e-07 0 5.81464e-07
612.665 5.6519e-07 0 5.6519e-07
616.953 5.49371e-07 0 5.49371e-07
621.272 5.33976e-07 0 5.33976e-07
625.621 5.19031e-07 0 5.19031e-07
630 5.04505e-07 0 5.04505e-07
634.41 4.90385e-07 0 4.90385e-07
638.851 4.7666e-07 0 4.7666e-07
643.323 4.63319e-07 0 4.63319e-07
647.826 4.50352e-07 0 4.50352e-07
652.361 4.37748e-07 0 4.37748e-07
656.928 4.25496e-07 0 4.25496e-07
661.526 4.13587e-07 0 4.13587e-07
666.157 4.02011e-07 0 4.02011e-07
670.82 3.9076e-07 0 3.9076e-07
675.516 3.79823e-07 0 3.79823e-07
680.244 3.69192e-07 0 3.69192e-07
685.006 3.58859e-07 0 3.58859e-07
689.801 3.48815e-07 0 3.48815e-07
694.629 3.3904e-07 0 3.3904e-07
699.492 3.29551e-07 0 3.29551e-07
704.388 3.20327e-07 0 3.20327e-07
709.319 3.11362e-07 0 3.11362e-07
714.284 3.02648e-07 0 3.02648e-07
719.284 2.94177e-07 0 2.94177e-07
724.319 2.85944e-07 0 2.85944e-07
729.39 2.77941e-07 0 2.77941e-07
734.495 2.70162e-07 0 2.70162e-07
739.637 2.62601e-07 0 2.62601e-07
744.814 2.55251e-07 0 2.55251e-07
750.028 2.48107e-07 0 2.48107e-07
755.278 2.41163e-07 0 2.41163e-07
760.565 2.34413e-07 0 2.34413e-07
765.889 2.27852e-07 0 2.27852e-07
771.25 2.21475e-07 0 2.21475e-07
776.649 2.15276e-07 0 2.15276e-07
782.085 2.09243e-07 0 2.09243e-07
787.56 2.03387e-07 0 2.03387e-07
793.073 1.97695e-07 0 1.97695e-07
798.625 1.92162e-07 0 1.92162e-07
804.215 1.86784e-07 0 1.86784e-07
809.844 1.81556e-07 0 1.81556e-07
815.513 1.76475e-07 0 1.76475e-07
821.222 1.71536e-07 0 1.71536e-07
826.97 1.66735e-07 0 1.66735e-07
832.759 1.62068e-07 0 1.62068e-07
838.589 1.57532e-07 0 1.57532e-07
844.459 1.53123e-07 0 1.53123e-07
850.37 1.48837e-07 0 1.48837e-07
856.322 1.44672e-07 0 1.44672e-07
862.317 1.40623e-07 0 1.40623e-07
868.353 1.36687e-07 0 1.36687e-07
874.431 1.32856e-07 0 1.32856e-07
880.552 1.29138e-07 0 1.29138e-07
886.716 1.25524e-07 0 1.25524e-07
892.923 1.22011e-07 0 1.22011e-07
899.174 1.18596e-07 0 1.18596e-07
905.468 1.15277e-07 0 1.15277e-07
911.806 1.12051e-07 0 1.12051e-07
918.189 1.08915e-07 0 1.08915e-07
924.616 1.05867e-07 0 1.05867e-07
931.089 1.02904e-07 0 1.02904e-07
937.606 1.00024e-07 0 1.00024e-07
944.169 9.72244e-08 0 9.72244e-08
950.779 9.45033e-08 0 9.45033e-08
957.434 9.18584e-08 0 9.18584e-08
964.136 8.92875e-08 0 8.92875e-08
970.885 8.67886e-08 0 8.67886e-08
977.681 8.43596e-08 0 8.43596e-08
984.525 8.19957e-08 0 8.19957e-08
991.417 7.9701e-08 0 7.9701e-08
998.357 7.74705e-08 0 7.74705e-08
1005.35 7.53024e-08 0 7.53024e-08
1012.38 7.31949e-08 0 7.31949e-08
1019.47 7.11465e-08 0 7.11465e-08
1026.61 6.91553e-08 0 6.91553e-08
1033.79 6.72199e-08 0 6.72199e-08
1041.03 6.53387e-08 0 6.53387e-08
1048.32 6.35101e-08 0 6.35101e-08
1055.65 6.17327e-08 0 6.17327e-08
1063.04 6.0005e-08 0 6.0005e-08
1070.48 5.83257e-08 0 5.83257e-08
1077.98 5.66933e-08 0 5.66933e-08
1085.52 5.51067e-08 0 5.51067e-08
1093.12 5.35644e-08 0 5.35644e-08
1100.77 5.20635e-08 0 5.20635e-08
1108.48 5.06065e-08 0 5.06065e-08
1116.24 4.91902e-08 0 4.91902e-08
1124.05 4.78136e-08 0 4.78136e-08
1131.92 4.64756e-08 0 4.64756e-08
1139.84 4.51749e-08 0 4.51749e-08
1147.82 4.39107e-08 0 4.39107e-08
1155.86 4.26818e-08 0 4.26818e-08
1163.95 4.14874e-08 0 4.14874e-08
1172.1 4.03263e-08 0 4.03263e-08
1180.3 3.91978e-08 0 3.91978e-08
1188.56 3.81008e-08 0 3.81008e-08
1196.88 3.70345e-08 0 3.70345e-08
1205.26 3.59981e-08 0 3.59981e-08
1213.7 3.49907e-08 0 3.49907e-08
1222.19 3.40114e-08 0 3.40114e-08
1230.75 3.30596e-08 0 3.30596e-08
1239.37 3.21333e-08 0 3.21333e-08
1248.04 3.12341e-08 0 3.12341e-08
1256.78 3.036e-08 0 3.036e-08
1265.57 2.95104e-08 0 2.95104e-08
1274.43 2.86846e-08 0 2.86846e-08
1283.35 2.78819e-08 0 2.78819e-08
1292.34 2.71016e-08 0 2.71016e-08
1301.38 2.63432e-08 0 2.63432e-08
1310.49 2.5606e-08 0 2.5606e-08
1319.67 2.48894e-08 0 2.48894e-08
1328.91 2.41929e-08 0 2.41929e-08
1338.21 2.35159e-08 0 2.35159e-08
1347.57 2.28578e-08 0 2.28578e-08
1357.01 2.22181e-08 0 2.22181e-08
1366.51 2.15964e-08 0 2.15964e-08
1376.07 2.0992e-08 0 2.0992e-08
1385.71 2.04038e-08 0 2.04038e-08
1395.41 1.98329e-08 0 1.98329e-08
1405.17 1.92779e-08 0 1.92779e-08
1415.01 1.87384e-08 0 1.87384e-08
1424.91 1.82141e-08 0 1.82141e-08
1434.89 1.77044e-08 0 1.77044e-08
1444.93 1.7209e-08 0 1.7209e-08
1455.05 1.67274e-08 0 1.67274e-08
1465.23 1.62593e-08 0 1.62593e-08
1475.49 1.58043e-08 0 1.58043e-08
1485.82 1.53621e-08 0 1.53621e-08
1496.22 1.49322e-08 0 1.49322e-08
1506.69 1.45143e-08 0 1.45143e-08
1517.24 1.41082e-08 0 1.41082e-08
1527.86 1.37134e-08 0 1.37134e-08
1538.55 1.33296e-08 0 1.33296e-08
1549.32 1.29566e-08 0 1.29566e-08
1560.17 1.25936e-08 0 1.25936e-08
1571.09 1.22412e-08 0 1.22412e-08
1582.09 1.18987e-08 0 1.18987e-08
1593.16 1.15658e-08 0 1.15658e-08
1604.32 1.12421e-08 0 1.12421e-08
1615.55 1.09276e-08 0 1.09276e-08
1626.85 1.06218e-08 0 1.06218e-08
1638.24 1.03246e-08 0 1.03246e-08
1649.71 1.00357e-08 0 1.00357e-08
1661.26 9.75484e-09 0 9.75484e-09
1672.89 9.48188e-09 0 9.48188e-09
1684.6 9.21656e-09 0 9.21656e-09
1696.39 8.95866e-09 0 8.95866e-09
1708.26 8.70798e-09 0 8.70798e-09
1720.22 8.46431e-09 0 8.46431e-09
1732.26 8.22746e-09 0 8.22746e-09
1744.39 7.99696e-09 0 7.99696e-09
1756.6 7.7732e-09 0 7.7732e-09
1768.9 7.5557e-09 0 7.5557e-09
1781.28 7.34429e-09 0 7.34429e-09
1793.75 7.13879e-09 0 7.13879e-09
1806.3 6.93904e-09 0 6.93904e-09
1818.95 6.74488e-09 0 6.74488e-09
1831.68 6.55615e-09 0 6.55615e-09
1844.5 6.37271e-09 0 6.37271e-09
1857.41 6.19439e-09 0 6.19439e-09
1870.42 6.02107e-09 0 6.02107e-09
1883.51 5.85259e-09 0 5.85259e-09
1896.69 5.68883e-09 0 5.68883e-09
1909.97 5.52965e-09 0 5.52965e-09
1923.34 5.37493e-09 0 5.37493e-09
1936.8 5.22453e-09 0 5.22453e-09
1950.36 5.07835e-09 0 5.07835e-09
1964.01 4.93608e-09 0 4.93608e-09
1977.76 4.79797e-09 0 4.79797e-09
1991.61 4.66373e-09 0 4.66373e-09
2005.55 4.53324e-09 0 4.53324e-09
2019.59 4.4064e-09 0 4.4064e-09
2033.72 4.28311e-09 0 4.28311e-09
2047.96 4.16327e-09 0 4.16327e-09
2062.29 4.04679e-09 0 4.04679e-09
2076.73 3.93356e-09 0 3.93356e-09
2091.27 3.8235e-09 0 3.8235e-09
2105.91 3.71652e-09 0 3.71652e-09
2120.65 3.61253e-09 0 3.61253e-09
2135.49 3.51146e-09 0 3.51146e-09
2150.44 3.41321e-09 0 3.41321e-09
2165.49 3.31771e-09 0 3.31771e-09
2180.65 3.22488e-09 0 3.22488e-09
2195.92 3.13454e-09 0 3.13454e-09
2211.29 3.04684e-09 0 3.04684e-09
2226.77 2.96159e-09 0 2.96159e-09
2242.35 2.87873e-09 0 2.87873e-09
2258.05 2.79819e-09 0 2.79819e-09
2273.86 2.7199e-09 0 2.7199e-09
2289.77 2.64381e-09 0 2.64381e-09
2305.8 2.56984e-09 0 2.56984e-09
2321.94 2.49794e-09 0 2.49794e-09
2338.2 2.42805e-09 0 2.42805e-09
2354.56 2.36012e-09 0 2.36012e-09
2371.05 2.29408e-09 0 2.29408e-09
2387.64 2.2299e-09 0 2.2299e-09
2404.36 2.16751e-09 0 2.16751e-09
2421.19 2.10687e-09 0 2.10687e-09
2438.14 2.04792e-09 0 2.04792e-09
2455.2 1.99062e-09 0 1.99062e-09
2472.39 1.93486e-09 0 1.93486e-09
2489.7 1.88073e-09 0 1.88073e-09
2507.12 1.82811e-09 0 1.82811e-09
2524.67 1.77697e-09 0 1.77697e-09
2542.35 1.72725e-09 0 1.72725e-09
2560.14 1.67893e-09 0 1.67893e-09
2578.06 1.63196e-09 0 1.63196e-09
2596.11 1.5863e-09 0 1.5863e-09
2614.28 1.54192e-09 0 1.54192e-09
2632.58 1.49878e-09 0 1.49878e-09
2651.01 1.45685e-09 0 1.45685e-09
2669.57 1.41609e-09 0 1.41609e-09
2688.26 1.37647e-09 0 1.37647e-09
2707.07 1.33796e-09 0 1.33796e-09
2726.02 1.30053e-09 0 1.30053e-09
2745.1 1.26414e-09 0 1.26414e-09
2764.32 1.22873e-09 0 1.22873e-09
2783.67 1.19436e-09 0 1.19436e-09
2803.16 1.16095e-09 0 1.16095e-09
2822.78 1.12847e-09 0 1.12847e-09
2842.54 1.0969e-09 0 1.0969e-09
2862.44 1.06621e-09 0 1.06621e-09
2882.47 1.03638e-09 0 1.03638e-09
2902.65 1.00739e-09 0 1.00739e-09
2922.97 9.79206e-10 0 9.79206e-10
