6.71669 1 108.057 1.17915e-47
6.76371 1 107.084 3.11851e-47
6.81105 1 106.1 8.34549e-47
6.85873 1 105.12 2.22368e-46
6.90674 1 104.137 5.942e-46
6.95509 1 103.142 1.60756e-45
7.00377 1 102.139 4.38306e-45
7.0528 1 101.127 1.20559e-44
7.10217 1 100.11 3.33166e-44
7.15189 1 99.0882 9.25811e-44
7.20195 1 98.061 2.58603e-43
7.25236 1 97.0298 7.25251e-43
7.30313 1 95.9939 2.04342e-42
7.35425 1 94.953 5.78657e-42
7.40573 1 93.9068 1.64746e-41
7.45757 1 92.8556 4.71327e-41
7.50977 1 91.7978 1.35749e-40
7.56234 1 90.7294 3.95105e-40
7.61528 1 89.6523 1.16014e-39
7.66859 1 88.5804 3.38846e-39
7.72227 1 87.5058 9.92494e-39
7.77632 1 86.4212 2.93584e-38
7.83076 1 85.3318 8.72744e-38
7.88557 1 84.2319 2.62148e-37
7.94077 1 83.1386 7.82316e-37
7.99636 1 82.0367 2.35459e-36
8.05233 1 80.9306 7.11694e-36
8.1087 1 79.8168 2.16782e-35
8.16546 1 78.7089 6.56373e-35
8.22261 1 77.5835 2.02258e-34
8.28017 1 76.4654 6.18743e-34
8.33813 1 75.3328 1.92044e-33
8.3965 1 74.2087 5.91003e-33
8.45528 1 73.0778 1.83108e-32
8.51446 1 71.9467 5.67496e-32
8.57407 1 70.8 1.78621e-31
8.63408 1 69.6618 5.575e-31
8.69452 1 68.5227 1.74169e-30
8.75538 1 67.3809 5.45564e-30
8.81667 1 66.234 1.7176e-29
8.87839 1 65.0813 5.43927e-29
8.94054 1 63.9328 1.71529e-28
9.00312 1 62.7786 5.4399e-28
9.06614 1 61.6269 1.72102e-27
9.12961 1 60.4734 5.45404e-27
9.19351 1 59.3178 1.73219e-26
9.25787 1 58.1676 5.47169e-26
9.32267 1 57.0147 1.73316e-25
9.38793 1 55.8566 5.51808e-25
9.45365 1 54.7003 1.75376e-24
9.51982 1 53.5501 5.53972e-24
9.58646 1 52.3985 1.75238e-23
9.65357 1 51.2428 5.56612e-23
9.72114 1 50.0983 1.74812e-22
9.78919 1 48.9514 5.50424e-22
9.85771 1 47.8055 1.73122e-21
9.92672 1 46.6684 5.39733e-21
9.9962 1 45.5259 1.69177e-20
10.0662 1 44.3928 5.25352e-20
10.1366 1 43.2601 1.63073e-19
10.2076 1 42.1291 5.05292e-19
10.2791 1 41.0136 1.54184e-18
10.351 1 39.8925 4.73073e-18
10.4235 1 38.7762 1.44449e-17
10.4964 1 37.6727 4.35446e-17
10.5699 1 36.5763 1.30351e-16
10.6439 1 35.4824 3.89208e-16
10.7184 1 34.3973 1.15199e-15
10.7934 1 33.3197 3.38421e-15
10.869 1 32.2497 9.86608e-15
10.9451 1 31.1885 2.85097e-14
11.0217 1 30.1384 8.14842e-14
11.0988 1 29.0941 2.31522e-13
11.1765 1 28.0593 6.51626e-13
11.2548 1 27.0427 1.80104e-12
11.3335 1 26.0344 4.93608e-12
11.4129 1 25.0374 1.33786e-11
11.4928 1 24.05 3.5909e-11
11.5732 1 23.0819 9.45479e-11
11.6542 1 22.1238 2.4647e-10
11.7358 1 21.1826 6.31704e-10
11.818 1 20.255 1.5972e-09
11.9007 1 19.3448 3.96894e-09
11.984 1 18.4452 9.75771e-09
12.0679 1 17.5709 2.33924e-08
12.1524 1 16.7115 5.52433e-08
12.2374 1 15.8674 1.28498e-07
12.3231 1 15.0454 2.92338e-07
12.4093 1 14.2422 6.52638e-07
12.4962 1 13.4606 1.42608e-06
12.5837 1 12.6996 3.05246e-06
12.6718 1 11.9587 6.40304e-06
12.7605 1 11.2401 1.31366e-05
12.8498 1 10.5437 2.63603e-05
12.9397 1 9.87225 5.15867e-05
13.0303 1 9.22469 9.85757e-05
13.1215 1 8.60054 0.000184006
13.2134 1 8.00191 0.000334821
13.3059 1 7.42822 0.000594241
13.399 1 6.87998 0.00102816
13.4928 1 6.35549 0.00173718
13.5873 1 5.85727 0.00285904
13.6824 1 5.38519 0.00458396
13.7781 1 4.93737 0.00717342
13.8746 1 4.51624 0.0109301
13.9717 1 4.11914 0.0162586
14.0695 1 3.74659 0.0235981
14.168 1 3.39934 0.0333954
14.2672 1 3.07547 0.0461679
14.367 1 2.77457 0.0623764
14.4676 1 2.49596 0.0824175
14.5689 1 2.23908 0.106557
14.6709 1 2.00248 0.135
14.7736 1 1.78537 0.167736
14.877 1 1.58823 0.204287
14.9811 1 1.40859 0.244489
15.086 1 1.24499 0.287944
15.1916 1 1.09817 0.33348
15.2979 1 0.965059 0.380961
15.405 1 0.846318 0.428992
15.5129 1 0.739819 0.4772
15.6214 1 0.64471 0.524815
15.7308 1 0.560258 0.571062
15.8409 1 0.485543 0.615363
15.9518 1 0.419638 0.657285
16.0635 1 0.361687 0.6965
16.1759 1 0.310889 0.732795
16.2891 1 0.266466 0.766082
16.4032 1 0.227633 0.796416
16.518 1 0.193931 0.823715
16.6336 1 0.164794 0.848068
16.75 1 0.139548 0.869751
16.8673 1 0.117762 0.888908
16.9854 1 0.0992191 0.905544
17.1043 1 0.0832649 0.920107
17.224 1 0.0696395 0.93273
17.3446 1 0.0580615 0.943592
17.466 1 0.0482464 0.952899
17.5882 1 0.0399495 0.960838
17.7114 1 0.0329561 0.967581
17.8353 1 0.0270678 0.973295
17.9602 1 0.0221734 0.978071
18.0859 1 0.0180599 0.982102
18.2125 1 0.01468 0.985427
18.34 1 0.0118608 0.988209
18.4684 1 0.00954283 0.990503
18.5976 1 0.00765187 0.992377
18.7278 1 0.0061022 0.993916
18.8589 1 0.00484376 0.995168
18.9909 1 0.00382394 0.996183
19.1239 1 0.00300425 0.997
19.2577 1 0.00235131 0.997651
19.3925 1 0.00182895 0.998173
19.5283 1 0.00141691 0.998584
19.665 1 0.0010926 0.998908
19.8026 1 0.000837259 0.999163
19.9413 1 0.000638198 0.999362
20.0809 1 0.000485084 0.999515
20.2214 1 0.000366518 0.999634
20.363 1 0.000275532 0.999725
20.5055 1 0.000205951 0.999794
20.649 1 0.000153008 0.999847
20.7936 1 0.000113165 0.999887
20.9391 1 8.32041e-05 0.999917
21.0857 1 6.07474e-05 0.999939
21.2333 1 4.40159e-05 0.999956
21.382 1 3.15918e-05 0.999968
21.5316 1 2.24773e-05 0.999978
21.6824 1 1.58326e-05 0.999984
21.8341 1 1.10204e-05 0.999989
21.987 1 7.5654e-06 0.999992
22.1409 1 5.09696e-06 0.999995
22.2959 1 3.35572e-06 0.999997
22.4519 1 2.15118e-06 0.999998
22.6091 1 1.32067e-06 0.999999
22.7674 1 7.77619e-07 0.999999
22.9267 1 4.21787e-07 1
23.0872 1 1.99954e-07 1
23.2488 1 6.88443e-08 1
23.4116 1 1.77275e-09 1
23.5755 1 0 1
