6.68648 0.998405 106.806 4.11259e-47
6.73329 0.998236 105.835 1.08527e-46
6.78042 0.998051 104.848 2.91198e-46
6.82788 0.997851 103.851 7.88919e-46
6.87568 0.997633 102.86 2.12435e-45
6.92381 0.997396 101.866 5.74388e-45
6.97227 0.997139 100.86 1.56897e-44
7.02108 0.996862 99.8467 4.32265e-44
7.07023 0.996562 98.827 1.19804e-43
7.11972 0.996239 97.8012 3.34074e-43
7.16956 0.99589 96.7717 9.34932e-43
7.21974 0.995515 95.7364 2.63178e-42
7.27028 0.995111 94.6957 7.448e-42
7.32117 0.994678 93.6489 2.12072e-41
7.37242 0.994213 92.599 6.05696e-41
7.42403 0.993715 91.5442 1.73826e-40
7.476 0.993183 90.4827 5.02194e-40
7.52833 0.992613 89.4136 1.46206e-39
7.58103 0.992006 88.335 4.29654e-39
7.63409 0.991358 87.2573 1.26142e-38
7.68753 0.990668 86.1825 3.69273e-38
7.74135 0.989935 85.1004 1.08881e-37
7.79553 0.989154 83.997 3.27952e-37
7.8501 0.988326 82.9055 9.76087e-37
7.90505 0.987448 81.8084 2.92127e-36
7.96039 0.986519 80.7031 8.81471e-36
8.01611 0.985536 79.5902 2.6797e-35
8.07222 0.984496 78.4822 8.1063e-35
8.12873 0.983399 77.3707 2.4608e-34
8.18563 0.982241 76.242 7.59841e-34
8.24293 0.981021 75.131 2.30523e-33
8.30063 0.979737 73.9948 7.17093e-33
8.35874 0.978387 72.8713 2.20256e-32
8.41725 0.976968 71.7401 6.81647e-32
8.47617 0.975478 70.6016 2.12482e-31
8.5355 0.973916 69.4685 6.58753e-31
8.59525 0.972279 68.331 2.05116e-30
8.65542 0.970566 67.1827 6.45564e-30
8.716 0.968774 66.0399 2.02056e-29
8.77702 0.966899 64.8938 6.34372e-29
8.83846 0.964944 63.7468 1.9935e-28
8.90032 0.962905 62.6033 6.24182e-28
8.96263 0.96078 61.4494 1.97466e-27
9.02537 0.958567 60.2983 6.22864e-27
9.08854 0.956265 59.1504 1.95833e-26
9.15216 0.953871 57.9996 6.17414e-26
9.21623 0.951385 56.8447 1.95446e-25
9.28074 0.948805 55.6889 6.19161e-25
9.34571 0.946129 54.535 1.95757e-24
9.41113 0.943356 53.3897 6.13501e-24
9.477 0.940485 52.2388 1.93345e-23
9.54334 0.937515 51.0934 6.05895e-23
9.61015 0.934444 49.9415 1.91097e-22
9.67742 0.931271 48.7988 5.97053e-22
9.74516 0.927996 47.6601 1.85796e-21
9.81338 0.924613 46.5196 5.79097e-21
9.88207 0.921131 45.3847 1.79463e-20
9.95124 0.917544 44.2482 5.57045e-20
10.0209 0.913853 43.122 1.71099e-19
10.091 0.910055 41.9955 5.25612e-19
10.1617 0.906152 40.8722 1.60929e-18
10.2328 0.902143 39.7599 4.87248e-18
10.3044 0.898028 38.649 1.47312e-17
10.3766 0.893807 37.5421 4.43522e-17
10.4492 0.88948 36.4488 1.31707e-16
10.5224 0.885047 35.3573 3.90387e-16
10.596 0.880509 34.2715 1.15034e-15
10.6702 0.875867 33.1951 3.35736e-15
10.7449 0.87112 32.1229 9.75629e-15
10.8201 0.866269 31.065 2.79458e-14
10.8958 0.861316 30.0117 7.966e-14
10.9721 0.856262 28.9743 2.23481e-13
11.0489 0.851098 27.9418 6.23718e-13
11.1263 0.845843 26.9232 1.71667e-12
11.2041 0.84049 25.9149 4.67545e-12
11.2826 0.83504 24.914 1.26385e-11
11.3615 0.829494 23.9309 3.35554e-11
11.4411 0.823855 22.9598 8.80067e-11
11.5212 0.818123 22.0001 2.282e-10
11.6018 0.812301 21.0583 5.81073e-10
11.683 0.80639 20.1312 1.45774e-09
11.7648 0.800392 19.2185 3.60437e-09
11.8472 0.794309 18.3233 8.75582e-09
11.9301 0.788144 17.4444 2.0922e-08
12.0136 0.781898 16.5778 4.93758e-08
12.0977 0.775574 15.7384 1.13376e-07
12.1824 0.769174 14.9149 2.56181e-07
12.2677 0.762701 14.1079 5.69355e-07
12.3535 0.756147 13.3242 1.23587e-06
12.44 0.749535 12.5606 2.62906e-06
12.5271 0.742856 11.8168 5.48193e-06
12.6148 0.736115 11.1004 1.11203e-05
12.7031 0.729312 10.4027 2.2135e-05
12.792 0.722452 9.72821 4.30428e-05
12.8815 0.715537 9.0778 8.1695e-05
12.9717 0.708569 8.45269 0.000151156
13.0625 0.701552 7.85226 0.000272813
13.154 0.694489 7.27781 0.000479681
13.246 0.687381 6.72808 0.000822678
13.3388 0.680233 6.20485 0.00137381
13.4321 0.673047 5.70642 0.00223758
13.5261 0.665826 5.23314 0.00355335
13.6208 0.658573 4.78809 0.00548484
13.7162 0.65129 4.36626 0.00827053
13.8122 0.643982 3.97264 0.0121221
13.9089 0.63664 3.6022 0.0173572
14.0062 0.629288 3.25781 0.0242103
14.1043 0.62192 2.93738 0.0329646
14.203 0.614537 2.64001 0.0438535
14.3024 0.607142 2.3654 0.0570177
14.4025 0.599738 2.11312 0.0724845
14.5034 0.592329 1.88196 0.0902067
14.6049 0.584917 1.67101 0.109998
14.7071 0.577504 1.47915 0.131574
14.8101 0.570095 1.3053 0.154547
14.9137 0.56269 1.1476 0.178596
15.0181 0.555293 1.00685 0.202885
15.1233 0.547907 0.880346 0.227184
15.2291 0.540534 0.767259 0.250961
15.3357 0.533176 0.666734 0.273723
15.4431 0.525837 0.57778 0.29507
15.5512 0.518508 0.498954 0.31482
15.66 0.511213 0.4296 0.332682
15.7697 0.503944 0.368832 0.348498
15.8801 0.496702 0.315867 0.362174
15.9912 0.48949 0.269548 0.373836
16.1032 0.482311 0.229486 0.383409
16.2159 0.475165 0.19481 0.391057
16.3294 0.468056 0.164891 0.396905
16.4437 0.460985 0.139085 0.401128
16.5588 0.453955 0.116997 0.403833
16.6747 0.446966 0.0981267 0.40519
16.7914 0.440022 0.082038 0.405364
16.909 0.433123 0.0683392 0.404513
17.0273 0.426272 0.056799 0.402735
17.1465 0.41947 0.0470426 0.400194
17.2665 0.412718 0.0388197 0.397003
17.3874 0.406018 0.0319274 0.39326
17.5091 0.399362 0.0261634 0.389049
17.6317 0.392772 0.0213516 0.384474
17.7551 0.386237 0.0173601 0.37959
17.8794 0.37976 0.0140667 0.374456
18.0046 0.373342 0.0113463 0.36913
18.1306 0.366983 0.00911314 0.363654
18.2575 0.360685 0.00728246 0.358068
18.3853 0.354449 0.0058003 0.352399
18.514 0.348276 0.00459663 0.346679
18.6436 0.342166 0.00362148 0.340929
18.7741 0.336121 0.00284174 0.335167
18.9055 0.33014 0.00221834 0.329409
19.0379 0.324226 0.00172174 0.323668
19.1711 0.318378 0.00133166 0.317955
19.3053 0.312598 0.00102271 0.312278
19.4405 0.306885 0.00078216 0.306645
19.5765 0.301231 0.000595372 0.301052
19.7136 0.295655 0.000451451 0.295522
19.8516 0.290148 0.000339885 0.29005
19.9905 0.284711 0.000254542 0.284638
20.1305 0.279342 0.000190217 0.279289
20.2714 0.274044 0.000141216 0.274005
20.4133 0.268815 0.000104322 0.268787
20.5562 0.263657 7.65855e-05 0.263637
20.7001 0.258569 5.5874e-05 0.258554
20.845 0.253551 4.04882e-05 0.25354
20.9909 0.248603 2.93038e-05 0.248595
21.1378 0.243725 2.09553e-05 0.24372
21.2858 0.238917 1.49088e-05 0.238914
21.4348 0.23418 1.04985e-05 0.234177
21.5848 0.229512 7.31796e-06 0.229511
21.7359 0.224914 5.04174e-06 0.224913
21.8881 0.220386 3.42323e-06 0.220385
22.0413 0.21592 2.29049e-06 0.21592
22.1956 0.21153 1.4984e-06 0.21153
22.3509 0.207209 9.5544e-07 0.207209
22.5074 0.202956 5.853e-07 0.202956
22.665 0.198771 3.46238e-07 0.198771
22.8236 0.194654 1.90865e-07 0.194654
22.9834 0.190604 9.45004e-08 0.190604
23.1443 0.18662 3.68368e-08 0.18662
23.3063 0.182703 6.58093e-09 0.182703
23.4694 0.178851 0 0.178851
23.6337 0.175065 0 0.175065
23.7991 0.171343 0 0.171343
23.9657 0.167685 0 0.167685
24.1335 0.164092 0 0.164092
24.3024 0.160561 0 0.160561
24.4725 0.157092 0 0.157092
24.6438 0.153681 0 0.153681
24.8164 0.150336 0 0.150336
24.9901 0.147052 0 0.147052
25.165 0.143827 0 0.143827
25.3412 0.140662 0 0.140662
25.5185 0.137555 0 0.137555
25.6972 0.134506 0 0.134506
25.8771 0.131515 0 0.131515
26.0582 0.12858 0 0.12858
26.2406 0.125701 0 0.125701
26.4243 0.122877 0 0.122877
26.6093 0.120108 0 0.120108
26.7955 0.117392 0 0.117392
26.9831 0.114729 0 0.114729
27.172 0.112119 0 0.112119
27.3622 0.10956 0 0.10956
27.5537 0.107052 0 0.107052
27.7466 0.104591 0 0.104591
27.9408 0.102182 0 0.102182
28.1364 0.0998228 0 0.0998228
28.3334 0.0975112 0 0.0975112
28.5317 0.0952468 0 0.0952468
28.7314 0.0930289 0 0.0930289
28.9325 0.0908567 0 0.0908567
29.1351 0.0887295 0 0.0887295
29.339 0.0866467 0 0.0866467
29.5444 0.0846076 0 0.0846076
29.7512 0.0826113 0 0.0826113
29.9594 0.0806572 0 0.0806572
30.1692 0.0787446 0 0.0787446
30.3803 0.0768727 0 0.0768727
30.593 0.075041 0 0.075041
30.8072 0.0732487 0 0.0732487
31.0228 0.0714926 0 0.0714926
31.24 0.0697772 0 0.0697772
31.4586 0.0680992 0 0.0680992
31.6789 0.0664579 0 0.0664579
31.9006 0.0648526 0 0.0648526
32.1239 0.0632827 0 0.0632827
32.3488 0.0617475 0 0.0617475
32.5752 0.0602464 0 0.0602464
32.8032 0.0587788 0 0.0587788
33.0329 0.057344 0 0.057344
33.2641 0.0559414 0 0.0559414
33.4969 0.0545704 0 0.0545704
33.7314 0.0532304 0 0.0532304
33.9675 0.0519207 0 0.0519207
34.2053 0.0506409 0 0.0506409
34.4448 0.0493903 0 0.0493903
34.6859 0.0481684 0 0.0481684
34.9287 0.0469728 0 0.0469728
35.1732 0.0458065 0 0.0458065
35.4194 0.0446672 0 0.0446672
35.6673 0.0435543 0 0.0435543
35.917 0.0424673 0 0.0424673
36.1684 0.0414056 0 0.0414056
36.4216 0.0403687 0 0.0403687
36.6765 0.0393562 0 0.0393562
36.9333 0.0383675 0 0.0383675
37.1918 0.037402 0 0.037402
37.4522 0.0364594 0 0.0364594
37.7143 0.0355392 0 0.0355392
37.9783 0.0346408 0 0.0346408
38.2442 0.0337638 0 0.0337638
38.5119 0.0329077 0 0.0329077
38.7815 0.0320721 0 0.0320721
39.0529 0.0312555 0 0.0312555
39.3263 0.0304597 0 0.0304597
39.6016 0.029683 0 0.029683
39.8788 0.0289252 0 0.0289252
40.1579 0.0281857 0 0.0281857
40.4391 0.0274641 0 0.0274641
40.7221 0.0267601 0 0.0267601
41.0072 0.0260732 0 0.0260732
41.2942 0.0254031 0 0.0254031
41.5833 0.0247495 0 0.0247495
41.8744 0.0241118 0 0.0241118
42.1675 0.0234899 0 0.0234899
42.4627 0.0228832 0 0.0228832
42.7599 0.0222915 0 0.0222915
43.0592 0.0217145 0 0.0217145
43.3606 0.0211517 0 0.0211517
43.6642 0.0206029 0 0.0206029
43.9698 0.020067 0 0.020067
44.2776 0.0195453 0 0.0195453
44.5875 0.0190365 0 0.0190365
44.8997 0.0185405 0 0.0185405
45.214 0.0180568 0 0.0180568
45.5305 0.0175853 0 0.0175853
45.8492 0.0171257 0 0.0171257
46.1701 0.0166776 0 0.0166776
46.4933 0.0162408 0 0.0162408
46.8188 0.015815 0 0.015815
47.1465 0.0154 0 0.0154
47.4765 0.0149955 0 0.0149955
47.8088 0.0146012 0 0.0146012
48.1435 0.014217 0 0.014217
48.4805 0.0138425 0 0.0138425
48.8199 0.0134776 0 0.0134776
49.1616 0.0131215 0 0.0131215
49.5057 0.012775 0 0.012775
49.8523 0.0124373 0 0.0124373
50.2013 0.0121083 0 0.0121083
50.5527 0.0117878 0 0.0117878
50.9065 0.0114754 0 0.0114754
51.2629 0.0111711 0 0.0111711
51.6217 0.0108747 0 0.0108747
51.9831 0.0105858 0 0.0105858
52.3469 0.0103045 0 0.0103045
52.7134 0.0100304 0 0.0100304
53.0824 0.00976334 0 0.00976334
53.4539 0.00950324 0 0.00950324
53.8281 0.00924988 0 0.00924988
54.2049 0.0090031 0 0.0090031
54.5844 0.00876274 0 0.00876274
54.9664 0.00852863 0 0.00852863
55.3512 0.0083003 0 0.0083003
55.7387 0.00807825 0 0.00807825
56.1288 0.007862 0 0.007862
56.5217 0.0076514 0 0.0076514
56.9174 0.00744631 0 0.00744631
57.3158 0.00724658 0 0.00724658
57.717 0.00705209 0 0.00705209
58.121 0.00686271 0 0.00686271
58.5279 0.00667829 0 0.00667829
58.9376 0.00649872 0 0.00649872
59.3502 0.00632388 0 0.00632388
59.7656 0.00615364 0 0.00615364
60.184 0.00598788 0 0.00598788
60.6052 0.0058265 0 0.0058265
61.0295 0.00566938 0 0.00566938
61.4567 0.00551642 0 0.00551642
61.8869 0.00536729 0 0.00536729
62.3201 0.00522232 0 0.00522232
62.7563 0.0050812 0 0.0050812
63.1956 0.00494381 0 0.00494381
63.638 0.00481008 0 0.00481008
64.0835 0.00467989 0 0.00467989
64.5321 0.00455317 0 0.00455317
64.9838 0.00442981 0 0.00442981
65.4387 0.00430974 0 0.00430974
65.8967 0.00419286 0 0.00419286
66.358 0.00407911 0 0.00407911
66.8225 0.00396838 0 0.00396838
67.2903 0.00386062 0 0.00386062
67.7613 0.00375573 0 0.00375573
68.2356 0.00365364 0 0.00365364
68.7133 0.00355429 0 0.00355429
69.1943 0.0034576 0 0.0034576
69.6786 0.00336337 0 0.00336337
70.1664 0.0032718 0 0.0032718
70.6576 0.00318268 0 0.00318268
71.1522 0.00309596 0 0.00309596
71.6502 0.00301156 0 0.00301156
72.1518 0.00292943 0 0.00292943
72.6568 0.00284952 0 0.00284952
73.1654 0.00277175 0 0.00277175
73.6776 0.00269607 0 0.00269607
74.1933 0.00262244 0 0.00262244
74.7127 0.00255078 0 0.00255078
75.2357 0.00248107 0 0.00248107
75.7623 0.00241323 0 0.00241323
76.2927 0.00234722 0 0.00234722
76.8267 0.002283 0 0.002283
77.3645 0.00222051 0 0.00222051
77.906 0.00215963 0 0.00215963
78.4514 0.00210048 0 0.00210048
79.0006 0.00204293 0 0.00204293
79.5536 0.00198694 0 0.00198694
80.1104 0.00193247 0 0.00193247
80.6712 0.00187948 0 0.00187948
81.2359 0.00182792 0 0.00182792
81.8046 0.00177776 0 0.00177776
82.3772 0.00172896 0 0.00172896
82.9538 0.00168149 0 0.00168149
83.5345 0.00163531 0 0.00163531
84.1192 0.00159038 0 0.00159038
84.7081 0.00154668 0 0.00154668
85.301 0.00150416 0 0.00150416
85.8981 0.0014628 0 0.0014628
86.4994 0.00142257 0 0.00142257
87.1049 0.00138344 0 0.00138344
87.7147 0.00134531 0 0.00134531
88.3287 0.00130829 0 0.00130829
88.947 0.00127227 0 0.00127227
89.5696 0.00123723 0 0.00123723
90.1966 0.00120315 0 0.00120315
90.828 0.00117 0 0.00117
91.4638 0.00113776 0 0.00113776
92.104 0.0011064 0 0.0011064
92.7487 0.00107589 0 0.00107589
93.398 0.00104622 0 0.00104622
94.0518 0.00101736 0 0.00101736
94.7101 0.000989291 0 0.000989291
95.3731 0.00096199 0 0.00096199
96.0407 0.000935436 0 0.000935436
96.713 0.000909609 0 0.000909609
97.39 0.000884491 0 0.000884491
98.0717 0.000860027 0 0.000860027
98.7582 0.000836269 0 0.000836269
99.4495 0.000813162 0 0.000813162
100.146 0.000790689 0 0.000790689
100.847 0.000768833 0 0.000768833
101.553 0.000747577 0 0.000747577
102.263 0.000726905 0 0.000726905
102.979 0.0007068 0 0.0007068
103.7 0.000687248 0 0.000687248
104.426 0.000668233 0 0.000668233
105.157 0.000649741 0 0.000649741
105.893 0.000631757 0 0.000631757
106.634 0.000614268 0 0.000614268
107.381 0.00059726 0 0.00059726
108.133 0.000580721 0 0.000580721
108.889 0.000564636 0 0.000564636
109.652 0.000548995 0 0.000548995
110.419 0.000533763 0 0.000533763
111.192 0.000518973 0 0.000518973
111.971 0.00050459 0 0.00050459
112.754 0.000490604 0 0.000490604
113.544 0.000477003 0 0.000477003
114.338 0.000463777 0 0.000463777
115.139 0.000450916 0 0.000450916
115.945 0.00043841 0 0.00043841
116.756 0.000426248 0 0.000426248
117.574 0.000414423 0 0.000414423
118.397 0.000402924 0 0.000402924
119.225 0.000391742 0 0.000391742
120.06 0.000380869 0 0.000380869
120.9 0.000370296 0 0.000370296
121.747 0.000360016 0 0.000360016
122.599 0.000350019 0 0.000350019
123.457 0.000340286 0 0.000340286
124.321 0.000330836 0 0.000330836
125.192 0.000321647 0 0.000321647
126.068 0.000312711 0 0.000312711
126.95 0.000304023 0 0.000304023
127.839 0.000295576 0 0.000295576
128.734 0.000287362 0 0.000287362
129.635 0.000279375 0 0.000279375
130.543 0.00027161 0 0.00027161
131.456 0.000264059 0 0.000264059
132.377 0.000256718 0 0.000256718
133.303 0.00024958 0 0.00024958
134.236 0.000242639 0 0.000242639
135.176 0.000235891 0 0.000235891
136.122 0.00022933 0 0.00022933
137.075 0.00022295 0 0.00022295
138.035 0.000216748 0 0.000216748
139.001 0.000210709 0 0.000210709
139.974 0.000204846 0 0.000204846
140.954 0.000199146 0 0.000199146
141.94 0.000193604 0 0.000193604
142.934 0.000188215 0 0.000188215
143.934 0.000182976 0 0.000182976
144.942 0.000177883 0 0.000177883
145.957 0.00017293 0 0.00017293
146.978 0.000168115 0 0.000168115
148.007 0.000163434 0 0.000163434
149.043 0.000158883 0 0.000158883
150.086 0.000154458 0 0.000154458
151.137 0.000150156 0 0.000150156
152.195 0.000145973 0 0.000145973
153.26 0.000141907 0 0.000141907
154.333 0.000137953 0 0.000137953
155.414 0.000134104 0 0.000134104
156.501 0.000130368 0 0.000130368
157.597 0.000126735 0 0.000126735
158.7 0.000123203 0 0.000123203
159.811 0.00011977 0 0.00011977
160.93 0.000116431 0 0.000116431
162.056 0.000113186 0 0.000113186
163.191 0.000110031 0 0.000110031
164.333 0.000106964 0 0.000106964
165.483 0.000103981 0 0.000103981
166.642 0.000101082 0 0.000101082
167.808 9.82637e-05 0 9.82637e-05
168.983 9.55236e-05 0 9.55236e-05
170.166 9.28597e-05 0 9.28597e-05
171.357 9.02699e-05 0 9.02699e-05
172.556 8.77521e-05 0 8.77521e-05
173.764 8.53045e-05 0 8.53045e-05
174.981 8.29218e-05 0 8.29218e-05
176.205 8.06087e-05 0 8.06087e-05
177.439 7.836e-05 0 7.836e-05
178.681 7.61739e-05 0 7.61739e-05
179.932 7.40487e-05 0 7.40487e-05
181.191 7.19826e-05 0 7.19826e-05
182.46 6.9974e-05 0 6.9974e-05
183.737 6.80214e-05 0 6.80214e-05
185.023 6.61232e-05 0 6.61232e-05
186.318 6.42778e-05 0 6.42778e-05
187.622 6.24839e-05 0 6.24839e-05
188.936 6.07399e-05 0 6.07399e-05
190.258 5.90445e-05 0 5.90445e-05
191.59 5.73963e-05 0 5.73963e-05
192.931 5.5794e-05 0 5.5794e-05
194.282 5.42364e-05 0 5.42364e-05
195.642 5.27202e-05 0 5.27202e-05
197.011 5.12484e-05 0 5.12484e-05
198.39 4.98176e-05 0 4.98176e-05
199.779 4.84266e-05 0 4.84266e-05
201.177 4.70744e-05 0 4.70744e-05
202.586 4.576e-05 0 4.576e-05
204.004 4.44821e-05 0 4.44821e-05
205.432 4.32399e-05 0 4.32399e-05
206.87 4.20323e-05 0 4.20323e-05
208.318 4.08584e-05 0 4.08584e-05
209.776 3.97173e-05 0 3.97173e-05
211.245 3.86079e-05 0 3.86079e-05
212.723 3.75295e-05 0 3.75295e-05
214.212 3.64812e-05 0 3.64812e-05
215.712 3.54621e-05 0 3.54621e-05
217.222 3.44714e-05 0 3.44714e-05
218.742 3.35084e-05 0 3.35084e-05
220.274 3.2571e-05 0 3.2571e-05
221.815 3.16611e-05 0 3.16611e-05
223.368 3.07765e-05 0 3.07765e-05
224.932 2.99167e-05 0 2.99167e-05
226.506 2.90808e-05 0 2.90808e-05
228.092 2.82682e-05 0 2.82682e-05
229.688 2.74783e-05 0 2.74783e-05
231.296 2.67105e-05 0 2.67105e-05
232.915 2.59641e-05 0 2.59641e-05
234.546 2.52385e-05 0 2.52385e-05
236.188 2.45332e-05 0 2.45332e-05
237.841 2.38475e-05 0 2.38475e-05
239.506 2.3181e-05 0 2.3181e-05
241.182 2.25331e-05 0 2.25331e-05
242.871 2.19033e-05 0 2.19033e-05
244.571 2.12911e-05 0 2.12911e-05
246.283 2.06952e-05 0 2.06952e-05
248.007 2.01167e-05 0 2.01167e-05
249.743 1.95544e-05 0 1.95544e-05
251.491 1.90078e-05 0 1.90078e-05
253.251 1.84765e-05 0 1.84765e-05
255.024 1.796e-05 0 1.796e-05
256.809 1.74579e-05 0 1.74579e-05
258.607 1.69699e-05 0 1.69699e-05
260.417 1.64954e-05 0 1.64954e-05
262.24 1.60343e-05 0 1.60343e-05
264.076 1.5586e-05 0 1.5586e-05
265.924 1.51502e-05 0 1.51502e-05
267.786 1.47266e-05 0 1.47266e-05
269.66 1.43148e-05 0 1.43148e-05
271.548 1.39146e-05 0 1.39146e-05
273.449 1.35255e-05 0 1.35255e-05
275.363 1.31473e-05 0 1.31473e-05
277.29 1.27792e-05 0 1.27792e-05
279.231 1.24218e-05 0 1.24218e-05
281.186 1.20745e-05 0 1.20745e-05
283.154 1.17368e-05 0 1.17368e-05
285.136 1.14086e-05 0 1.14086e-05
287.132 1.10896e-05 0 1.10896e-05
289.142 1.07795e-05 0 1.07795e-05
291.166 1.0478e-05 0 1.0478e-05
293.204 1.0185e-05 0 1.0185e-05
295.257 9.90012e-06 0 9.90012e-06
297.324 9.62323e-06 0 9.62323e-06
299.405 9.35408e-06 0 9.35408e-06
301.501 9.09246e-06 0 9.09246e-06
303.611 8.83814e-06 0 8.83814e-06
305.737 8.59094e-06 0 8.59094e-06
307.877 8.35064e-06 0 8.35064e-06
310.032 8.11676e-06 0 8.11676e-06
312.202 7.88973e-06 0 7.88973e-06
314.388 7.66905e-06 0 7.66905e-06
316.588 7.45453e-06 0 7.45453e-06
318.804 7.24602e-06 0 7.24602e-06
321.036 7.04333e-06 0 7.04333e-06
323.283 6.84631e-06 0 6.84631e-06
325.546 6.65479e-06 0 6.65479e-06
327.825 6.46863e-06 0 6.46863e-06
330.12 6.28768e-06 0 6.28768e-06
332.431 6.11178e-06 0 6.11178e-06
334.758 5.9408e-06 0 5.9408e-06
337.101 5.77461e-06 0 5.77461e-06
339.461 5.61306e-06 0 5.61306e-06
341.837 5.45602e-06 0 5.45602e-06
344.23 5.30338e-06 0 5.30338e-06
346.639 5.155e-06 0 5.155e-06
349.066 5.01059e-06 0 5.01059e-06
351.509 4.87042e-06 0 4.87042e-06
353.97 4.73416e-06 0 4.73416e-06
356.448 4.60171e-06 0 4.60171e-06
358.943 4.47296e-06 0 4.47296e-06
361.455 4.34782e-06 0 4.34782e-06
363.986 4.22617e-06 0 4.22617e-06
366.533 4.10793e-06 0 4.10793e-06
369.099 3.99299e-06 0 3.99299e-06
371.683 3.88127e-06 0 3.88127e-06
374.285 3.77267e-06 0 3.77267e-06
376.905 3.66711e-06 0 3.66711e-06
379.543 3.5645e-06 0 3.5645e-06
382.2 3.46476e-06 0 3.46476e-06
384.875 3.36781e-06 0 3.36781e-06
387.569 3.27358e-06 0 3.27358e-06
390.282 3.18185e-06 0 3.18185e-06
393.014 3.09282e-06 0 3.09282e-06
395.765 3.00628e-06 0 3.00628e-06
398.536 2.92216e-06 0 2.92216e-06
401.326 2.8404e-06 0 2.8404e-06
404.135 2.76092e-06 0 2.76092e-06
406.964 2.68366e-06 0 2.68366e-06
409.812 2.60856e-06 0 2.60856e-06
412.681 2.53557e-06 0 2.53557e-06
415.57 2.46461e-06 0 2.46461e-06
418.479 2.39565e-06 0 2.39565e-06
421.408 2.32861e-06 0 2.32861e-06
424.358 2.26344e-06 0 2.26344e-06
427.329 2.2001e-06 0 2.2001e-06
430.32 2.13853e-06 0 2.13853e-06
433.332 2.07869e-06 0 2.07869e-06
436.366 2.02051e-06 0 2.02051e-06
439.42 1.9639e-06 0 1.9639e-06
442.496 1.90894e-06 0 1.90894e-06
445.593 1.85552e-06 0 1.85552e-06
448.713 1.80359e-06 0 1.80359e-06
451.854 1.75312e-06 0 1.75312e-06
455.017 1.70406e-06 0 1.70406e-06
458.202 1.65637e-06 0 1.65637e-06
461.409 1.61002e-06 0 1.61002e-06
464.639 1.56496e-06 0 1.56496e-06
467.891 1.52116e-06 0 1.52116e-06
471.167 1.47859e-06 0 1.47859e-06
474.465 1.43721e-06 0 1.43721e-06
477.786 1.39699e-06 0 1.39699e-06
481.131 1.35789e-06 0 1.35789e-06
484.499 1.31989e-06 0 1.31989e-06
487.89 1.28295e-06 0 1.28295e-06
491.305 1.247e-06 0 1.247e-06
494.744 1.2121e-06 0 1.2121e-06
498.208 1.17818e-06 0 1.17818e-06
501.695 1.1452e-06 0 1.1452e-06
505.207 1.11315e-06 0 1.11315e-06
508.743 1.082e-06 0 1.082e-06
512.305 1.05172e-06 0 1.05172e-06
515.891 1.02228e-06 0 1.02228e-06
519.502 9.93672e-07 0 9.93672e-07
523.138 9.65862e-07 0 9.65862e-07
526.8 9.3883e-07 0 9.3883e-07
530.488 9.12554e-07 0 9.12554e-07
534.201 8.87014e-07 0 8.87014e-07
537.941 8.62188e-07 0 8.62188e-07
541.706 8.38057e-07 0 8.38057e-07
545.498 8.14601e-07 0 8.14601e-07
549.317 7.91802e-07 0 7.91802e-07
553.162 7.69612e-07 0 7.69612e-07
557.034 7.48073e-07 0 7.48073e-07
560.933 7.27136e-07 0 7.27136e-07
564.86 7.06786e-07 0 7.06786e-07
568.814 6.87004e-07 0 6.87004e-07
572.796 6.67777e-07 0 6.67777e-07
576.805 6.49087e-07 0 6.49087e-07
580.843 6.3092e-07 0 6.3092e-07
584.909 6.13262e-07 0 6.13262e-07
589.003 5.96098e-07 0 5.96098e-07
593.126 5.79414e-07 0 5.79414e-07
597.278 5.63197e-07 0 5.63197e-07
601.459 5.47433e-07 0 5.47433e-07
605.669 5.32111e-07 0 5.32111e-07
609.909 5.17218e-07 0 5.17218e-07
614.178 5.02742e-07 0 5.02742e-07
618.478 4.88652e-07 0 4.88652e-07
622.807 4.74976e-07 0 4.74976e-07
627.167 4.61683e-07 0 4.61683e-07
631.557 4.48761e-07 0 4.48761e-07
635.978 4.36201e-07 0 4.36201e-07
640.429 4.23993e-07 0 4.23993e-07
644.912 4.12126e-07 0 4.12126e-07
649.427 4.00591e-07 0 4.00591e-07
653.973 3.89379e-07 0 3.89379e-07
658.551 3.78481e-07 0 3.78481e-07
663.16 3.67888e-07 0 3.67888e-07
667.803 3.57591e-07 0 3.57591e-07
672.477 3.47582e-07 0 3.47582e-07
677.185 3.37854e-07 0 3.37854e-07
681.925 3.28397e-07 0 3.28397e-07
686.698 3.19206e-07 0 3.19206e-07
691.505 3.10272e-07 0 3.10272e-07
696.346 3.01576e-07 0 3.01576e-07
701.22 2.93136e-07 0 2.93136e-07
706.129 2.84932e-07 0 2.84932e-07
711.072 2.76957e-07 0 2.76957e-07
716.049 2.69205e-07 0 2.69205e-07
721.061 2.61671e-07 0 2.61671e-07
726.109 2.54347e-07 0 2.54347e-07
731.192 2.47228e-07 0 2.47228e-07
736.31 2.40309e-07 0 2.40309e-07
741.464 2.33583e-07 0 2.33583e-07
746.654 2.27045e-07 0 2.27045e-07
751.881 2.2069e-07 0 2.2069e-07
757.144 2.14514e-07 0 2.14514e-07
762.444 2.0851e-07 0 2.0851e-07
767.781 2.02674e-07 0 2.02674e-07
773.156 1.97001e-07 0 1.97001e-07
778.568 1.9148e-07 0 1.9148e-07
784.018 1.86121e-07 0 1.86121e-07
789.506 1.80912e-07 0 1.80912e-07
795.032 1.75849e-07 0 1.75849e-07
800.598 1.70927e-07 0 1.70927e-07
806.202 1.66143e-07 0 1.66143e-07
811.845 1.61493e-07 0 1.61493e-07
817.528 1.56973e-07 0 1.56973e-07
823.251 1.5258e-07 0 1.5258e-07
829.014 1.48309e-07 0 1.48309e-07
834.817 1.44159e-07 0 1.44159e-07
840.661 1.40124e-07 0 1.40124e-07
846.545 1.36202e-07 0 1.36202e-07
852.471 1.3239e-07 0 1.3239e-07
858.438 1.28684e-07 0 1.28684e-07
864.447 1.25083e-07 0 1.25083e-07
870.498 1.21582e-07 0 1.21582e-07
876.592 1.18175e-07 0 1.18175e-07
882.728 1.14867e-07 0 1.14867e-07
888.907 1.11653e-07 0 1.11653e-07
895.13 1.08528e-07 0 1.08528e-07
901.395 1.0549e-07 0 1.0549e-07
907.705 1.02538e-07 0 1.02538e-07
914.059 9.96683e-08 0 9.96683e-08
920.458 9.68788e-08 0 9.68788e-08
926.901 9.41674e-08 0 9.41674e-08
933.389 9.15319e-08 0 9.15319e-08
939.923 8.89701e-08 0 8.89701e-08
946.502 8.64801e-08 0 8.64801e-08
953.128 8.40597e-08 0 8.40597e-08
959.8 8.17071e-08 0 8.17071e-08
966.518 7.94203e-08 0 7.94203e-08
973.284 7.71975e-08 0 7.71975e-08
980.097 7.50342e-08 0 7.50342e-08
986.958 7.29343e-08 0 7.29343e-08
993.866 7.08931e-08 0 7.08931e-08
1000.82 6.89091e-08 0 6.89091e-08
1007.83 6.69806e-08 0 6.69806e-08
1014.88 6.5106e-08 0 6.5106e-08
1021.99 6.32839e-08 0 6.32839e-08
1029.14 6.15128e-08 0 6.15128e-08
1036.35 5.97913e-08 0 5.97913e-08
1043.6 5.81179e-08 0 5.81179e-08
1050.91 5.64914e-08 0 5.64914e-08
1058.26 5.49104e-08 0 5.49104e-08
1065.67 5.33736e-08 0 5.33736e-08
1073.13 5.18799e-08 0 5.18799e-08
1080.64 5.04279e-08 0 5.04279e-08
1088.21 4.90166e-08 0 4.90166e-08
1095.82 4.76448e-08 0 4.76448e-08
1103.49 4.63097e-08 0 4.63097e-08
1111.22 4.50138e-08 0 4.50138e-08
1119 4.3754e-08 0 4.3754e-08
1126.83 4.25296e-08 0 4.25296e-08
1134.72 4.13394e-08 0 4.13394e-08
1142.66 4.01825e-08 0 4.01825e-08
1150.66 3.90579e-08 0 3.90579e-08
1158.71 3.79649e-08 0 3.79649e-08
1166.83 3.69024e-08 0 3.69024e-08
1174.99 3.58697e-08 0 3.58697e-08
1183.22 3.48658e-08 0 3.48658e-08
1191.5 3.38901e-08 0 3.38901e-08
1199.84 3.29416e-08 0 3.29416e-08
1208.24 3.20197e-08 0 3.20197e-08
1216.7 3.11237e-08 0 3.11237e-08
1225.21 3.02526e-08 0 3.02526e-08
1233.79 2.94049e-08 0 2.94049e-08
1242.43 2.85821e-08 0 2.85821e-08
1251.12 2.77822e-08 0 2.77822e-08
1259.88 2.70048e-08 0 2.70048e-08
1268.7 2.6249e-08 0 2.6249e-08
1277.58 2.55145e-08 0 2.55145e-08
1286.53 2.48005e-08 0 2.48005e-08
1295.53 2.41064e-08 0 2.41064e-08
1304.6 2.34318e-08 0 2.34318e-08
1313.73 2.27761e-08 0 2.27761e-08
1322.93 2.21387e-08 0 2.21387e-08
1332.19 2.15192e-08 0 2.15192e-08
1341.51 2.0917e-08 0 2.0917e-08
1350.9 2.03316e-08 0 2.03316e-08
1360.36 1.97627e-08 0 1.97627e-08
1369.88 1.92096e-08 0 1.92096e-08
1379.47 1.8672e-08 0 1.8672e-08
1389.13 1.81489e-08 0 1.81489e-08
1398.85 1.7641e-08 0 1.7641e-08
1408.64 1.71474e-08 0 1.71474e-08
1418.51 1.66675e-08 0 1.66675e-08
1428.43 1.62011e-08 0 1.62011e-08
1438.43 1.57478e-08 0 1.57478e-08
1448.5 1.53071e-08 0 1.53071e-08
1458.64 1.48787e-08 0 1.48787e-08
1468.85 1.44624e-08 0 1.44624e-08
1479.13 1.40577e-08 0 1.40577e-08
1489.49 1.36643e-08 0 1.36643e-08
1499.92 1.32819e-08 0 1.32819e-08
1510.41 1.29103e-08 0 1.29103e-08
1520.99 1.2549e-08 0 1.2549e-08
1531.63 1.21978e-08 0 1.21978e-08
1542.36 1.18565e-08 0 1.18565e-08
1553.15 1.15243e-08 0 1.15243e-08
1564.02 1.12018e-08 0 1.12018e-08
1574.97 1.08884e-08 0 1.08884e-08
1586 1.05837e-08 0 1.05837e-08
1597.1 1.02875e-08 0 1.02875e-08
1608.28 9.99967e-09 0 9.99967e-09
1619.54 9.71986e-09 0 9.71986e-09
1630.87 9.44788e-09 0 9.44788e-09
1642.29 9.18351e-09 0 9.18351e-09
1653.79 8.92653e-09 0 8.92653e-09
1665.36 8.67675e-09 0 8.67675e-09
1677.02 8.43396e-09 0 8.43396e-09
1688.76 8.19796e-09 0 8.19796e-09
1700.58 7.96856e-09 0 7.96856e-09
1712.48 7.74558e-09 0 7.74558e-09
1724.47 7.52884e-09 0 7.52884e-09
1736.54 7.31817e-09 0 7.31817e-09
1748.7 7.11315e-09 0 7.11315e-09
1760.94 6.91412e-09 0 6.91412e-09
1773.27 6.72065e-09 0 6.72065e-09
1785.68 6.5326e-09 0 6.5326e-09
1798.18 6.34982e-09 0 6.34982e-09
1810.77 6.17214e-09 0 6.17214e-09
1823.44 5.99944e-09 0 5.99944e-09
1836.21 5.83157e-09 0 5.83157e-09
1849.06 5.6684e-09 0 5.6684e-09
1862 5.50979e-09 0 5.50979e-09
1875.04 5.35563e-09 0 5.35563e-09
1888.16 5.20577e-09 0 5.20577e-09
1901.38 5.06011e-09 0 5.06011e-09
1914.69 4.91852e-09 0 4.91852e-09
1928.09 4.7809e-09 0 4.7809e-09
1941.59 4.64712e-09 0 4.64712e-09
1955.18 4.51693e-09 0 4.51693e-09
1968.87 4.39055e-09 0 4.39055e-09
1982.65 4.26771e-09 0 4.26771e-09
1996.53 4.1483e-09 0 4.1483e-09
2010.5 4.03223e-09 0 4.03223e-09
2024.58 3.91941e-09 0 3.91941e-09
2038.75 3.80975e-09 0 3.80975e-09
2053.02 3.70315e-09 0 3.70315e-09
2067.39 3.59954e-09 0 3.59954e-09
2081.86 3.49883e-09 0 3.49883e-09
2096.43 3.40093e-09 0 3.40093e-09
2111.11 3.30577e-09 0 3.30577e-09
2125.89 3.21328e-09 0 3.21328e-09
2140.77 3.12337e-09 0 3.12337e-09
2155.75 3.03598e-09 0 3.03598e-09
2170.84 2.95103e-09 0 2.95103e-09
2186.04 2.86847e-09 0 2.86847e-09
2201.34 2.78811e-09 0 2.78811e-09
2216.75 2.71011e-09 0 2.71011e-09
2232.27 2.63428e-09 0 2.63428e-09
2247.89 2.56058e-09 0 2.56058e-09
2263.63 2.48894e-09 0 2.48894e-09
2279.48 2.4193e-09 0 2.4193e-09
2295.43 2.35161e-09 0 2.35161e-09
2311.5 2.28582e-09 0 2.28582e-09
2327.68 2.22187e-09 0 2.22187e-09
2343.97 2.1597e-09 0 2.1597e-09
2360.38 2.09928e-09 0 2.09928e-09
2376.9 2.04054e-09 0 2.04054e-09
2393.54 1.98345e-09 0 1.98345e-09
2410.3 1.92796e-09 0 1.92796e-09
2427.17 1.87401e-09 0 1.87401e-09
2444.16 1.82158e-09 0 1.82158e-09
2461.27 1.77056e-09 0 1.77056e-09
2478.5 1.72102e-09 0 1.72102e-09
2495.85 1.67287e-09 0 1.67287e-09
2513.32 1.62607e-09 0 1.62607e-09
2530.91 1.58058e-09 0 1.58058e-09
2548.63 1.53636e-09 0 1.53636e-09
2566.47 1.49337e-09 0 1.49337e-09
2584.43 1.45159e-09 0 1.45159e-09
2602.52 1.41098e-09 0 1.41098e-09
2620.74 1.37151e-09 0 1.37151e-09
2639.09 1.33314e-09 0 1.33314e-09
2657.56 1.29584e-09 0 1.29584e-09
2676.16 1.25958e-09 0 1.25958e-09
2694.9 1.22434e-09 0 1.22434e-09
2713.76 1.19009e-09 0 1.19009e-09
2732.76 1.1568e-09 0 1.1568e-09
2751.89 1.12443e-09 0 1.12443e-09
2771.15 1.09294e-09 0 1.09294e-09
2790.55 1.06236e-09 0 1.06236e-09
2810.08 1.03264e-09 0 1.03264e-09
2829.75 1.00375e-09 0 1.00375e-09
2849.56 9.75669e-10 0 9.75669e-10
