6.68648 1 113.653 4.37705e-50
6.73329 1 112.688 1.14852e-49
6.78042 1 111.706 3.06631e-49
6.82788 1 110.714 8.27092e-49
6.87568 1 109.727 2.2192e-48
6.92381 1 108.735 5.983e-48
6.97227 1 107.733 1.63033e-47
7.02108 1 106.721 4.48364e-47
7.07023 1 105.703 1.24137e-46
7.11972 1 104.678 3.46026e-46
7.16956 1 103.648 9.68782e-46
7.21974 1 102.612 2.72993e-45
7.27028 1 101.57 7.74005e-45
7.32117 1 100.521 2.20937e-44
7.37242 1 99.4683 6.33116e-44
7.42403 1 98.4099 1.82434e-43
7.476 1 97.3441 5.29669e-43
7.52833 1 96.2698 1.55078e-42
7.58103 1 95.1855 4.58617e-42
7.63409 1 94.1014 1.35607e-41
7.68753 1 93.0192 4.00204e-41
7.74135 1 91.929 1.19056e-40
7.79553 1 90.8167 3.62067e-40
7.8501 1 89.7153 1.08924e-39
7.90505 1 88.6078 3.29702e-39
7.96039 1 87.4911 1.00717e-38
8.01611 1 86.3658 3.10332e-38
8.07222 1 85.2448 9.51997e-38
8.12873 1 84.1194 2.93369e-37
8.18563 1 82.9757 9.20644e-37
8.24293 1 81.849 2.84061e-36
8.30063 1 80.6962 8.99714e-36
8.35874 1 79.5552 2.81601e-35
8.41725 1 78.4054 8.89132e-35
8.47617 1 77.2475 2.83022e-34
8.5355 1 76.0939 8.97125e-34
8.59525 1 74.9352 2.85785e-33
8.65542 1 73.7642 9.21796e-33
8.716 1 72.5984 2.95739e-32
8.77702 1 71.4278 9.53465e-32
8.83846 1 70.2548 3.08122e-31
8.90032 1 69.0856 9.91969e-31
8.96263 1 67.9041 3.23322e-30
9.02537 1 66.724 1.05229e-29
9.08854 1 65.5467 3.41529e-29
9.15216 1 64.3654 1.11291e-28
9.21623 1 63.1785 3.64679e-28
9.28074 1 61.9895 1.19763e-27
9.34571 1 60.8012 3.92997e-27
9.41113 1 59.6203 1.28006e-26
9.477 1 58.4327 4.19767e-26
9.54334 1 57.2494 1.37057e-25
9.61015 1 56.0584 4.50974e-25
9.67742 1 54.8757 1.47162e-24
9.74516 1 53.6955 4.78982e-24
9.81338 1 52.5125 1.56353e-23
9.88207 1 51.3339 5.08122e-23
9.95124 1 50.1522 1.65646e-22
10.0209 1 48.9796 5.3509e-22
10.091 1 47.8052 1.73163e-21
10.1617 1 46.6324 5.59522e-21
10.2328 1 45.469 1.79094e-20
10.3044 1 44.3062 5.72861e-20
10.3766 1 43.1458 1.82821e-19
10.4492 1 41.9972 5.76557e-19
10.5224 1 40.8496 1.8166e-18
10.596 1 39.706 5.70055e-18
10.6702 1 38.5696 1.77588e-17
10.7449 1 37.4368 5.51335e-17
10.8201 1 36.3158 1.69137e-16
10.8958 1 35.1989 5.16765e-16
10.9721 1 34.0955 1.55777e-15
11.0489 1 32.9962 4.6766e-15
11.1263 1 31.9086 1.38758e-14
11.2041 1 30.8297 4.0818e-14
11.2826 1 29.7559 1.19448e-13
11.3615 1 28.6992 3.43635e-13
11.4411 1 27.6526 9.78645e-13
11.5212 1 26.6151 2.76204e-12
11.6018 1 25.5945 7.66416e-12
11.683 1 24.5866 2.09975e-11
11.7648 1 23.5909 5.68314e-11
11.8472 1 22.6113 1.51363e-10
11.9301 1 21.6461 3.97377e-10
12.0136 1 20.6907 1.03308e-09
12.0977 1 19.7622 2.61458e-09
12.1824 1 18.8469 6.52962e-09
12.2677 1 17.946 1.60756e-08
12.3535 1 17.0667 3.87267e-08
12.44 1 16.206 9.15817e-08
12.5271 1 15.3636 2.12661e-07
12.6148 1 14.5467 4.81347e-07
12.7031 1 13.7468 1.07116e-06
12.792 1 12.9683 2.33312e-06
12.8815 1 12.2123 4.9692e-06
12.9717 1 11.4806 1.03285e-05
13.0625 1 10.7724 2.09709e-05
13.154 1 10.0889 4.15362e-05
13.246 1 9.42874 8.03808e-05
13.3388 1 8.79497 0.000151494
13.4321 1 8.18508 0.000278782
13.5261 1 7.59978 0.000500563
13.6208 1 7.04312 0.000873398
13.7162 1 6.5094 0.00148938
13.8122 1 6.00468 0.00246717
13.9089 1 5.52389 0.00399028
14.0062 1 5.07039 0.00627999
14.1043 1 4.64228 0.00963566
14.203 1 4.23902 0.0144217
14.3024 1 3.86074 0.0210524
14.4025 1 3.50737 0.0299756
14.5034 1 3.17797 0.0416701
14.6049 1 2.87196 0.056588
14.7071 1 2.58848 0.0751338
14.8101 1 2.32679 0.097609
14.9137 1 2.08482 0.124329
15.0181 1 1.86437 0.154994
15.1233 1 1.66216 0.189728
15.2291 1 1.47767 0.22817
15.3357 1 1.3101 0.269792
15.4431 1 1.1586 0.313926
15.5512 1 1.02137 0.3601
15.66 1 0.897936 0.40741
15.7697 1 0.787302 0.455071
15.8801 1 0.688621 0.502268
15.9912 1 0.600356 0.548616
16.1032 1 0.5222 0.593214
16.2159 1 0.452957 0.635745
16.3294 1 0.391801 0.675839
16.4437 1 0.337802 0.713336
16.5588 1 0.29047 0.747912
16.6747 1 0.249057 0.779536
16.7914 1 0.212901 0.808236
16.909 1 0.181372 0.834125
17.0273 1 0.154155 0.857139
17.1465 1 0.130593 0.877575
17.2665 1 0.110248 0.895612
17.3874 1 0.09278 0.911394
17.5091 1 0.0778123 0.925138
17.6317 1 0.0650101 0.937058
17.7551 1 0.0541286 0.94731
17.8794 1 0.0449233 0.956071
18.0046 1 0.0371306 0.96355
18.1306 1 0.0305707 0.969892
18.2575 1 0.0250558 0.975255
18.3853 1 0.0204727 0.979735
18.514 1 0.0166528 0.983485
18.6436 1 0.0134749 0.986615
18.7741 1 0.0108629 0.989196
18.9055 1 0.00871557 0.991322
19.0379 1 0.00695601 0.993068
19.1711 1 0.00553231 0.994483
19.3053 1 0.00437163 0.995638
19.4405 1 0.00343987 0.996566
19.5765 1 0.00269406 0.99731
19.7136 1 0.00210155 0.997901
19.8516 1 0.0016282 0.998373
19.9905 1 0.00125475 0.998746
20.1305 1 0.000964458 0.999036
20.2714 1 0.000736556 0.999264
20.4133 1 0.000559658 0.99944
20.5562 1 0.000422583 0.999578
20.7001 1 0.000317052 0.999683
20.845 1 0.000236326 0.999764
20.9909 1 0.000175828 0.999824
21.1378 1 0.000129307 0.999871
21.2858 1 9.4582e-05 0.999905
21.4348 1 6.84833e-05 0.999932
21.5848 1 4.90833e-05 0.999951
21.7359 1 3.47687e-05 0.999965
21.8881 1 2.42712e-05 0.999976
22.0413 1 1.6694e-05 0.999983
22.1956 1 1.12276e-05 0.999989
22.3509 1 7.35824e-06 0.999993
22.5074 1 4.63404e-06 0.999995
22.665 1 2.81599e-06 0.999997
22.8236 1 1.59456e-06 0.999998
22.9834 1 8.10817e-07 0.999999
23.1443 1 3.24379e-07 1
23.3063 1 5.94509e-08 1
23.4694 1 0 1
