6.71669 1.57826e-06 111.702 4.86041e-55
6.76371 1.90652e-06 110.724 1.56135e-54
6.81105 2.2969e-06 109.734 5.06328e-54
6.85873 2.75994e-06 108.748 1.63098e-53
6.90674 3.30772e-06 107.758 5.25701e-53
6.95509 3.95515e-06 106.756 1.71208e-52
7.00377 4.71603e-06 105.746 5.60559e-52
7.0528 5.60931e-06 104.727 1.8477e-51
7.10217 6.65543e-06 103.703 6.10585e-51
7.15189 7.87759e-06 102.672 2.02472e-50
7.20195 9.30196e-06 101.637 6.73513e-50
7.25236 1.09581e-05 100.597 2.24492e-49
7.30313 1.28792e-05 99.5515 7.50263e-49
7.35425 1.51025e-05 98.501 2.51529e-48
7.40573 1.76699e-05 97.4448 8.46207e-48
7.45757 2.06278e-05 96.3834 2.85543e-47
7.50977 2.40281e-05 95.3149 9.68252e-47
7.56234 2.79287e-05 94.2355 3.31215e-46
7.61528 3.23935e-05 93.1468 1.14104e-45
7.66859 3.74933e-05 92.0631 3.90347e-45
7.72227 4.33063e-05 90.9763 1.33677e-44
7.77632 4.99296e-05 89.8791 4.61678e-44
7.83076 5.7437e-05 88.7767 1.59947e-43
7.88557 6.59424e-05 87.6632 5.59164e-43
7.94077 7.55597e-05 86.5561 1.93843e-42
7.99636 8.6413e-05 85.4401 6.76763e-42
8.05233 9.86379e-05 84.3191 2.36989e-41
8.1087 0.000112382 83.1902 8.34921e-41
8.16546 0.000127805 82.0669 2.91968e-40
8.22261 0.00014508 80.9253 1.03799e-39
8.28017 0.000164395 79.791 3.65695e-39
8.33813 0.000185953 78.6411 1.30616e-38
8.3965 0.000209972 77.5 4.61669e-38
8.45528 0.000236686 76.3512 1.64161e-37
8.51446 0.000266347 75.2021 5.82908e-37
8.57407 0.000299226 74.0364 2.10091e-36
8.63408 0.000335609 72.8794 7.4942e-36
8.69452 0.000375807 71.7204 2.67419e-35
8.75538 0.000420217 70.5586 9.5554e-35
8.81667 0.000469051 69.3912 3.42771e-34
8.87839 0.000522747 68.2171 1.23592e-33
8.94054 0.000581697 67.0472 4.43086e-33
9.00312 0.000646318 65.871 1.59606e-32
9.06614 0.000717049 64.6965 5.73096e-32
9.12961 0.000794353 63.5197 2.05951e-31
9.19351 0.000878717 62.3405 7.40851e-31
9.25787 0.000970656 61.1664 2.64749e-30
9.32267 0.00107071 59.9888 9.48133e-30
9.38793 0.00117943 58.8054 3.4105e-29
9.45365 0.00129742 57.6232 1.22364e-28
9.51982 0.00142529 56.4467 4.35937e-28
9.58646 0.00156368 55.2682 1.55414e-27
9.65357 0.00171327 54.0849 5.55989e-27
9.72114 0.00187473 52.9125 1.96478e-26
9.78919 0.00204909 51.737 6.95746e-26
9.85771 0.00223653 50.5619 2.45926e-25
9.92672 0.00243809 49.3952 8.60929e-25
9.9962 0.00265458 48.2223 3.02904e-24
10.0662 0.00288681 47.0581 1.05517e-23
10.1366 0.00313564 45.8938 3.67189e-23
10.2076 0.00340194 44.7307 1.27472e-22
10.2791 0.00368661 43.5827 4.35407e-22
10.351 0.00399056 42.4281 1.49541e-21
10.4235 0.00431473 41.2776 5.10857e-21
10.4964 0.00466008 40.1397 1.72159e-20
10.5699 0.0050276 39.008 5.75949e-20
10.6439 0.00541829 37.8784 1.92082e-19
10.7184 0.00583316 36.7568 6.34808e-19
10.7934 0.00627325 35.6419 2.08169e-18
10.869 0.0067396 34.5341 6.77093e-18
10.9451 0.00723328 33.4345 2.18235e-17
11.0217 0.00775618 32.3452 6.95496e-17
11.0988 0.00830777 31.2611 2.20271e-16
11.1765 0.00888995 30.1854 6.91135e-16
11.2548 0.00950382 29.1279 2.1272e-15
11.3335 0.0101505 28.0781 6.49134e-15
11.4129 0.0108311 27.0385 1.95878e-14
11.4928 0.0115467 26.0078 5.85373e-14
11.5732 0.0122985 24.9962 1.71446e-13
11.6542 0.0130875 23.9935 4.97279e-13
11.7358 0.0139149 23.0074 1.4174e-12
11.818 0.0147819 22.034 3.98548e-12
11.9007 0.0156894 21.0776 1.10078e-11
11.984 0.0166386 20.1308 3.00887e-11
12.0679 0.0176306 19.2093 8.01255e-11
12.1524 0.0186664 18.302 2.10194e-10
12.2374 0.0197471 17.409 5.43071e-10
12.3231 0.0208756 16.5379 1.37194e-09
12.4093 0.0220493 15.6854 3.39883e-09
12.4962 0.0232709 14.8538 8.2389e-09
12.5837 0.0245415 14.0425 1.9557e-08
12.6718 0.0258621 13.251 4.54788e-08
12.7605 0.0272335 12.4815 1.03385e-07
12.8498 0.0286567 11.7339 2.29754e-07
12.9397 0.0301326 11.0113 4.9761e-07
13.0303 0.031662 10.3127 1.05146e-06
13.1215 0.0332458 9.63753 2.16874e-06
13.2134 0.0348846 8.98808 4.35672e-06
13.3059 0.0365794 8.36386 8.52824e-06
13.399 0.0383308 7.76563 1.62546e-05
13.4928 0.0401395 7.1915 3.02234e-05
13.5873 0.0420062 6.64451 5.46562e-05
13.6824 0.0439314 6.12442 9.6155e-05
13.7781 0.0459158 5.62956 0.000164844
13.8746 0.0479629 5.16255 0.000274687
13.9717 0.050067 4.72069 0.000446049
14.0695 0.0522317 4.3048 0.000705319
14.168 0.0544575 3.91574 0.00108511
14.2672 0.0567445 3.55163 0.00162731
14.367 0.0590933 3.21218 0.00237961
14.4676 0.061504 2.89679 0.00339505
14.5689 0.0639769 2.60499 0.00472813
14.6709 0.0665121 2.33531 0.00643705
14.7736 0.0691098 2.08704 0.00857335
14.877 0.0717701 1.86084 0.0111633
14.9811 0.074493 1.65404 0.0142487
15.086 0.0772785 1.46514 0.0178548
15.1916 0.0801266 1.29508 0.0219448
15.2979 0.0830372 1.14044 0.0265452
15.405 0.08601 1.00208 0.0315755
15.5129 0.0890497 0.877659 0.0370229
15.6214 0.0921465 0.76624 0.0428258
15.7308 0.095305 0.667051 0.0489124
15.8409 0.0985247 0.579078 0.0552147
15.9518 0.101805 0.501293 0.0616683
16.0635 0.105147 0.432741 0.0682116
16.1759 0.108548 0.37252 0.0747892
16.2891 0.112009 0.319748 0.0813557
16.4032 0.115529 0.273526 0.0878821
16.518 0.119108 0.233339 0.0943196
16.6336 0.122744 0.198531 0.100642
16.75 0.126438 0.168322 0.10685
16.8673 0.130188 0.142212 0.11293
16.9854 0.133994 0.119954 0.118848
17.1043 0.137856 0.100776 0.12464
17.224 0.141771 0.0843767 0.1303
17.3446 0.14574 0.0704227 0.13583
17.466 0.149768 0.0585792 0.141247
17.5882 0.153841 0.0485563 0.14655
17.7114 0.157966 0.0400982 0.151757
17.8353 0.16214 0.0329697 0.156881
17.9602 0.166363 0.0270376 0.161925
18.0859 0.170634 0.0220479 0.166913
18.2125 0.174952 0.0179428 0.171841
18.34 0.179316 0.0145157 0.176732
18.4684 0.183725 0.0116943 0.181589
18.5976 0.188177 0.00939024 0.186418
18.7278 0.192672 0.00749942 0.191233
18.8589 0.197209 0.00596158 0.196037
18.9909 0.201787 0.00471364 0.200838
19.1239 0.206403 0.00370854 0.205639
19.2577 0.211058 0.00290664 0.210445
19.3925 0.215749 0.00226407 0.215262
19.5283 0.220484 0.0017561 0.220097
19.665 0.225246 0.00135568 0.224941
19.8026 0.230041 0.00103993 0.229802
19.9413 0.234868 0.000793412 0.234682
20.0809 0.239726 0.000603496 0.239581
20.2214 0.244614 0.00045629 0.244502
20.363 0.24953 0.000343213 0.249445
20.5055 0.254474 0.000256665 0.254408
20.649 0.259443 0.000190763 0.259394
20.7936 0.264438 0.000141135 0.2644
20.9391 0.269455 0.000103796 0.269427
21.0857 0.274495 7.57992e-05 0.274475
21.2333 0.279557 5.49325e-05 0.279541
21.382 0.284638 3.94333e-05 0.284626
21.5316 0.289737 2.806e-05 0.289729
21.6824 0.294854 1.97671e-05 0.294848
21.8341 0.299987 1.37603e-05 0.299983
21.987 0.305142 9.44696e-06 0.305139
22.1409 0.310304 6.36499e-06 0.310302
22.2959 0.315477 4.19077e-06 0.315476
22.4519 0.320663 2.68659e-06 0.320662
22.6091 0.325858 1.64943e-06 0.325857
22.7674 0.331062 9.71224e-07 0.331062
22.9267 0.336274 5.26812e-07 0.336274
23.0872 0.341493 2.49746e-07 0.341493
23.2488 0.346717 8.59892e-08 0.346717
23.4116 0.351946 2.21425e-09 0.351946
23.5755 0.357178 0 0.357178
23.7405 0.362412 0 0.362412
23.9067 0.367647 0 0.367647
24.074 0.372883 0 0.372883
24.2425 0.378117 0 0.378117
24.4122 0.383349 0 0.383349
24.5831 0.388586 0 0.388586
24.7552 0.393811 0 0.393811
24.9285 0.39903 0 0.39903
25.103 0.404244 0 0.404244
25.2787 0.409451 0 0.409451
25.4556 0.414649 0 0.414649
25.6338 0.419839 0 0.419839
25.8133 0.425019 0 0.425019
25.994 0.430189 0 0.430189
26.1759 0.435347 0 0.435347
26.3592 0.440492 0 0.440492
26.5437 0.445625 0 0.445625
26.7295 0.450743 0 0.450743
26.9166 0.455847 0 0.455847
27.105 0.460935 0 0.460935
27.2947 0.466007 0 0.466007
27.4858 0.471061 0 0.471061
27.6782 0.476106 0 0.476106
27.8719 0.481124 0 0.481124
28.067 0.486123 0 0.486123
28.2635 0.491102 0 0.491102
28.4614 0.496061 0 0.496061
28.6606 0.500999 0 0.500999
28.8612 0.505915 0 0.505915
29.0632 0.510809 0 0.510809
29.2667 0.51568 0 0.51568
29.4716 0.520528 0 0.520528
29.6779 0.525351 0 0.525351
29.8856 0.530151 0 0.530151
30.0948 0.534925 0 0.534925
30.3055 0.539675 0 0.539675
30.5176 0.544398 0 0.544398
30.7312 0.549095 0 0.549095
30.9463 0.553772 0 0.553772
31.163 0.558415 0 0.558415
31.3811 0.56303 0 0.56303
31.6008 0.567618 0 0.567618
31.822 0.572177 0 0.572177
32.0447 0.576708 0 0.576708
32.269 0.58121 0 0.58121
32.4949 0.585683 0 0.585683
32.7224 0.590126 0 0.590126
32.9515 0.594539 0 0.594539
33.1821 0.598922 0 0.598922
33.4144 0.603276 0 0.603276
33.6483 0.607598 0 0.607598
33.8838 0.61189 0 0.61189
34.121 0.616151 0 0.616151
34.3599 0.62038 0 0.62038
34.6004 0.624579 0 0.624579
34.8426 0.628751 0 0.628751
35.0865 0.632886 0 0.632886
35.3321 0.636989 0 0.636989
35.5794 0.64106 0 0.64106
35.8285 0.645099 0 0.645099
36.0793 0.649106 0 0.649106
36.3318 0.653081 0 0.653081
36.5861 0.657023 0 0.657023
36.8422 0.660933 0 0.660933
37.1001 0.664811 0 0.664811
37.3598 0.668656 0 0.668656
37.6214 0.672468 0 0.672468
37.8847 0.676248 0 0.676248
38.1499 0.679995 0 0.679995
38.417 0.68371 0 0.68371
38.6859 0.687392 0 0.687392
38.9567 0.691047 0 0.691047
39.2294 0.694663 0 0.694663
39.504 0.698247 0 0.698247
39.7805 0.701798 0 0.701798
40.059 0.705317 0 0.705317
40.3394 0.708804 0 0.708804
40.6218 0.712258 0 0.712258
40.9061 0.71568 0 0.71568
41.1925 0.71907 0 0.71907
41.4808 0.722427 0 0.722427
41.7712 0.725752 0 0.725752
42.0636 0.729046 0 0.729046
42.358 0.732307 0 0.732307
42.6545 0.735537 0 0.735537
42.9531 0.738735 0 0.738735
43.2538 0.741901 0 0.741901
43.5565 0.745036 0 0.745036
43.8614 0.748144 0 0.748144
44.1685 0.751217 0 0.751217
44.4776 0.754258 0 0.754258
44.789 0.757268 0 0.757268
45.1025 0.760248 0 0.760248
45.4182 0.763197 0 0.763197
45.7362 0.766115 0 0.766115
46.0563 0.769003 0 0.769003
46.3787 0.771861 0 0.771861
46.7034 0.774689 0 0.774689
47.0303 0.777488 0 0.777488
47.3595 0.780256 0 0.780256
47.691 0.782995 0 0.782995
48.0248 0.785705 0 0.785705
48.361 0.788386 0 0.788386
48.6995 0.791038 0 0.791038
49.0404 0.793665 0 0.793665
49.3837 0.796259 0 0.796259
49.7294 0.798825 0 0.798825
50.0775 0.801363 0 0.801363
50.4281 0.803873 0 0.803873
50.7811 0.806356 0 0.806356
51.1365 0.80881 0 0.80881
51.4945 0.811238 0 0.811238
51.8549 0.813638 0 0.813638
52.2179 0.816011 0 0.816011
52.5835 0.818358 0 0.818358
52.9515 0.820678 0 0.820678
53.3222 0.822971 0 0.822971
53.6955 0.825239 0 0.825239
54.0713 0.82748 0 0.82748
54.4498 0.829696 0 0.829696
54.831 0.831887 0 0.831887
55.2148 0.834055 0 0.834055
55.6013 0.836195 0 0.836195
55.9905 0.83831 0 0.83831
56.3824 0.8404 0 0.8404
56.7771 0.842466 0 0.842466
57.1746 0.844508 0 0.844508
57.5748 0.846526 0 0.846526
57.9778 0.84852 0 0.84852
58.3836 0.85049 0 0.85049
58.7923 0.852437 0 0.852437
59.2039 0.854361 0 0.854361
59.6183 0.856262 0 0.856262
60.0356 0.858141 0 0.858141
60.4559 0.859997 0 0.859997
60.8791 0.86183 0 0.86183
61.3052 0.863642 0 0.863642
61.7344 0.865434 0 0.865434
62.1665 0.867202 0 0.867202
62.6017 0.868948 0 0.868948
63.0399 0.870673 0 0.870673
63.4812 0.872378 0 0.872378
63.9255 0.874061 0 0.874061
64.373 0.875724 0 0.875724
64.8236 0.877366 0 0.877366
65.2774 0.878989 0 0.878989
65.7343 0.880591 0 0.880591
66.1945 0.882173 0 0.882173
66.6578 0.883736 0 0.883736
67.1244 0.88528 0 0.88528
67.5943 0.886804 0 0.886804
68.0675 0.88831 0 0.88831
68.5439 0.889797 0 0.889797
69.0237 0.891265 0 0.891265
69.5069 0.892717 0 0.892717
69.9935 0.894148 0 0.894148
70.4834 0.895562 0 0.895562
70.9768 0.896958 0 0.896958
71.4736 0.898336 0 0.898336
71.9739 0.899697 0 0.899697
72.4778 0.90104 0 0.90104
72.9851 0.902367 0 0.902367
73.496 0.903677 0 0.903677
74.0105 0.90497 0 0.90497
74.5285 0.906247 0 0.906247
75.0502 0.907507 0 0.907507
75.5756 0.908751 0 0.908751
76.1046 0.90998 0 0.90998
76.6374 0.911193 0 0.911193
77.1738 0.91239 0 0.91239
77.714 0.913573 0 0.913573
78.258 0.91474 0 0.91474
78.8058 0.915892 0 0.915892
79.3575 0.917028 0 0.917028
79.913 0.91815 0 0.91815
80.4724 0.919258 0 0.919258
81.0357 0.920351 0 0.920351
81.6029 0.92143 0 0.92143
82.1742 0.922495 0 0.922495
82.7494 0.923546 0 0.923546
83.3286 0.924584 0 0.924584
83.9119 0.925608 0 0.925608
84.4993 0.926619 0 0.926619
85.0908 0.927616 0 0.927616
85.6864 0.928601 0 0.928601
86.2862 0.929572 0 0.929572
86.8902 0.930531 0 0.930531
87.4985 0.931479 0 0.931479
88.111 0.932413 0 0.932413
88.7277 0.933334 0 0.933334
89.3488 0.934244 0 0.934244
89.9743 0.935141 0 0.935141
90.6041 0.936027 0 0.936027
91.2383 0.936901 0 0.936901
91.877 0.937763 0 0.937763
92.5201 0.938614 0 0.938614
93.1678 0.939454 0 0.939454
93.8199 0.940283 0 0.940283
94.4767 0.9411 0 0.9411
95.138 0.941907 0 0.941907
95.804 0.942703 0 0.942703
96.4746 0.943489 0 0.943489
97.1499 0.944264 0 0.944264
97.83 0.94503 0 0.94503
98.5148 0.945784 0 0.945784
99.2044 0.946528 0 0.946528
99.8988 0.947263 0 0.947263
100.598 0.947988 0 0.947988
101.302 0.948703 0 0.948703
102.011 0.949408 0 0.949408
102.726 0.950104 0 0.950104
103.445 0.950791 0 0.950791
104.169 0.951468 0 0.951468
104.898 0.952137 0 0.952137
105.632 0.952796 0 0.952796
106.372 0.953446 0 0.953446
107.116 0.954088 0 0.954088
107.866 0.954721 0 0.954721
108.621 0.955346 0 0.955346
109.381 0.955962 0 0.955962
110.147 0.956571 0 0.956571
110.918 0.957171 0 0.957171
111.695 0.957762 0 0.957762
112.476 0.958346 0 0.958346
113.264 0.958921 0 0.958921
114.057 0.959489 0 0.959489
114.855 0.960049 0 0.960049
115.659 0.960602 0 0.960602
116.469 0.961147 0 0.961147
117.284 0.961685 0 0.961685
118.105 0.962215 0 0.962215
118.932 0.962739 0 0.962739
119.764 0.963255 0 0.963255
120.602 0.963764 0 0.963764
121.447 0.964266 0 0.964266
122.297 0.964761 0 0.964761
123.153 0.965251 0 0.965251
124.015 0.965733 0 0.965733
124.883 0.966208 0 0.966208
125.757 0.966677 0 0.966677
126.638 0.967139 0 0.967139
127.524 0.967595 0 0.967595
128.417 0.968045 0 0.968045
129.316 0.968489 0 0.968489
130.221 0.968927 0 0.968927
131.132 0.969359 0 0.969359
132.05 0.969784 0 0.969784
132.975 0.970204 0 0.970204
133.905 0.970619 0 0.970619
134.843 0.971027 0 0.971027
135.787 0.97143 0 0.97143
136.737 0.971828 0 0.971828
137.694 0.97222 0 0.97222
138.658 0.972607 0 0.972607
139.629 0.972988 0 0.972988
140.606 0.973364 0 0.973364
141.59 0.973735 0 0.973735
142.582 0.974101 0 0.974101
143.58 0.974462 0 0.974462
144.585 0.974818 0 0.974818
145.597 0.975168 0 0.975168
146.616 0.975515 0 0.975515
147.642 0.975856 0 0.975856
148.676 0.976193 0 0.976193
149.717 0.976525 0 0.976525
150.765 0.976852 0 0.976852
151.82 0.977175 0 0.977175
152.883 0.977493 0 0.977493
153.953 0.977807 0 0.977807
155.03 0.978117 0 0.978117
156.116 0.978423 0 0.978423
157.208 0.978724 0 0.978724
158.309 0.979021 0 0.979021
159.417 0.979314 0 0.979314
160.533 0.979603 0 0.979603
161.657 0.979888 0 0.979888
162.788 0.980169 0 0.980169
163.928 0.980446 0 0.980446
165.075 0.980719 0 0.980719
166.231 0.980989 0 0.980989
167.395 0.981254 0 0.981254
168.566 0.981516 0 0.981516
169.746 0.981775 0 0.981775
170.934 0.98203 0 0.98203
172.131 0.982281 0 0.982281
173.336 0.982529 0 0.982529
174.549 0.982774 0 0.982774
175.771 0.983015 0 0.983015
177.002 0.983252 0 0.983252
178.241 0.983486 0 0.983486
179.488 0.983718 0 0.983718
180.745 0.983945 0 0.983945
182.01 0.98417 0 0.98417
183.284 0.984392 0 0.984392
184.567 0.98461 0 0.98461
185.859 0.984826 0 0.984826
187.16 0.985038 0 0.985038
188.47 0.985248 0 0.985248
189.789 0.985454 0 0.985454
191.118 0.985658 0 0.985658
192.456 0.985859 0 0.985859
193.803 0.986057 0 0.986057
195.159 0.986253 0 0.986253
196.526 0.986445 0 0.986445
197.901 0.986635 0 0.986635
199.287 0.986823 0 0.986823
200.682 0.987007 0 0.987007
202.086 0.98719 0 0.98719
203.501 0.987369 0 0.987369
204.925 0.987546 0 0.987546
206.36 0.987721 0 0.987721
207.804 0.987893 0 0.987893
209.259 0.988063 0 0.988063
210.724 0.98823 0 0.98823
212.199 0.988395 0 0.988395
213.684 0.988558 0 0.988558
215.18 0.988719 0 0.988719
216.686 0.988877 0 0.988877
218.203 0.989033 0 0.989033
219.731 0.989187 0 0.989187
221.269 0.989339 0 0.989339
222.818 0.989488 0 0.989488
224.377 0.989636 0 0.989636
225.948 0.989781 0 0.989781
227.53 0.989925 0 0.989925
229.122 0.990066 0 0.990066
230.726 0.990206 0 0.990206
232.341 0.990343 0 0.990343
233.968 0.990479 0 0.990479
235.605 0.990612 0 0.990612
237.255 0.990744 0 0.990744
238.915 0.990874 0 0.990874
240.588 0.991002 0 0.991002
242.272 0.991129 0 0.991129
243.968 0.991253 0 0.991253
245.676 0.991376 0 0.991376
247.395 0.991498 0 0.991498
249.127 0.991617 0 0.991617
250.871 0.991735 0 0.991735
252.627 0.991851 0 0.991851
254.396 0.991965 0 0.991965
256.176 0.992078 0 0.992078
257.97 0.99219 0 0.99219
259.775 0.992299 0 0.992299
261.594 0.992407 0 0.992407
263.425 0.992514 0 0.992514
265.269 0.992619 0 0.992619
267.126 0.992723 0 0.992723
268.996 0.992825 0 0.992825
270.879 0.992926 0 0.992926
272.775 0.993026 0 0.993026
274.684 0.993124 0 0.993124
276.607 0.993221 0 0.993221
278.543 0.993316 0 0.993316
280.493 0.99341 0 0.99341
282.456 0.993502 0 0.993502
284.434 0.993594 0 0.993594
286.425 0.993684 0 0.993684
288.43 0.993773 0 0.993773
290.449 0.99386 0 0.99386
292.482 0.993947 0 0.993947
294.529 0.994032 0 0.994032
296.591 0.994116 0 0.994116
298.667 0.994198 0 0.994198
300.758 0.99428 0 0.99428
302.863 0.99436 0 0.99436
304.983 0.99444 0 0.99444
307.118 0.994518 0 0.994518
309.268 0.994595 0 0.994595
311.433 0.994671 0 0.994671
313.613 0.994746 0 0.994746
315.808 0.99482 0 0.99482
318.019 0.994893 0 0.994893
320.245 0.994965 0 0.994965
322.486 0.995036 0 0.995036
324.744 0.995106 0 0.995106
327.017 0.995174 0 0.995174
329.306 0.995242 0 0.995242
331.611 0.995309 0 0.995309
333.933 0.995375 0 0.995375
336.27 0.99544 0 0.99544
338.624 0.995504 0 0.995504
340.994 0.995568 0 0.995568
343.381 0.99563 0 0.99563
345.785 0.995692 0 0.995692
348.206 0.995752 0 0.995752
350.643 0.995812 0 0.995812
353.097 0.995871 0 0.995871
355.569 0.995929 0 0.995929
358.058 0.995986 0 0.995986
360.565 0.996043 0 0.996043
363.088 0.996099 0 0.996099
365.63 0.996154 0 0.996154
368.19 0.996208 0 0.996208
370.767 0.996261 0 0.996261
373.362 0.996314 0 0.996314
375.976 0.996366 0 0.996366
378.608 0.996417 0 0.996417
381.258 0.996467 0 0.996467
383.927 0.996517 0 0.996517
386.614 0.996566 0 0.996566
389.32 0.996614 0 0.996614
392.046 0.996662 0 0.996662
394.79 0.996709 0 0.996709
397.553 0.996755 0 0.996755
400.336 0.996801 0 0.996801
403.139 0.996846 0 0.996846
405.961 0.996891 0 0.996891
408.802 0.996934 0 0.996934
411.664 0.996977 0 0.996977
414.546 0.99702 0 0.99702
417.448 0.997062 0 0.997062
420.37 0.997103 0 0.997103
423.312 0.997144 0 0.997144
426.275 0.997184 0 0.997184
429.259 0.997224 0 0.997224
432.264 0.997263 0 0.997263
435.29 0.997302 0 0.997302
438.337 0.99734 0 0.99734
441.405 0.997377 0 0.997377
444.495 0.997414 0 0.997414
447.607 0.997451 0 0.997451
450.74 0.997486 0 0.997486
453.895 0.997522 0 0.997522
457.072 0.997557 0 0.997557
460.272 0.997591 0 0.997591
463.494 0.997625 0 0.997625
466.738 0.997659 0 0.997659
470.005 0.997691 0 0.997691
473.295 0.997724 0 0.997724
476.609 0.997756 0 0.997756
479.945 0.997788 0 0.997788
483.304 0.997819 0 0.997819
486.688 0.99785 0 0.99785
490.094 0.99788 0 0.99788
493.525 0.99791 0 0.99791
496.98 0.997939 0 0.997939
500.459 0.997968 0 0.997968
503.962 0.997997 0 0.997997
507.489 0.998025 0 0.998025
511.042 0.998053 0 0.998053
514.619 0.99808 0 0.99808
518.222 0.998107 0 0.998107
521.849 0.998134 0 0.998134
525.502 0.99816 0 0.99816
529.181 0.998186 0 0.998186
532.885 0.998212 0 0.998212
536.615 0.998237 0 0.998237
540.371 0.998262 0 0.998262
544.154 0.998286 0 0.998286
547.963 0.99831 0 0.99831
551.799 0.998334 0 0.998334
555.661 0.998358 0 0.998358
559.551 0.998381 0 0.998381
563.468 0.998404 0 0.998404
567.412 0.998426 0 0.998426
571.384 0.998448 0 0.998448
575.384 0.99847 0 0.99847
579.411 0.998492 0 0.998492
583.467 0.998513 0 0.998513
587.551 0.998534 0 0.998534
591.664 0.998555 0 0.998555
595.806 0.998575 0 0.998575
599.977 0.998595 0 0.998595
604.176 0.998615 0 0.998615
608.406 0.998634 0 0.998634
612.665 0.998654 0 0.998654
616.953 0.998673 0 0.998673
621.272 0.998691 0 0.998691
625.621 0.99871 0 0.99871
630 0.998728 0 0.998728
634.41 0.998746 0 0.998746
638.851 0.998763 0 0.998763
643.323 0.998781 0 0.998781
647.826 0.998798 0 0.998798
652.361 0.998815 0 0.998815
656.928 0.998832 0 0.998832
661.526 0.998848 0 0.998848
666.157 0.998864 0 0.998864
670.82 0.99888 0 0.99888
675.516 0.998896 0 0.998896
680.244 0.998912 0 0.998912
685.006 0.998927 0 0.998927
689.801 0.998942 0 0.998942
694.629 0.998957 0 0.998957
699.492 0.998972 0 0.998972
704.388 0.998986 0 0.998986
709.319 0.999001 0 0.999001
714.284 0.999015 0 0.999015
719.284 0.999029 0 0.999029
724.319 0.999042 0 0.999042
729.39 0.999056 0 0.999056
734.495 0.999069 0 0.999069
739.637 0.999082 0 0.999082
744.814 0.999095 0 0.999095
750.028 0.999108 0 0.999108
755.278 0.99912 0 0.99912
760.565 0.999133 0 0.999133
765.889 0.999145 0 0.999145
771.25 0.999157 0 0.999157
776.649 0.999169 0 0.999169
782.085 0.999181 0 0.999181
787.56 0.999192 0 0.999192
793.073 0.999204 0 0.999204
798.625 0.999215 0 0.999215
804.215 0.999226 0 0.999226
809.844 0.999237 0 0.999237
815.513 0.999248 0 0.999248
821.222 0.999258 0 0.999258
826.97 0.999269 0 0.999269
832.759 0.999279 0 0.999279
838.589 0.999289 0 0.999289
844.459 0.999299 0 0.999299
850.37 0.999309 0 0.999309
856.322 0.999319 0 0.999319
862.317 0.999328 0 0.999328
868.353 0.999338 0 0.999338
874.431 0.999347 0 0.999347
880.552 0.999356 0 0.999356
886.716 0.999365 0 0.999365
892.923 0.999374 0 0.999374
899.174 0.999383 0 0.999383
905.468 0.999392 0 0.999392
911.806 0.9994 0 0.9994
918.189 0.999409 0 0.999409
924.616 0.999417 0 0.999417
931.089 0.999425 0 0.999425
937.606 0.999433 0 0.999433
944.169 0.999441 0 0.999441
950.779 0.999449 0 0.999449
957.434 0.999457 0 0.999457
964.136 0.999465 0 0.999465
970.885 0.999472 0 0.999472
977.681 0.99948 0 0.99948
984.525 0.999487 0 0.999487
991.417 0.999494 0 0.999494
998.357 0.999501 0 0.999501
1005.35 0.999508 0 0.999508
1012.38 0.999515 0 0.999515
1019.47 0.999522 0 0.999522
1026.61 0.999529 0 0.999529
1033.79 0.999536 0 0.999536
1041.03 0.999542 0 0.999542
1048.32 0.999549 0 0.999549
1055.65 0.999555 0 0.999555
1063.04 0.999561 0 0.999561
1070.48 0.999567 0 0.999567
1077.98 0.999573 0 0.999573
1085.52 0.999579 0 0.999579
1093.12 0.999585 0 0.999585
1100.77 0.999591 0 0.999591
1108.48 0.999597 0 0.999597
1116.24 0.999603 0 0.999603
1124.05 0.999608 0 0.999608
1131.92 0.999614 0 0.999614
1139.84 0.999619 0 0.999619
1147.82 0.999625 0 0.999625
1155.86 0.99963 0 0.99963
1163.95 0.999635 0 0.999635
1172.1 0.99964 0 0.99964
1180.3 0.999645 0 0.999645
1188.56 0.99965 0 0.99965
1196.88 0.999655 0 0.999655
1205.26 0.99966 0 0.99966
1213.7 0.999665 0 0.999665
1222.19 0.99967 0 0.99967
1230.75 0.999674 0 0.999674
1239.37 0.999679 0 0.999679
1248.04 0.999683 0 0.999683
1256.78 0.999688 0 0.999688
1265.57 0.999692 0 0.999692
1274.43 0.999697 0 0.999697
1283.35 0.999701 0 0.999701
1292.34 0.999705 0 0.999705
1301.38 0.999709 0 0.999709
1310.49 0.999713 0 0.999713
1319.67 0.999717 0 0.999717
1328.91 0.999721 0 0.999721
1338.21 0.999725 0 0.999725
1347.57 0.999729 0 0.999729
1357.01 0.999733 0 0.999733
1366.51 0.999737 0 0.999737
1376.07 0.99974 0 0.99974
1385.71 0.999744 0 0.999744
1395.41 0.999748 0 0.999748
1405.17 0.999751 0 0.999751
1415.01 0.999755 0 0.999755
1424.91 0.999758 0 0.999758
1434.89 0.999762 0 0.999762
1444.93 0.999765 0 0.999765
1455.05 0.999768 0 0.999768
1465.23 0.999772 0 0.999772
1475.49 0.999775 0 0.999775
1485.82 0.999778 0 0.999778
1496.22 0.999781 0 0.999781
1506.69 0.999784 0 0.999784
1517.24 0.999787 0 0.999787
1527.86 0.99979 0 0.99979
1538.55 0.999793 0 0.999793
1549.32 0.999796 0 0.999796
1560.17 0.999799 0 0.999799
1571.09 0.999802 0 0.999802
1582.09 0.999805 0 0.999805
1593.16 0.999807 0 0.999807
1604.32 0.99981 0 0.99981
1615.55 0.999813 0 0.999813
1626.85 0.999815 0 0.999815
1638.24 0.999818 0 0.999818
1649.71 0.999821 0 0.999821
1661.26 0.999823 0 0.999823
1672.89 0.999826 0 0.999826
1684.6 0.999828 0 0.999828
1696.39 0.99983 0 0.99983
1708.26 0.999833 0 0.999833
1720.22 0.999835 0 0.999835
1732.26 0.999838 0 0.999838
1744.39 0.99984 0 0.99984
1756.6 0.999842 0 0.999842
1768.9 0.999844 0 0.999844
1781.28 0.999846 0 0.999846
1793.75 0.999849 0 0.999849
1806.3 0.999851 0 0.999851
1818.95 0.999853 0 0.999853
1831.68 0.999855 0 0.999855
1844.5 0.999857 0 0.999857
1857.41 0.999859 0 0.999859
1870.42 0.999861 0 0.999861
1883.51 0.999863 0 0.999863
1896.69 0.999865 0 0.999865
1909.97 0.999867 0 0.999867
1923.34 0.999869 0 0.999869
1936.8 0.999871 0 0.999871
1950.36 0.999872 0 0.999872
1964.01 0.999874 0 0.999874
1977.76 0.999876 0 0.999876
1991.61 0.999878 0 0.999878
2005.55 0.999879 0 0.999879
2019.59 0.999881 0 0.999881
2033.72 0.999883 0 0.999883
2047.96 0.999884 0 0.999884
2062.29 0.999886 0 0.999886
2076.73 0.999888 0 0.999888
2091.27 0.999889 0 0.999889
2105.91 0.999891 0 0.999891
2120.65 0.999892 0 0.999892
2135.49 0.999894 0 0.999894
2150.44 0.999895 0 0.999895
2165.49 0.999897 0 0.999897
2180.65 0.999898 0 0.999898
2195.92 0.9999 0 0.9999
2211.29 0.999901 0 0.999901
2226.77 0.999903 0 0.999903
2242.35 0.999904 0 0.999904
2258.05 0.999905 0 0.999905
2273.86 0.999907 0 0.999907
2289.77 0.999908 0 0.999908
2305.8 0.999909 0 0.999909
2321.94 0.99991 0 0.99991
2338.2 0.999912 0 0.999912
2354.56 0.999913 0 0.999913
2371.05 0.999914 0 0.999914
2387.64 0.999915 0 0.999915
2404.36 0.999917 0 0.999917
2421.19 0.999918 0 0.999918
2438.14 0.999919 0 0.999919
2455.2 0.99992 0 0.99992
2472.39 0.999921 0 0.999921
2489.7 0.999922 0 0.999922
2507.12 0.999923 0 0.999923
2524.67 0.999924 0 0.999924
2542.35 0.999926 0 0.999926
2560.14 0.999927 0 0.999927
2578.06 0.999928 0 0.999928
2596.11 0.999929 0 0.999929
2614.28 0.99993 0 0.99993
2632.58 0.999931 0 0.999931
2651.01 0.999932 0 0.999932
2669.57 0.999933 0 0.999933
2688.26 0.999934 0 0.999934
2707.07 0.999934 0 0.999934
2726.02 0.999935 0 0.999935
2745.1 0.999936 0 0.999936
2764.32 0.999937 0 0.999937
2783.67 0.999938 0 0.999938
2803.16 0.999939 0 0.999939
2822.78 0.99994 0 0.99994
2842.54 0.999941 0 0.999941
2862.44 0.999942 0 0.999942
2882.47 0.999942 0 0.999942
2902.65 0.999943 0 0.999943
2922.97 0.999944 0 0.999944
2943.43 0.999945 0 0.999945
2964.03 0.999946 0 0.999946
2984.78 0.999946 0 0.999946
3005.68 0.999947 0 0.999947
3026.71 0.999948 0 0.999948
3047.9 0.999949 0 0.999949
3069.24 0.999949 0 0.999949
3090.72 0.99995 0 0.99995
3112.36 0.999951 0 0.999951
3134.14 0.999951 0 0.999951
3156.08 0.999952 0 0.999952
3178.17 0.999953 0 0.999953
3200.42 0.999953 0 0.999953
3222.83 0.999954 0 0.999954
3245.38 0.999955 0 0.999955
3268.1 0.999955 0 0.999955
3290.98 0.999956 0 0.999956
3314.02 0.999957 0 0.999957
3337.21 0.999957 0 0.999957
3360.57 0.999958 0 0.999958
3384.1 0.999958 0 0.999958
3407.79 0.999959 0 0.999959
3431.64 0.99996 0 0.99996
3455.66 0.99996 0 0.99996
3479.85 0.999961 0 0.999961
3504.21 0.999961 0 0.999961
3528.74 0.999962 0 0.999962
3553.44 0.999962 0 0.999962
3578.32 0.999963 0 0.999963
3603.37 0.999963 0 0.999963
3628.59 0.999964 0 0.999964
3653.99 0.999964 0 0.999964
3679.57 0.999965 0 0.999965
3705.32 0.999965 0 0.999965
3731.26 0.999966 0 0.999966
3757.38 0.999966 0 0.999966
3783.68 0.999967 0 0.999967
3810.17 0.999967 0 0.999967
3836.84 0.999968 0 0.999968
3863.7 0.999968 0 0.999968
3890.74 0.999969 0 0.999969
3917.98 0.999969 0 0.999969
3945.4 0.99997 0 0.99997
3973.02 0.99997 0 0.99997
4000.83 0.99997 0 0.99997
4028.84 0.999971 0 0.999971
4057.04 0.999971 0 0.999971
4085.44 0.999972 0 0.999972
4114.04 0.999972 0 0.999972
4142.84 0.999972 0 0.999972
4171.84 0.999973 0 0.999973
4201.04 0.999973 0 0.999973
4230.45 0.999974 0 0.999974
4260.06 0.999974 0 0.999974
4289.88 0.999974 0 0.999974
4319.91 0.999975 0 0.999975
4350.15 0.999975 0 0.999975
4380.6 0.999975 0 0.999975
4411.26 0.999976 0 0.999976
4442.14 0.999976 0 0.999976
4473.24 0.999976 0 0.999976
4504.55 0.999977 0 0.999977
4536.08 0.999977 0 0.999977
4567.83 0.999977 0 0.999977
4599.81 0.999978 0 0.999978
4632.01 0.999978 0 0.999978
4664.43 0.999978 0 0.999978
4697.08 0.999979 0 0.999979
4729.96 0.999979 0 0.999979
4763.07 0.999979 0 0.999979
4796.41 0.99998 0 0.99998
4829.99 0.99998 0 0.99998
4863.8 0.99998 0 0.99998
4897.84 0.99998 0 0.99998
4932.13 0.999981 0 0.999981
4966.65 0.999981 0 0.999981
5001.42 0.999981 0 0.999981
5036.43 0.999981 0 0.999981
5071.69 0.999982 0 0.999982
5107.19 0.999982 0 0.999982
5142.94 0.999982 0 0.999982
5178.94 0.999982 0 0.999982
5215.19 0.999983 0 0.999983
5251.7 0.999983 0 0.999983
5288.46 0.999983 0 0.999983
5325.48 0.999983 0 0.999983
5362.76 0.999984 0 0.999984
5400.3 0.999984 0 0.999984
5438.1 0.999984 0 0.999984
5476.16 0.999984 0 0.999984
5514.5 0.999985 0 0.999985
5553.1 0.999985 0 0.999985
5591.97 0.999985 0 0.999985
5631.11 0.999985 0 0.999985
5670.53 0.999985 0 0.999985
5710.23 0.999986 0 0.999986
5750.2 0.999986 0 0.999986
5790.45 0.999986 0 0.999986
5830.98 0.999986 0 0.999986
5871.8 0.999986 0 0.999986
5912.9 0.999987 0 0.999987
5954.29 0.999987 0 0.999987
5995.97 0.999987 0 0.999987
6037.94 0.999987 0 0.999987
6080.21 0.999987 0 0.999987
6122.77 0.999988 0 0.999988
6165.63 0.999988 0 0.999988
6208.79 0.999988 0 0.999988
6252.25 0.999988 0 0.999988
6296.02 0.999988 0 0.999988
6340.09 0.999988 0 0.999988
6384.47 0.999989 0 0.999989
6429.16 0.999989 0 0.999989
6474.17 0.999989 0 0.999989
6519.48 0.999989 0 0.999989
6565.12 0.999989 0 0.999989
6611.08 0.999989 0 0.999989
6657.35 0.999989 0 0.999989
6703.96 0.99999 0 0.99999
6750.88 0.99999 0 0.99999
6798.14 0.99999 0 0.99999
6845.73 0.99999 0 0.99999
6893.65 0.99999 0 0.99999
6941.9 0.99999 0 0.99999
6990.5 0.99999 0 0.99999
7039.43 0.999991 0 0.999991
7088.71 0.999991 0 0.999991
7138.33 0.999991 0 0.999991
7188.29 0.999991 0 0.999991
7238.61 0.999991 0 0.999991
7289.28 0.999991 0 0.999991
7340.31 0.999991 0 0.999991
7391.69 0.999992 0 0.999992
7443.43 0.999992 0 0.999992
7495.54 0.999992 0 0.999992
7548 0.999992 0 0.999992
7600.84 0.999992 0 0.999992
7654.05 0.999992 0 0.999992
7707.62 0.999992 0 0.999992
7761.58 0.999992 0 0.999992
7815.91 0.999992 0 0.999992
7870.62 0.999993 0 0.999993
7925.71 0.999993 0 0.999993
7981.19 0.999993 0 0.999993
8037.06 0.999993 0 0.999993
8093.32 0.999993 0 0.999993
8149.98 0.999993 0 0.999993
8207.03 0.999993 0 0.999993
8264.47 0.999993 0 0.999993
8322.33 0.999993 0 0.999993
8380.58 0.999993 0 0.999993
8439.25 0.999994 0 0.999994
8498.32 0.999994 0 0.999994
8557.81 0.999994 0 0.999994
8617.71 0.999994 0 0.999994
8678.04 0.999994 0 0.999994
8738.78 0.999994 0 0.999994
8799.96 0.999994 0 0.999994
8861.56 0.999994 0 0.999994
8923.59 0.999994 0 0.999994
8986.05 0.999994 0 0.999994
9048.95 0.999994 0 0.999994
9112.3 0.999994 0 0.999994
9176.08 0.999995 0 0.999995
9240.32 0.999995 0 0.999995
9305 0.999995 0 0.999995
9370.13 0.999995 0 0.999995
9435.72 0.999995 0 0.999995
9501.77 0.999995 0 0.999995
9568.29 0.999995 0 0.999995
9635.26 0.999995 0 0.999995
9702.71 0.999995 0 0.999995
9770.63 0.999995 0 0.999995
9839.02 0.999995 0 0.999995
9907.9 0.999995 0 0.999995
9977.25 0.999995 0 0.999995
10047.1 0.999995 0 0.999995
10117.4 0.999996 0 0.999996
10188.2 0.999996 0 0.999996
10259.6 0.999996 0 0.999996
10331.4 0.999996 0 0.999996
10403.7 0.999996 0 0.999996
10476.5 0.999996 0 0.999996
10549.9 0.999996 0 0.999996
10623.7 0.999996 0 0.999996
10698.1 0.999996 0 0.999996
10773 0.999996 0 0.999996
10848.4 0.999996 0 0.999996
10924.3 0.999996 0 0.999996
11000.8 0.999996 0 0.999996
11077.8 0.999996 0 0.999996
11155.3 0.999996 0 0.999996
11233.4 0.999996 0 0.999996
11312.1 0.999996 0 0.999996
11391.2 0.999996 0 0.999996
11471 0.999997 0 0.999997
11551.3 0.999997 0 0.999997
11632.1 0.999997 0 0.999997
11713.6 0.999997 0 0.999997
11795.6 0.999997 0 0.999997
11878.1 0.999997 0 0.999997
11961.3 0.999997 0 0.999997
12045 0.999997 0 0.999997
12129.3 0.999997 0 0.999997
12214.2 0.999997 0 0.999997
12299.7 0.999997 0 0.999997
12385.8 0.999997 0 0.999997
12472.5 0.999997 0 0.999997
12559.8 0.999997 0 0.999997
12647.7 0.999997 0 0.999997
12736.3 0.999997 0 0.999997
12825.4 0.999997 0 0.999997
12915.2 0.999997 0 0.999997
13005.6 0.999997 0 0.999997
13096.7 0.999997 0 0.999997
13188.3 0.999997 0 0.999997
13280.6 0.999997 0 0.999997
13373.6 0.999997 0 0.999997
13467.2 0.999997 0 0.999997
13561.5 0.999998 0 0.999998
13656.4 0.999998 0 0.999998
13752 0.999998 0 0.999998
13848.3 0.999998 0 0.999998
13945.2 0.999998 0 0.999998
14042.8 0.999998 0 0.999998
14141.1 0.999998 0 0.999998
14240.1 0.999998 0 0.999998
14339.8 0.999998 0 0.999998
14440.2 0.999998 0 0.999998
14541.3 0.999998 0 0.999998
14643.1 0.999998 0 0.999998
14745.6 0.999998 0 0.999998
14848.8 0.999998 0 0.999998
14952.7 0.999998 0 0.999998
15057.4 0.999998 0 0.999998
15162.8 0.999998 0 0.999998
15268.9 0.999998 0 0.999998
15375.8 0.999998 0 0.999998
15483.4 0.999998 0 0.999998
15591.8 0.999998 0 0.999998
15701 0.999998 0 0.999998
15810.9 0.999998 0 0.999998
15921.6 0.999998 0 0.999998
16033 0.999998 0 0.999998
16145.2 0.999998 0 0.999998
16258.3 0.999998 0 0.999998
16372.1 0.999998 0 0.999998
16486.7 0.999998 0 0.999998
16602.1 0.999998 0 0.999998
16718.3 0.999998 0 0.999998
16835.3 0.999998 0 0.999998
16953.2 0.999998 0 0.999998
17071.8 0.999998 0 0.999998
17191.3 0.999998 0 0.999998
17311.7 0.999998 0 0.999998
17432.9 0.999999 0 0.999999
17554.9 0.999999 0 0.999999
17677.8 0.999999 0 0.999999
17801.5 0.999999 0 0.999999
17926.1 0.999999 0 0.999999
18051.6 0.999999 0 0.999999
18178 0.999999 0 0.999999
18305.2 0.999999 0 0.999999
18433.4 0.999999 0 0.999999
18562.4 0.999999 0 0.999999
18692.3 0.999999 0 0.999999
18823.2 0.999999 0 0.999999
18954.9 0.999999 0 0.999999
19087.6 0.999999 0 0.999999
19221.2 0.999999 0 0.999999
19355.8 0.999999 0 0.999999
19491.3 0.999999 0 0.999999
19627.7 0.999999 0 0.999999
19765.1 0.999999 0 0.999999
19903.5 0.999999 0 0.999999
20042.8 0.999999 0 0.999999
20183.1 0.999999 0 0.999999
20324.4 0.999999 0 0.999999
20466.6 0.999999 0 0.999999
20609.9 0.999999 0 0.999999
20754.2 0.999999 0 0.999999
20899.4 0.999999 0 0.999999
21045.7 0.999999 0 0.999999
21193.1 0.999999 0 0.999999
21341.4 0.999999 0 0.999999
21490.8 0.999999 0 0.999999
21641.2 0.999999 0 0.999999
21792.7 0.999999 0 0.999999
21945.3 0.999999 0 0.999999
22098.9 0.999999 0 0.999999
22253.6 0.999999 0 0.999999
22409.4 0.999999 0 0.999999
22566.2 0.999999 0 0.999999
22724.2 0.999999 0 0.999999
22883.3 0.999999 0 0.999999
23043.4 0.999999 0 0.999999
23204.8 0.999999 0 0.999999
23367.2 0.999999 0 0.999999
23530.8 0.999999 0 0.999999
23695.5 0.999999 0 0.999999
23861.3 0.999999 0 0.999999
24028.4 0.999999 0 0.999999
24196.6 0.999999 0 0.999999
24365.9 0.999999 0 0.999999
24536.5 0.999999 0 0.999999
24708.3 0.999999 0 0.999999
24881.2 0.999999 0 0.999999
25055.4 0.999999 0 0.999999
25230.8 0.999999 0 0.999999
25407.4 0.999999 0 0.999999
25585.2 0.999999 0 0.999999
25764.3 0.999999 0 0.999999
25944.7 0.999999 0 0.999999
26126.3 0.999999 0 0.999999
26309.2 0.999999 0 0.999999
26493.3 0.999999 0 0.999999
26678.8 0.999999 0 0.999999
26865.6 0.999999 0 0.999999
27053.6 0.999999 0 0.999999
27243 0.999999 0 0.999999
27433.7 0.999999 0 0.999999
27625.7 0.999999 0 0.999999
27819.1 0.999999 0 0.999999
28013.8 0.999999 0 0.999999
28209.9 0.999999 0 0.999999
28407.4 0.999999 0 0.999999
28606.3 0.999999 0 0.999999
28806.5 0.999999 0 0.999999
29008.1 0.999999 0 0.999999
29211.2 0.999999 0 0.999999
29415.7 0.999999 0 0.999999
29621.6 0.999999 0 0.999999
29828.9 1 0 1
30037.7 1 0 1
30248 1 0 1
30459.7 1 0 1
30673 1 0 1
30887.7 1 0 1
31103.9 1 0 1
31321.6 1 0 1
31540.9 1 0 1
31761.7 1 0 1
31984 1 0 1
32207.9 1 0 1
32433.3 1 0 1
32660.4 1 0 1
32889 1 0 1
33119.2 1 0 1
33351 1 0 1
33584.5 1 0 1
33819.6 1 0 1
34056.3 1 0 1
34294.7 1 0 1
34534.8 1 0 1
34776.5 1 0 1
35020 1 0 1
35265.1 1 0 1
35512 1 0 1
35760.5 1 0 1
36010.9 1 0 1
36262.9 1 0 1
36516.8 1 0 1
36772.4 1 0 1
37029.8 1 0 1
37289 1 0 1
37550 1 0 1
37812.9 1 0 1
38077.6 1 0 1
38344.1 1 0 1
38612.5 1 0 1
38882.8 1 0 1
39155 1 0 1
39429.1 1 0 1
39705.1 1 0 1
39983 1 0 1
40262.9 1 0 1
40544.7 1 0 1
40828.6 1 0 1
41114.4 1 0 1
41402.2 1 0 1
41692 1 0 1
41983.8 1 0 1
42277.7 1 0 1
42573.6 1 0 1
42871.7 1 0 1
43171.8 1 0 1
43474 1 0 1
43778.3 1 0 1
44084.7 1 0 1
44393.3 1 0 1
44704.1 1 0 1
45017 1 0 1
45332.1 1 0 1
45649.5 1 0 1
45969 1 0 1
46290.8 1 0 1
46614.8 1 0 1
46941.1 1 0 1
47269.7 1 0 1
47600.6 1 0 1
47933.8 1 0 1
48269.3 1 0 1
48607.2 1 0 1
48947.5 1 0 1
49290.1 1 0 1
49635.1 1 0 1
49982.6 1 0 1
50332.5 1 0 1
50684.8 1 0 1
51039.6 1 0 1
51396.9 1 0 1
51756.6 1 0 1
52118.9 1 0 1
52483.8 1 0 1
52851.1 1 0 1
53221.1 1 0 1
53593.7 1 0 1
53968.8 1 0 1
54346.6 1 0 1
54727 1 0 1
55110.1 1 0 1
55495.9 1 0 1
55884.3 1 0 1
56275.5 1 0 1
56669.5 1 0 1
57066.2 1 0 1
57465.6 1 0 1
57867.9 1 0 1
58273 1 0 1
58680.9 1 0 1
59091.6 1 0 1
59505.3 1 0 1
59921.8 1 0 1
60341.3 1 0 1
60763.6 1 0 1
61189 1 0 1
61617.3 1 0 1
62048.6 1 0 1
62483 1 0 1
62920.4 1 0 1
63360.8 1 0 1
63804.3 1 0 1
64251 1 0 1
64700.7 1 0 1
65153.6 1 0 1
65609.7 1 0 1
66069 1 0 1
66531.4 1 0 1
66997.2 1 0 1
67466.1 1 0 1
67938.4 1 0 1
68414 1 0 1
68892.9 1 0 1
69375.1 1 0 1
69860.8 1 0 1
70349.8 1 0 1
70842.2 1 0 1
71338.1 1 0 1
71837.5 1 0 1
72340.4 1 0 1
72846.7 1 0 1
73356.7 1 0 1
73870.2 1 0 1
74387.2 1 0 1
74908 1 0 1
75432.3 1 0 1
75960.3 1 0 1
76492.1 1 0 1
77027.5 1 0 1
77566.7 1 0 1
78109.7 1 0 1
78656.4 1 0 1
79207 1 0 1
79761.5 1 0 1
80319.8 1 0 1
80882 1 0 1
81448.2 1 0 1
82018.4 1 0 1
82592.5 1 0 1
83170.6 1 0 1
83752.8 1 0 1
84339.1 1 0 1
84929.5 1 0 1
85524 1 0 1
86122.6 1 0 1
86725.5 1 0 1
87332.6 1 0 1
87943.9 1 0 1
88559.5 1 0 1
89179.4 1 0 1
89803.7 1 0 1
90432.3 1 0 1
91065.3 1 0 1
91702.8 1 0 1
92344.7 1 0 1
92991.1 1 0 1
93642.1 1 0 1
94297.6 1 0 1
94957.7 1 0 1
95622.4 1 0 1
96291.7 1 0 1
96965.8 1 0 1
97644.5 1 0 1
98328 1 0 1
99016.3 1 0 1
99709.4 1 0 1
100407 1 0 1
101110 1 0 1
101818 1 0 1
102531 1 0 1
103248 1 0 1
103971 1 0 1
104699 1 0 1
105432 1 0 1
106170 1 0 1
106913 1 0 1
107662 1 0 1
108415 1 0 1
109174 1 0 1
109938 1 0 1
110708 1 0 1
111483 1 0 1
112263 1 0 1
113049 1 0 1
113840 1 0 1
114637 1 0 1
115440 1 0 1
116248 1 0 1
117061 1 0 1
117881 1 0 1
118706 1 0 1
119537 1 0 1
120374 1 0 1
121216 1 0 1
122065 1 0 1
122919 1 0 1
123780 1 0 1
124646 1 0 1
125519 1 0 1
126397 1 0 1
127282 1 0 1
128173 1 0 1
129070 1 0 1
129974 1 0 1
130884 1 0 1
131800 1 0 1
132722 1 0 1
133652 1 0 1
134587 1 0 1
135529 1 0 1
136478 1 0 1
137433 1 0 1
138395 1 0 1
139364 1 0 1
140340 1 0 1
141322 1 0 1
142311 1 0 1
143307 1 0 1
144311 1 0 1
145321 1 0 1
146338 1 0 1
147362 1 0 1
148394 1 0 1
149433 1 0 1
150479 1 0 1
151532 1 0 1
152593 1 0 1
153661 1 0 1
154737 1 0 1
155820 1 0 1
156910 1 0 1
158009 1 0 1
159115 1 0 1
160229 1 0 1
161350 1 0 1
162480 1 0 1
163617 1 0 1
164762 1 0 1
165916 1 0 1
167077 1 0 1
168247 1 0 1
169424 1 0 1
170610 1 0 1
171805 1 0 1
173007 1 0 1
174218 1 0 1
175438 1 0 1
176666 1 0 1
177903 1 0 1
179148 1 0 1
180402 1 0 1
181665 1 0 1
182936 1 0 1
184217 1 0 1
185507 1 0 1
186805 1 0 1
188113 1 0 1
189429 1 0 1
190755 1 0 1
192091 1 0 1
193435 1 0 1
194789 1 0 1
196153 1 0 1
197526 1 0 1
198909 1 0 1
200301 1 0 1
201703 1 0 1
203115 1 0 1
204537 1 0 1
205969 1 0 1
207410 1 0 1
208862 1 0 1
210324 1 0 1
211797 1 0 1
213279 1 0 1
214772 1 0 1
216276 1 0 1
217790 1 0 1
219314 1 0 1
220849 1 0 1
222395 1 0 1
223952 1 0 1
225520 1 0 1
227098 1 0 1
228688 1 0 1
230289 1 0 1
231901 1 0 1
233524 1 0 1
235159 1 0 1
236805 1 0 1
238462 1 0 1
240132 1 0 1
241813 1 0 1
243505 1 0 1
245210 1 0 1
246926 1 0 1
248655 1 0 1
250395 1 0 1
252148 1 0 1
253913 1 0 1
255691 1 0 1
257480 1 0 1
259283 1 0 1
261098 1 0 1
262925 1 0 1
264766 1 0 1
266619 1 0 1
268486 1 0 1
270365 1 0 1
272258 1 0 1
274163 1 0 1
276083 1 0 1
278015 1 0 1
279961 1 0 1
281921 1 0 1
283894 1 0 1
285882 1 0 1
287883 1 0 1
289898 1 0 1
291927 1 0 1
293971 1 0 1
296029 1 0 1
298101 1 0 1
300188 1 0 1
302289 1 0 1
304405 1 0 1
306536 1 0 1
308681 1 0 1
310842 1 0 1
313018 1 0 1
315209 1 0 1
317416 1 0 1
319638 1 0 1
321875 1 0 1
324128 1 0 1
326397 1 0 1
328682 1 0 1
330983 1 0 1
333300 1 0 1
335633 1 0 1
337982 1 0 1
340348 1 0 1
342730 1 0 1
345129 1 0 1
347545 1 0 1
349978 1 0 1
352428 1 0 1
354895 1 0 1
357379 1 0 1
359881 1 0 1
362400 1 0 1
364937 1 0 1
367491 1 0 1
370064 1 0 1
372654 1 0 1
375263 1 0 1
377890 1 0 1
380535 1 0 1
383199 1 0 1
385881 1 0 1
388582 1 0 1
391302 1 0 1
394041 1 0 1
396800 1 0 1
399577 1 0 1
402374 1 0 1
405191 1 0 1
408027 1 0 1
410884 1 0 1
413760 1 0 1
416656 1 0 1
419573 1 0 1
422510 1 0 1
425467 1 0 1
428446 1 0 1
431445 1 0 1
434465 1 0 1
437506 1 0 1
440569 1 0 1
443653 1 0 1
446758 1 0 1
449885 1 0 1
453035 1 0 1
456206 1 0 1
459399 1 0 1
462615 1 0 1
465853 1 0 1
469114 1 0 1
472398 1 0 1
475705 1 0 1
479035 1 0 1
482388 1 0 1
485765 1 0 1
489165 1 0 1
492589 1 0 1
496037 1 0 1
499510 1 0 1
503006 1 0 1
506527 1 0 1
510073 1 0 1
513644 1 0 1
517239 1 0 1
520860 1 0 1
524506 1 0 1
528177 1 0 1
531875 1 0 1
535598 1 0 1
539347 1 0 1
543122 1 0 1
546924 1 0 1
550753 1 0 1
554608 1 0 1
558490 1 0 1
562400 1 0 1
566336 1 0 1
570301 1 0 1
574293 1 0 1
578313 1 0 1
582361 1 0 1
586438 1 0 1
590543 1 0 1
594676 1 0 1
598839 1 0 1
603031 1 0 1
607252 1 0 1
611503 1 0 1
615784 1 0 1
620094 1 0 1
624435 1 0 1
628806 1 0 1
633207 1 0 1
637640 1 0 1
642103 1 0 1
646598 1 0 1
651124 1 0 1
655682 1 0 1
660272 1 0 1
664894 1 0 1
669548 1 0 1
674235 1 0 1
678954 1 0 1
683707 1 0 1
688493 1 0 1
693313 1 0 1
698166 1 0 1
703053 1 0 1
707974 1 0 1
712930 1 0 1
717921 1 0 1
722946 1 0 1
728007 1 0 1
733103 1 0 1
738234 1 0 1
743402 1 0 1
748606 1 0 1
753846 1 0 1
759123 1 0 1
764437 1 0 1
769788 1 0 1
775177 1 0 1
780603 1 0 1
786067 1 0 1
791569 1 0 1
797110 1 0 1
802690 1 0 1
808309 1 0 1
813967 1 0 1
819665 1 0 1
825403 1 0 1
831180 1 0 1
836999 1 0 1
842858 1 0 1
848758 1 0 1
854699 1 0 1
860682 1 0 1
866707 1 0 1
872774 1 0 1
878883 1 0 1
885035 1 0 1
891230 1 0 1
897469 1 0 1
903751 1 0 1
910078 1 0 1
916448 1 0 1
922863 1 0 1
929323 1 0 1
935829 1 0 1
942379 1 0 1
948976 1 0 1
955619 1 0 1
962308 1 0 1
969044 1 0 1
975828 1 0 1
982658 1 0 1
989537 1 0 1
996464 1 0 1
1.00344e+06 1 0 1
1.01046e+06 1 0 1
1.01754e+06 1 0 1
1.02466e+06 1 0 1
1.03183e+06 1 0 1
1.03905e+06 1 0 1
1.04633e+06 1 0 1
1.05365e+06 1 0 1
1.06103e+06 1 0 1
1.06846e+06 1 0 1
1.07593e+06 1 0 1
1.08347e+06 1 0 1
1.09105e+06 1 0 1
1.09869e+06 1 0 1
1.10638e+06 1 0 1
1.11412e+06 1 0 1
1.12192e+06 1 0 1
1.12978e+06 1 0 1
1.13768e+06 1 0 1
1.14565e+06 1 0 1
1.15367e+06 1 0 1
1.16174e+06 1 0 1
1.16987e+06 1 0 1
1.17806e+06 1 0 1
1.18631e+06 1 0 1
1.19461e+06 1 0 1
1.20298e+06 1 0 1
1.2114e+06 1 0 1
1.21988e+06 1 0 1
1.22842e+06 1 0 1
1.23702e+06 1 0 1
1.24567e+06 1 0 1
1.25439e+06 1 0 1
1.26318e+06 1 0 1
1.27202e+06 1 0 1
1.28092e+06 1 0 1
1.28989e+06 1 0 1
1.29892e+06 1 0 1
1.30801e+06 1 0 1
1.31717e+06 1 0 1
1.32639e+06 1 0 1
1.33567e+06 1 0 1
1.34502e+06 1 0 1
1.35444e+06 1 0 1
1.36392e+06 1 0 1
1.37346e+06 1 0 1
1.38308e+06 1 0 1
1.39276e+06 1 0 1
1.40251e+06 1 0 1
1.41233e+06 1 0 1
1.42221e+06 1 0 1
1.43217e+06 1 0 1
1.44219e+06 1 0 1
1.45229e+06 1 0 1
1.46245e+06 1 0 1
1.47269e+06 1 0 1
1.483e+06 1 0 1
1.49338e+06 1 0 1
1.50384e+06 1 0 1
1.51436e+06 1 0 1
1.52496e+06 1 0 1
1.53564e+06 1 0 1
1.54639e+06 1 0 1
1.55721e+06 1 0 1
1.56811e+06 1 0 1
1.57909e+06 1 0 1
1.59014e+06 1 0 1
1.60127e+06 1 0 1
1.61248e+06 1 0 1
1.62377e+06 1 0 1
1.63514e+06 1 0 1
1.64658e+06 1 0 1
1.65811e+06 1 0 1
1.66972e+06 1 0 1
1.6814e+06 1 0 1
1.69317e+06 1 0 1
1.70503e+06 1 0 1
1.71696e+06 1 0 1
1.72898e+06 1 0 1
1.74108e+06 1 0 1
1.75327e+06 1 0 1
1.76554e+06 1 0 1
1.7779e+06 1 0 1
1.79035e+06 1 0 1
1.80288e+06 1 0 1
1.8155e+06 1 0 1
1.82821e+06 1 0 1
1.841e+06 1 0 1
1.85389e+06 1 0 1
1.86687e+06 1 0 1
1.87994e+06 1 0 1
1.8931e+06 1 0 1
1.90635e+06 1 0 1
1.91969e+06 1 0 1
1.93313e+06 1 0 1
1.94666e+06 1 0 1
1.96029e+06 1 0 1
1.97401e+06 1 0 1
1.98783e+06 1 0 1
2.00174e+06 1 0 1
2.01576e+06 1 0 1
2.02987e+06 1 0 1
2.04408e+06 1 0 1
2.05838e+06 1 0 1
2.07279e+06 1 0 1
2.0873e+06 1 0 1
2.10191e+06 1 0 1
2.11663e+06 1 0 1
2.13144e+06 1 0 1
2.14636e+06 1 0 1
2.16139e+06 1 0 1
2.17652e+06 1 0 1
2.19175e+06 1 0 1
2.2071e+06 1 0 1
2.22255e+06 1 0 1
2.2381e+06 1 0 1
2.25377e+06 1 0 1
2.26955e+06 1 0 1
2.28543e+06 1 0 1
2.30143e+06 1 0 1
2.31754e+06 1 0 1
2.33376e+06 1 0 1
2.3501e+06 1 0 1
2.36655e+06 1 0 1
2.38312e+06 1 0 1
2.3998e+06 1 0 1
2.4166e+06 1 0 1
2.43351e+06 1 0 1
2.45055e+06 1 0 1
2.4677e+06 1 0 1
2.48498e+06 1 0 1
2.50237e+06 1 0 1
2.51989e+06 1 0 1
2.53753e+06 1 0 1
2.55529e+06 1 0 1
2.57318e+06 1 0 1
2.59119e+06 1 0 1
2.60933e+06 1 0 1
2.62759e+06 1 0 1
2.64599e+06 1 0 1
2.66451e+06 1 0 1
2.68316e+06 1 0 1
2.70194e+06 1 0 1
2.72085e+06 1 0 1
2.7399e+06 1 0 1
2.75908e+06 1 0 1
2.77839e+06 1 0 1
2.79784e+06 1 0 1
2.81743e+06 1 0 1
2.83715e+06 1 0 1
2.85701e+06 1 0 1
2.87701e+06 1 0 1
2.89715e+06 1 0 1
2.91743e+06 1 0 1
2.93785e+06 1 0 1
2.95841e+06 1 0 1
2.97912e+06 1 0 1
2.99998e+06 1 0 1
3.02098e+06 1 0 1
3.04212e+06 1 0 1
3.06342e+06 1 0 1
3.08486e+06 1 0 1
3.10646e+06 1 0 1
3.1282e+06 1 0 1
3.1501e+06 1 0 1
3.17215e+06 1 0 1
3.19435e+06 1 0 1
3.21672e+06 1 0 1
3.23923e+06 1 0 1
3.26191e+06 1 0 1
3.28474e+06 1 0 1
3.30773e+06 1 0 1
3.33089e+06 1 0 1
3.3542e+06 1 0 1
3.37768e+06 1 0 1
3.40133e+06 1 0 1
3.42514e+06 1 0 1
3.44911e+06 1 0 1
3.47326e+06 1 0 1
3.49757e+06 1 0 1
3.52205e+06 1 0 1
3.54671e+06 1 0 1
3.57153e+06 1 0 1
3.59653e+06 1 0 1
3.62171e+06 1 0 1
3.64706e+06 1 0 1
3.67259e+06 1 0 1
3.6983e+06 1 0 1
3.72419e+06 1 0 1
3.75026e+06 1 0 1
3.77651e+06 1 0 1
3.80294e+06 1 0 1
3.82956e+06 1 0 1
3.85637e+06 1 0 1
3.88337e+06 1 0 1
3.91055e+06 1 0 1
3.93792e+06 1 0 1
3.96549e+06 1 0 1
3.99325e+06 1 0 1
4.0212e+06 1 0 1
4.04935e+06 1 0 1
4.07769e+06 1 0 1
4.10624e+06 1 0 1
4.13498e+06 1 0 1
4.16393e+06 1 0 1
4.19307e+06 1 0 1
4.22242e+06 1 0 1
4.25198e+06 1 0 1
4.28175e+06 1 0 1
4.31172e+06 1 0 1
4.3419e+06 1 0 1
4.37229e+06 1 0 1
4.4029e+06 1 0 1
4.43372e+06 1 0 1
4.46476e+06 1 0 1
4.49601e+06 1 0 1
4.52748e+06 1 0 1
4.55917e+06 1 0 1
4.59109e+06 1 0 1
4.62323e+06 1 0 1
4.65559e+06 1 0 1
4.68818e+06 1 0 1
4.72099e+06 1 0 1
4.75404e+06 1 0 1
4.78732e+06 1 0 1
4.82083e+06 1 0 1
4.85458e+06 1 0 1
4.88856e+06 1 0 1
4.92278e+06 1 0 1
4.95724e+06 1 0 1
4.99194e+06 1 0 1
5.02688e+06 1 0 1
5.06207e+06 1 0 1
5.0975e+06 1 0 1
5.13319e+06 1 0 1
5.16912e+06 1 0 1
5.2053e+06 1 0 1
5.24174e+06 1 0 1
5.27843e+06 1 0 1
5.31538e+06 1 0 1
5.35259e+06 1 0 1
5.39006e+06 1 0 1
5.42779e+06 1 0 1
5.46578e+06 1 0 1
5.50404e+06 1 0 1
5.54257e+06 1 0 1
5.58137e+06 1 0 1
5.62044e+06 1 0 1
5.65978e+06 1 0 1
5.6994e+06 1 0 1
5.7393e+06 1 0 1
5.77947e+06 1 0 1
5.81993e+06 1 0 1
5.86067e+06 1 0 1
5.90169e+06 1 0 1
5.943e+06 1 0 1
5.9846e+06 1 0 1
6.0265e+06 1 0 1
6.06868e+06 1 0 1
6.11116e+06 1 0 1
6.15394e+06 1 0 1
6.19702e+06 1 0 1
6.2404e+06 1 0 1
6.28408e+06 1 0 1
6.32807e+06 1 0 1
6.37237e+06 1 0 1
6.41697e+06 1 0 1
6.46189e+06 1 0 1
6.50712e+06 1 0 1
6.55267e+06 1 0 1
6.59854e+06 1 0 1
6.64473e+06 1 0 1
6.69125e+06 1 0 1
6.73808e+06 1 0 1
6.78525e+06 1 0 1
6.83275e+06 1 0 1
6.88058e+06 1 0 1
6.92874e+06 1 0 1
6.97724e+06 1 0 1
7.02608e+06 1 0 1
7.07527e+06 1 0 1
7.12479e+06 1 0 1
7.17467e+06 1 0 1
7.22489e+06 1 0 1
7.27546e+06 1 0 1
7.32639e+06 1 0 1
7.37768e+06 1 0 1
7.42932e+06 1 0 1
7.48133e+06 1 0 1
7.53369e+06 1 0 1
7.58643e+06 1 0 1
7.63954e+06 1 0 1
7.69301e+06 1 0 1
7.74686e+06 1 0 1
7.80109e+06 1 0 1
7.8557e+06 1 0 1
7.91069e+06 1 0 1
7.96606e+06 1 0 1
8.02183e+06 1 0 1
8.07798e+06 1 0 1
8.13452e+06 1 0 1
8.19147e+06 1 0 1
8.24881e+06 1 0 1
8.30655e+06 1 0 1
8.36469e+06 1 0 1
8.42325e+06 1 0 1
8.48221e+06 1 0 1
8.54159e+06 1 0 1
8.60138e+06 1 0 1
8.66159e+06 1 0 1
8.72222e+06 1 0 1
8.78327e+06 1 0 1
8.84476e+06 1 0 1
8.90667e+06 1 0 1
8.96902e+06 1 0 1
9.0318e+06 1 0 1
9.09502e+06 1 0 1
9.15869e+06 1 0 1
9.2228e+06 1 0 1
9.28736e+06 1 0 1
9.35237e+06 1 0 1
9.41783e+06 1 0 1
9.48376e+06 1 0 1
9.55015e+06 1 0 1
9.617e+06 1 0 1
9.68432e+06 1 0 1
9.75211e+06 1 0 1
9.82037e+06 1 0 1
9.88911e+06 1 0 1
9.95834e+06 1 0 1
1.0028e+07 1 0 1
1.00982e+07 1 0 1
1.01689e+07 1 0 1
1.02401e+07 1 0 1
1.03118e+07 1 0 1
1.0384e+07 1 0 1
1.04567e+07 1 0 1
1.05299e+07 1 0 1
1.06036e+07 1 0 1
1.06778e+07 1 0 1
1.07525e+07 1 0 1
1.08278e+07 1 0 1
1.09036e+07 1 0 1
1.09799e+07 1 0 1
1.10568e+07 1 0 1
1.11342e+07 1 0 1
1.12121e+07 1 0 1
1.12906e+07 1 0 1
1.13696e+07 1 0 1
1.14492e+07 1 0 1
1.15294e+07 1 0 1
1.16101e+07 1 0 1
1.16913e+07 1 0 1
1.17732e+07 1 0 1
1.18556e+07 1 0 1
1.19386e+07 1 0 1
1.20222e+07 1 0 1
1.21063e+07 1 0 1
1.21911e+07 1 0 1
1.22764e+07 1 0 1
1.23623e+07 1 0 1
1.24489e+07 1 0 1
1.2536e+07 1 0 1
1.26238e+07 1 0 1
1.27121e+07 1 0 1
1.28011e+07 1 0 1
1.28907e+07 1 0 1
1.2981e+07 1 0 1
1.30718e+07 1 0 1
1.31633e+07 1 0 1
1.32555e+07 1 0 1
1.33483e+07 1 0 1
1.34417e+07 1 0 1
1.35358e+07 1 0 1
1.36305e+07 1 0 1
1.3726e+07 1 0 1
1.3822e+07 1 0 1
1.39188e+07 1 0 1
1.40162e+07 1 0 1
1.41143e+07 1 0 1
1.42131e+07 1 0 1
1.43126e+07 1 0 1
1.44128e+07 1 0 1
1.45137e+07 1 0 1
1.46153e+07 1 0 1
1.47176e+07 1 0 1
1.48206e+07 1 0 1
1.49244e+07 1 0 1
1.50288e+07 1 0 1
1.5134e+07 1 0 1
1.524e+07 1 0 1
1.53467e+07 1 0 1
1.54541e+07 1 0 1
1.55623e+07 1 0 1
1.56712e+07 1 0 1
1.57809e+07 1 0 1
1.58914e+07 1 0 1
1.60026e+07 1 0 1
1.61146e+07 1 0 1
1.62274e+07 1 0 1
1.6341e+07 1 0 1
1.64554e+07 1 0 1
1.65706e+07 1 0 1
1.66866e+07 1 0 1
1.68034e+07 1 0 1
1.6921e+07 1 0 1
1.70395e+07 1 0 1
1.71587e+07 1 0 1
1.72789e+07 1 0 1
1.73998e+07 1 0 1
1.75216e+07 1 0 1
1.76443e+07 1 0 1
1.77678e+07 1 0 1
1.78921e+07 1 0 1
1.80174e+07 1 0 1
1.81435e+07 1 0 1
1.82705e+07 1 0 1
1.83984e+07 1 0 1
1.85272e+07 1 0 1
1.86569e+07 1 0 1
1.87875e+07 1 0 1
1.8919e+07 1 0 1
1.90514e+07 1 0 1
1.91848e+07 1 0 1
1.93191e+07 1 0 1
1.94543e+07 1 0 1
1.95905e+07 1 0 1
1.97276e+07 1 0 1
1.98657e+07 1 0 1
2.00048e+07 1 0 1
2.01448e+07 1 0 1
2.02858e+07 1 0 1
2.04278e+07 1 0 1
2.05708e+07 1 0 1
2.07148e+07 1 0 1
2.08598e+07 1 0 1
2.10058e+07 1 0 1
2.11529e+07 1 0 1
2.1301e+07 1 0 1
2.14501e+07 1 0 1
2.16002e+07 1 0 1
2.17514e+07 1 0 1
2.19037e+07 1 0 1
2.2057e+07 1 0 1
2.22114e+07 1 0 1
2.23669e+07 1 0 1
2.25234e+07 1 0 1
2.26811e+07 1 0 1
2.28399e+07 1 0 1
2.29998e+07 1 0 1
2.31608e+07 1 0 1
2.33229e+07 1 0 1
2.34861e+07 1 0 1
2.36505e+07 1 0 1
2.38161e+07 1 0 1
2.39828e+07 1 0 1
2.41507e+07 1 0 1
2.43197e+07 1 0 1
2.449e+07 1 0 1
2.46614e+07 1 0 1
2.4834e+07 1 0 1
2.50079e+07 1 0 1
2.51829e+07 1 0 1
2.53592e+07 1 0 1
2.55367e+07 1 0 1
2.57155e+07 1 0 1
2.58955e+07 1 0 1
2.60768e+07 1 0 1
2.62593e+07 1 0 1
2.64431e+07 1 0 1
2.66282e+07 1 0 1
2.68146e+07 1 0 1
2.70023e+07 1 0 1
2.71913e+07 1 0 1
2.73817e+07 1 0 1
2.75733e+07 1 0 1
2.77664e+07 1 0 1
2.79607e+07 1 0 1
2.81565e+07 1 0 1
2.83535e+07 1 0 1
2.8552e+07 1 0 1
2.87519e+07 1 0 1
2.89531e+07 1 0 1
2.91558e+07 1 0 1
2.93599e+07 1 0 1
2.95654e+07 1 0 1
2.97724e+07 1 0 1
2.99808e+07 1 0 1
3.01907e+07 1 0 1
3.0402e+07 1 0 1
3.06148e+07 1 0 1
3.08291e+07 1 0 1
3.10449e+07 1 0 1
3.12622e+07 1 0 1
3.14811e+07 1 0 1
3.17014e+07 1 0 1
3.19233e+07 1 0 1
3.21468e+07 1 0 1
3.23718e+07 1 0 1
3.25984e+07 1 0 1
3.28266e+07 1 0 1
3.30564e+07 1 0 1
3.32878e+07 1 0 1
3.35208e+07 1 0 1
3.37555e+07 1 0 1
3.39918e+07 1 0 1
3.42297e+07 1 0 1
3.44693e+07 1 0 1
3.47106e+07 1 0 1
3.49536e+07 1 0 1
3.51982e+07 1 0 1
3.54446e+07 1 0 1
3.56927e+07 1 0 1
3.59426e+07 1 0 1
3.61942e+07 1 0 1
3.64476e+07 1 0 1
3.67027e+07 1 0 1
3.69596e+07 1 0 1
3.72183e+07 1 0 1
3.74788e+07 1 0 1
3.77412e+07 1 0 1
3.80054e+07 1 0 1
3.82714e+07 1 0 1
3.85393e+07 1 0 1
3.88091e+07 1 0 1
3.90808e+07 1 0 1
3.93543e+07 1 0 1
3.96298e+07 1 0 1
3.99072e+07 1 0 1
4.01866e+07 1 0 1
4.04679e+07 1 0 1
4.07512e+07 1 0 1
4.10364e+07 1 0 1
4.13237e+07 1 0 1
4.16129e+07 1 0 1
4.19042e+07 1 0 1
4.21975e+07 1 0 1
4.24929e+07 1 0 1
4.27904e+07 1 0 1
4.30899e+07 1 0 1
4.33915e+07 1 0 1
4.36953e+07 1 0 1
4.40012e+07 1 0 1
4.43092e+07 1 0 1
4.46193e+07 1 0 1
4.49317e+07 1 0 1
4.52462e+07 1 0 1
4.55629e+07 1 0 1
4.58818e+07 1 0 1
4.6203e+07 1 0 1
4.65264e+07 1 0 1
4.68521e+07 1 0 1
4.71801e+07 1 0 1
4.75103e+07 1 0 1
4.78429e+07 1 0 1
4.81778e+07 1 0 1
4.85151e+07 1 0 1
4.88547e+07 1 0 1
4.91967e+07 1 0 1
4.9541e+07 1 0 1
4.98878e+07 1 0 1
5.0237e+07 1 0 1
5.05887e+07 1 0 1
5.09428e+07 1 0 1
5.12994e+07 1 0 1
5.16585e+07 1 0 1
5.20201e+07 1 0 1
5.23843e+07 1 0 1
5.27509e+07 1 0 1
5.31202e+07 1 0 1
5.3492e+07 1 0 1
5.38665e+07 1 0 1
5.42436e+07 1 0 1
5.46233e+07 1 0 1
5.50056e+07 1 0 1
5.53907e+07 1 0 1
5.57784e+07 1 0 1
5.61688e+07 1 0 1
5.6562e+07 1 0 1
5.6958e+07 1 0 1
5.73567e+07 1 0 1
5.77582e+07 1 0 1
5.81625e+07 1 0 1
5.85696e+07 1 0 1
5.89796e+07 1 0 1
5.93925e+07 1 0 1
5.98082e+07 1 0 1
6.02269e+07 1 0 1
6.06484e+07 1 0 1
6.1073e+07 1 0 1
6.15005e+07 1 0 1
6.1931e+07 1 0 1
6.23645e+07 1 0 1
6.28011e+07 1 0 1
6.32407e+07 1 0 1
6.36834e+07 1 0 1
6.41291e+07 1 0 1
6.45781e+07 1 0 1
6.50301e+07 1 0 1
6.54853e+07 1 0 1
6.59437e+07 1 0 1
6.64053e+07 1 0 1
6.68701e+07 1 0 1
6.73382e+07 1 0 1
6.78096e+07 1 0 1
6.82843e+07 1 0 1
6.87623e+07 1 0 1
6.92436e+07 1 0 1
6.97283e+07 1 0 1
7.02164e+07 1 0 1
7.07079e+07 1 0 1
7.12029e+07 1 0 1
7.17013e+07 1 0 1
7.22032e+07 1 0 1
7.27086e+07 1 0 1
7.32176e+07 1 0 1
7.37301e+07 1 0 1
7.42462e+07 1 0 1
7.47659e+07 1 0 1
7.52893e+07 1 0 1
7.58163e+07 1 0 1
7.6347e+07 1 0 1
7.68815e+07 1 0 1
7.74196e+07 1 0 1
7.79616e+07 1 0 1
7.85073e+07 1 0 1
7.90569e+07 1 0 1
7.96103e+07 1 0 1
8.01675e+07 1 0 1
8.07287e+07 1 0 1
8.12938e+07 1 0 1
8.18629e+07 1 0 1
8.24359e+07 1 0 1
8.3013e+07 1 0 1
8.3594e+07 1 0 1
8.41792e+07 1 0 1
8.47685e+07 1 0 1
8.53618e+07 1 0 1
8.59594e+07 1 0 1
8.65611e+07 1 0 1
8.7167e+07 1 0 1
8.77772e+07 1 0 1
8.83916e+07 1 0 1
8.90104e+07 1 0 1
8.96334e+07 1 0 1
9.02609e+07 1 0 1
9.08927e+07 1 0 1
9.15289e+07 1 0 1
9.21696e+07 1 0 1
9.28148e+07 1 0 1
9.34645e+07 1 0 1
9.41188e+07 1 0 1
9.47776e+07 1 0 1
9.54411e+07 1 0 1
9.61092e+07 1 0 1
9.67819e+07 1 0 1
9.74594e+07 1 0 1
9.81416e+07 1 0 1
9.88286e+07 1 0 1
9.95204e+07 1 0 1
1.00217e+08 1 0 1
1.00919e+08 1 0 1
1.01625e+08 1 0 1
1.02336e+08 1 0 1
1.03053e+08 1 0 1
1.03774e+08 1 0 1
1.04501e+08 1 0 1
1.05232e+08 1 0 1
1.05969e+08 1 0 1
1.0671e+08 1 0 1
1.07457e+08 1 0 1
1.0821e+08 1 0 1
1.08967e+08 1 0 1
1.0973e+08 1 0 1
1.10498e+08 1 0 1
1.11271e+08 1 0 1
1.1205e+08 1 0 1
1.12835e+08 1 0 1
1.13625e+08 1 0 1
1.1442e+08 1 0 1
1.15221e+08 1 0 1
1.16027e+08 1 0 1
1.1684e+08 1 0 1
1.17657e+08 1 0 1
1.18481e+08 1 0 1
1.1931e+08 1 0 1
1.20146e+08 1 0 1
1.20987e+08 1 0 1
1.21834e+08 1 0 1
1.22686e+08 1 0 1
1.23545e+08 1 0 1
1.2441e+08 1 0 1
1.25281e+08 1 0 1
1.26158e+08 1 0 1
1.27041e+08 1 0 1
1.2793e+08 1 0 1
1.28826e+08 1 0 1
1.29727e+08 1 0 1
1.30636e+08 1 0 1
1.3155e+08 1 0 1
1.32471e+08 1 0 1
1.33398e+08 1 0 1
1.34332e+08 1 0 1
1.35272e+08 1 0 1
1.36219e+08 1 0 1
1.37173e+08 1 0 1
1.38133e+08 1 0 1
1.391e+08 1 0 1
1.40074e+08 1 0 1
1.41054e+08 1 0 1
1.42041e+08 1 0 1
1.43036e+08 1 0 1
1.44037e+08 1 0 1
1.45045e+08 1 0 1
1.46061e+08 1 0 1
1.47083e+08 1 0 1
1.48113e+08 1 0 1
1.49149e+08 1 0 1
1.50193e+08 1 0 1
1.51245e+08 1 0 1
1.52303e+08 1 0 1
1.5337e+08 1 0 1
1.54443e+08 1 0 1
1.55524e+08 1 0 1
1.56613e+08 1 0 1
1.57709e+08 1 0 1
1.58813e+08 1 0 1
1.59925e+08 1 0 1
1.61044e+08 1 0 1
1.62172e+08 1 0 1
1.63307e+08 1 0 1
1.6445e+08 1 0 1
1.65601e+08 1 0 1
1.6676e+08 1 0 1
1.67928e+08 1 0 1
1.69103e+08 1 0 1
1.70287e+08 1 0 1
1.71479e+08 1 0 1
1.72679e+08 1 0 1
1.73888e+08 1 0 1
1.75105e+08 1 0 1
1.76331e+08 1 0 1
1.77565e+08 1 0 1
1.78808e+08 1 0 1
1.8006e+08 1 0 1
1.8132e+08 1 0 1
1.8259e+08 1 0 1
1.83868e+08 1 0 1
1.85155e+08 1 0 1
1.86451e+08 1 0 1
1.87756e+08 1 0 1
1.8907e+08 1 0 1
1.90394e+08 1 0 1
1.91727e+08 1 0 1
1.93069e+08 1 0 1
1.9442e+08 1 0 1
1.95781e+08 1 0 1
1.97152e+08 1 0 1
1.98532e+08 1 0 1
1.99921e+08 1 0 1
2.01321e+08 1 0 1
2.0273e+08 1 0 1
2.04149e+08 1 0 1
2.05578e+08 1 0 1
2.07017e+08 1 0 1
2.08466e+08 1 0 1
2.09926e+08 1 0 1
2.11395e+08 1 0 1
2.12875e+08 1 0 1
2.14365e+08 1 0 1
2.15866e+08 1 0 1
2.17377e+08 1 0 1
2.18898e+08 1 0 1
2.20431e+08 1 0 1
2.21974e+08 1 0 1
2.23527e+08 1 0 1
2.25092e+08 1 0 1
2.26668e+08 1 0 1
2.28254e+08 1 0 1
2.29852e+08 1 0 1
2.31461e+08 1 0 1
2.33081e+08 1 0 1
2.34713e+08 1 0 1
2.36356e+08 1 0 1
2.3801e+08 1 0 1
2.39676e+08 1 0 1
2.41354e+08 1 0 1
2.43044e+08 1 0 1
2.44745e+08 1 0 1
2.46458e+08 1 0 1
2.48183e+08 1 0 1
2.49921e+08 1 0 1
2.5167e+08 1 0 1
2.53432e+08 1 0 1
2.55206e+08 1 0 1
2.56992e+08 1 0 1
2.58791e+08 1 0 1
2.60603e+08 1 0 1
2.62427e+08 1 0 1
2.64264e+08 1 0 1
2.66114e+08 1 0 1
2.67977e+08 1 0 1
2.69852e+08 1 0 1
2.71741e+08 1 0 1
2.73644e+08 1 0 1
2.75559e+08 1 0 1
2.77488e+08 1 0 1
2.7943e+08 1 0 1
2.81386e+08 1 0 1
2.83356e+08 1 0 1
2.8534e+08 1 0 1
2.87337e+08 1 0 1
2.89348e+08 1 0 1
2.91374e+08 1 0 1
2.93413e+08 1 0 1
2.95467e+08 1 0 1
2.97536e+08 1 0 1
2.99618e+08 1 0 1
3.01716e+08 1 0 1
3.03828e+08 1 0 1
3.05955e+08 1 0 1
3.08096e+08 1 0 1
3.10253e+08 1 0 1
3.12425e+08 1 0 1
3.14612e+08 1 0 1
3.16814e+08 1 0 1
3.19032e+08 1 0 1
3.21265e+08 1 0 1
3.23514e+08 1 0 1
3.25778e+08 1 0 1
3.28059e+08 1 0 1
3.30355e+08 1 0 1
3.32668e+08 1 0 1
3.34996e+08 1 0 1
3.37341e+08 1 0 1
3.39703e+08 1 0 1
3.42081e+08 1 0 1
3.44475e+08 1 0 1
3.46886e+08 1 0 1
3.49315e+08 1 0 1
3.5176e+08 1 0 1
3.54222e+08 1 0 1
3.56702e+08 1 0 1
3.59199e+08 1 0 1
3.61713e+08 1 0 1
3.64245e+08 1 0 1
3.66795e+08 1 0 1
3.69362e+08 1 0 1
3.71948e+08 1 0 1
3.74551e+08 1 0 1
3.77173e+08 1 0 1
3.79814e+08 1 0 1
3.82472e+08 1 0 1
3.8515e+08 1 0 1
3.87846e+08 1 0 1
3.90561e+08 1 0 1
3.93294e+08 1 0 1
3.96047e+08 1 0 1
3.9882e+08 1 0 1
4.01612e+08 1 0 1
4.04423e+08 1 0 1
4.07254e+08 1 0 1
4.10105e+08 1 0 1
4.12975e+08 1 0 1
4.15866e+08 1 0 1
4.18777e+08 1 0 1
4.21709e+08 1 0 1
4.24661e+08 1 0 1
4.27633e+08 1 0 1
4.30627e+08 1 0 1
4.33641e+08 1 0 1
4.36677e+08 1 0 1
4.39733e+08 1 0 1
4.42811e+08 1 0 1
4.45911e+08 1 0 1
4.49032e+08 1 0 1
4.52176e+08 1 0 1
4.55341e+08 1 0 1
4.58528e+08 1 0 1
4.61738e+08 1 0 1
4.6497e+08 1 0 1
4.68225e+08 1 0 1
4.71503e+08 1 0 1
4.74803e+08 1 0 1
4.78127e+08 1 0 1
4.81474e+08 1 0 1
4.84844e+08 1 0 1
4.88238e+08 1 0 1
4.91655e+08 1 0 1
4.95097e+08 1 0 1
4.98563e+08 1 0 1
5.02053e+08 1 0 1
5.05567e+08 1 0 1
5.09106e+08 1 0 1
5.1267e+08 1 0 1
5.16258e+08 1 0 1
5.19872e+08 1 0 1
5.23511e+08 1 0 1
5.27176e+08 1 0 1
5.30866e+08 1 0 1
5.34582e+08 1 0 1
5.38324e+08 1 0 1
5.42093e+08 1 0 1
5.45887e+08 1 0 1
5.49708e+08 1 0 1
5.53556e+08 1 0 1
5.57431e+08 1 0 1
5.61333e+08 1 0 1
5.65263e+08 1 0 1
5.69219e+08 1 0 1
5.73204e+08 1 0 1
5.77216e+08 1 0 1
5.81257e+08 1 0 1
5.85326e+08 1 0 1
5.89423e+08 1 0 1
5.93549e+08 1 0 1
5.97704e+08 1 0 1
6.01888e+08 1 0 1
6.06101e+08 1 0 1
6.10344e+08 1 0 1
6.14616e+08 1 0 1
6.18918e+08 1 0 1
6.23251e+08 1 0 1
6.27614e+08 1 0 1
6.32007e+08 1 0 1
6.36431e+08 1 0 1
6.40886e+08 1 0 1
6.45372e+08 1 0 1
6.4989e+08 1 0 1
6.54439e+08 1 0 1
6.5902e+08 1 0 1
6.63633e+08 1 0 1
6.68279e+08 1 0 1
6.72957e+08 1 0 1
6.77667e+08 1 0 1
6.82411e+08 1 0 1
6.87188e+08 1 0 1
6.91998e+08 1 0 1
6.96842e+08 1 0 1
7.0172e+08 1 0 1
7.06632e+08 1 0 1
7.11578e+08 1 0 1
7.1656e+08 1 0 1
7.21575e+08 1 0 1
7.26626e+08 1 0 1
7.31713e+08 1 0 1
7.36835e+08 1 0 1
7.41993e+08 1 0 1
7.47187e+08 1 0 1
7.52417e+08 1 0 1
7.57684e+08 1 0 1
7.62988e+08 1 0 1
7.68329e+08 1 0 1
7.73707e+08 1 0 1
7.79123e+08 1 0 1
7.84577e+08 1 0 1
7.90069e+08 1 0 1
7.95599e+08 1 0 1
8.01168e+08 1 0 1
8.06777e+08 1 0 1
8.12424e+08 1 0 1
8.18111e+08 1 0 1
8.23838e+08 1 0 1
8.29605e+08 1 0 1
8.35412e+08 1 0 1
8.4126e+08 1 0 1
8.47149e+08 1 0 1
8.53079e+08 1 0 1
8.5905e+08 1 0 1
8.65063e+08 1 0 1
8.71119e+08 1 0 1
8.77217e+08 1 0 1
8.83357e+08 1 0 1
8.89541e+08 1 0 1
8.95768e+08 1 0 1
9.02038e+08 1 0 1
9.08352e+08 1 0 1
9.14711e+08 1 0 1
9.21114e+08 1 0 1
9.27561e+08 1 0 1
9.34054e+08 1 0 1
9.40593e+08 1 0 1
9.47177e+08 1 0 1
9.53807e+08 1 0 1
9.60484e+08 1 0 1
9.67207e+08 1 0 1
9.73978e+08 1 0 1
9.80795e+08 1 0 1
9.87661e+08 1 0 1
9.94575e+08 1 0 1
1.00154e+09 1 0 1
1.00855e+09 1 0 1
1.01561e+09 1 0 1
1.02272e+09 1 0 1
1.02988e+09 1 0 1
1.03708e+09 1 0 1
1.04434e+09 1 0 1
1.05165e+09 1 0 1
1.05902e+09 1 0 1
1.06643e+09 1 0 1
1.07389e+09 1 0 1
1.08141e+09 1 0 1
1.08898e+09 1 0 1
1.0966e+09 1 0 1
1.10428e+09 1 0 1
1.11201e+09 1 0 1
1.11979e+09 1 0 1
1.12763e+09 1 0 1
1.13553e+09 1 0 1
1.14348e+09 1 0 1
1.15148e+09 1 0 1
1.15954e+09 1 0 1
1.16766e+09 1 0 1
1.17583e+09 1 0 1
1.18406e+09 1 0 1
1.19235e+09 1 0 1
1.2007e+09 1 0 1
1.2091e+09 1 0 1
1.21756e+09 1 0 1
1.22609e+09 1 0 1
1.23467e+09 1 0 1
1.24331e+09 1 0 1
1.25202e+09 1 0 1
1.26078e+09 1 0 1
1.26961e+09 1 0 1
1.27849e+09 1 0 1
1.28744e+09 1 0 1
1.29645e+09 1 0 1
1.30553e+09 1 0 1
1.31467e+09 1 0 1
1.32387e+09 1 0 1
1.33314e+09 1 0 1
1.34247e+09 1 0 1
1.35187e+09 1 0 1
1.36133e+09 1 0 1
1.37086e+09 1 0 1
1.38046e+09 1 0 1
1.39012e+09 1 0 1
1.39985e+09 1 0 1
1.40965e+09 1 0 1
1.41952e+09 1 0 1
1.42945e+09 1 0 1
1.43946e+09 1 0 1
1.44954e+09 1 0 1
1.45968e+09 1 0 1
1.4699e+09 1 0 1
1.48019e+09 1 0 1
1.49055e+09 1 0 1
1.50098e+09 1 0 1
1.51149e+09 1 0 1
1.52207e+09 1 0 1
1.53273e+09 1 0 1
1.54346e+09 0 0 0
