6.71669 7.2528e-07 111.702 2.23358e-55
6.76371 8.85818e-07 110.724 7.25445e-55
6.81105 1.07883e-06 109.734 2.37818e-54
6.85873 1.31025e-06 108.748 7.7429e-54
6.90674 1.58694e-06 107.758 2.52214e-53
6.95509 1.9174e-06 106.756 8.29991e-53
7.00377 2.30979e-06 105.746 2.74548e-52
7.0528 2.77517e-06 104.727 9.14142e-52
7.10217 3.32567e-06 103.703 3.05105e-51
7.15189 3.97519e-06 102.672 1.02171e-50
7.20195 4.73958e-06 101.637 3.43172e-50
7.25236 5.63692e-06 100.597 1.1548e-49
7.30313 6.68773e-06 99.5515 3.89586e-49
7.35425 7.91527e-06 98.501 1.31827e-48
7.40573 9.34581e-06 97.4448 4.4757e-48
7.45757 1.1009e-05 96.3834 1.52394e-47
7.50977 1.29382e-05 95.3149 5.21364e-47
7.56234 1.51707e-05 94.2355 1.79914e-46
7.61528 1.77485e-05 93.1468 6.25179e-46
7.66859 2.07182e-05 92.0631 2.157e-45
7.72227 2.4132e-05 90.9763 7.44903e-45
7.77632 2.80542e-05 89.8791 2.59406e-44
7.83076 3.25366e-05 88.7767 9.06059e-44
7.88557 3.76562e-05 87.6632 3.19308e-43
7.94077 4.34913e-05 86.5561 1.11574e-42
7.99636 5.01284e-05 85.4401 3.92592e-42
8.05233 5.76624e-05 84.3191 1.38541e-41
8.1087 6.61976e-05 83.1902 4.91804e-41
8.16546 7.58478e-05 82.0669 1.73274e-40
8.22261 8.67378e-05 80.9253 6.20577e-40
8.28017 9.90034e-05 79.791 2.20232e-39
8.33813 0.000112792 78.6411 7.9227e-39
8.3965 0.000128265 77.5 2.82018e-38
8.45528 0.000145595 76.3512 1.00982e-37
8.51446 0.00016497 75.2021 3.61042e-37
8.57407 0.000186594 74.0364 1.31011e-36
8.63408 0.000210685 72.8794 4.70462e-36
8.69452 0.000237478 71.7204 1.68987e-35
8.75538 0.000267274 70.5586 6.07759e-35
8.81667 0.000300249 69.3912 2.19414e-34
8.87839 0.000336738 68.2171 7.96144e-34
8.94054 0.00037705 67.0472 2.87203e-33
9.00312 0.000421513 65.871 1.04091e-32
9.06614 0.000470477 64.6965 3.76026e-32
9.12961 0.000524313 63.5197 1.35938e-31
9.19351 0.000583416 62.3405 4.91881e-31
9.25787 0.0006482 61.1664 1.76798e-30
9.32267 0.000719107 59.9888 6.36785e-30
9.38793 0.0007966 58.8054 2.30349e-29
9.45365 0.000881168 57.6232 8.3106e-29
9.51982 0.000973324 56.4467 2.97699e-28
9.58646 0.00107361 55.2682 1.06705e-27
9.65357 0.00118258 54.0849 3.83771e-27
9.72114 0.00130083 52.9125 1.36331e-26
9.78919 0.00142919 51.737 4.85267e-26
9.85771 0.00156789 50.5619 1.72404e-25
9.92672 0.0017178 49.3952 6.06584e-25
9.9962 0.00187961 48.2223 2.14476e-24
10.0662 0.00205405 47.0581 7.50788e-24
10.1366 0.00224187 45.8938 2.62527e-23
10.2076 0.00244383 44.7307 9.15711e-23
10.2791 0.00266074 43.5827 3.14247e-22
10.351 0.00289342 42.4281 1.08427e-21
10.4235 0.00314272 41.2776 3.72093e-21
10.4964 0.00340951 40.1397 1.25959e-20
10.5699 0.00369469 39.008 4.23254e-20
10.6439 0.00399918 37.8784 1.41774e-19
10.7184 0.00432391 36.7568 4.70561e-19
10.7934 0.00466986 35.6419 1.54963e-18
10.869 0.005038 34.5341 5.06143e-18
10.9451 0.00542933 33.4345 1.63808e-17
11.0217 0.00584552 32.3452 5.24167e-17
11.0988 0.00628632 31.2611 1.66675e-16
11.1765 0.00675341 30.1854 5.25033e-16
11.2548 0.00724786 29.1279 1.62226e-15
11.3335 0.00777074 28.0781 4.96947e-15
11.4129 0.00832315 27.0385 1.50522e-14
11.4928 0.00890617 26.0078 4.51508e-14
11.5732 0.00952091 24.9962 1.32726e-13
11.6542 0.0101685 23.9935 3.86367e-13
11.7358 0.01085 23.0074 1.1052e-12
11.818 0.0115666 22.034 3.11858e-12
11.9007 0.0123194 21.0776 8.64336e-12
11.984 0.0131094 20.1308 2.37067e-11
12.0679 0.0139379 19.2093 6.33435e-11
12.1524 0.0148059 18.302 1.66723e-10
12.2374 0.0157145 17.409 4.32168e-10
12.3231 0.0166663 16.5379 1.09531e-09
12.4093 0.0176595 15.6854 2.72216e-09
12.4962 0.0186965 14.8538 6.61936e-09
12.5837 0.0197785 14.0425 1.57614e-08
12.6718 0.0209064 13.251 3.67641e-08
12.7605 0.0220813 12.4815 8.3826e-08
12.8498 0.0233043 11.7339 1.86841e-07
12.9397 0.0245762 11.0113 4.05852e-07
13.0303 0.0258981 10.3127 8.60048e-07
13.1215 0.0272709 9.63753 1.77898e-06
13.2134 0.0286955 8.98808 3.58376e-06
13.3059 0.0301728 8.36386 7.03458e-06
13.399 0.0317036 7.76563 1.34443e-05
13.4928 0.0332888 7.1915 2.50651e-05
13.5873 0.0349292 6.64451 4.5448e-05
13.6824 0.0366255 6.12442 8.01641e-05
13.7781 0.0383784 5.62956 0.000137784
13.8746 0.0401914 5.16255 0.000230179
13.9717 0.0420595 4.72069 0.000374709
14.0695 0.0439862 4.3048 0.000593975
14.168 0.0459721 3.91574 0.000916031
14.2672 0.0480177 3.55163 0.00137704
14.367 0.0501234 3.21218 0.0020184
14.4676 0.0522897 2.89679 0.00288641
14.5689 0.0545171 2.60499 0.00402902
14.6709 0.0568058 2.33531 0.00549767
14.7736 0.0591561 2.08704 0.00733856
14.877 0.0615685 1.86084 0.00957651
14.9811 0.064043 1.65404 0.0122498
15.086 0.0665799 1.46514 0.0153829
15.1916 0.0691792 1.29508 0.0189466
15.2979 0.0718411 1.14044 0.0229661
15.405 0.0745657 1.00208 0.0273741
15.5129 0.0773571 0.877659 0.0321616
15.6214 0.0802067 0.76624 0.0372766
15.7308 0.0831187 0.667051 0.0426582
15.8409 0.0860931 0.579078 0.0482479
15.9518 0.0891296 0.501293 0.05399
16.0635 0.0922281 0.432741 0.059831
16.1759 0.0953881 0.37252 0.065722
16.2891 0.0986094 0.319748 0.0716232
16.4032 0.101892 0.273526 0.0775083
16.518 0.105235 0.233339 0.0833337
16.6336 0.108637 0.198531 0.0890755
16.75 0.1121 0.168322 0.0947336
16.8673 0.115621 0.142212 0.100294
16.9854 0.119202 0.119954 0.105727
17.1043 0.122839 0.100776 0.111064
17.224 0.126535 0.0843767 0.116296
17.3446 0.130286 0.0704227 0.121427
17.466 0.1341 0.0585792 0.12647
17.5882 0.137962 0.0485563 0.131423
17.7114 0.141879 0.0400982 0.136302
17.8353 0.145849 0.0329697 0.141119
17.9602 0.149872 0.0270376 0.145874
18.0859 0.153947 0.0220479 0.15059
18.2125 0.158072 0.0179428 0.155261
18.34 0.162248 0.0145157 0.15991
18.4684 0.166472 0.0116943 0.164537
18.5976 0.170744 0.00939024 0.169148
18.7278 0.175063 0.00749942 0.173755
18.8589 0.179429 0.00596158 0.178362
18.9909 0.183838 0.00471364 0.182974
19.1239 0.188292 0.00370854 0.187595
19.2577 0.192788 0.00290664 0.192229
19.3925 0.197326 0.00226407 0.19688
19.5283 0.201911 0.0017561 0.201557
19.665 0.206529 0.00135568 0.206249
19.8026 0.211184 0.00103993 0.210965
19.9413 0.215876 0.000793412 0.215705
20.0809 0.220604 0.000603496 0.220471
20.2214 0.225367 0.00045629 0.225264
20.363 0.230163 0.000343213 0.230084
20.5055 0.234991 0.000256665 0.23493
20.649 0.23985 0.000190763 0.239804
20.7936 0.244738 0.000141135 0.244704
20.9391 0.249655 0.000103796 0.249629
21.0857 0.254599 7.57992e-05 0.25458
21.2333 0.25957 5.49325e-05 0.259555
21.382 0.264564 3.94333e-05 0.264554
21.5316 0.269583 2.806e-05 0.269575
21.6824 0.274623 1.97671e-05 0.274618
21.8341 0.279685 1.37603e-05 0.279681
21.987 0.284774 9.44696e-06 0.284771
22.1409 0.289873 6.36499e-06 0.289872
22.2959 0.29499 4.19077e-06 0.294989
22.4519 0.300123 2.68659e-06 0.300123
22.6091 0.305271 1.64943e-06 0.305271
22.7674 0.310433 9.71224e-07 0.310433
22.9267 0.315607 5.26812e-07 0.315607
23.0872 0.320792 2.49746e-07 0.320792
23.2488 0.325988 8.59892e-08 0.325988
23.4116 0.331192 2.21425e-09 0.331192
23.5755 0.336405 0 0.336405
23.7405 0.341623 0 0.341623
23.9067 0.346848 0 0.346848
24.074 0.352077 0 0.352077
24.2425 0.357309 0 0.357309
24.4122 0.362543 0 0.362543
24.5831 0.367786 0 0.367786
24.7552 0.373021 0 0.373021
24.9285 0.378254 0 0.378254
25.103 0.383486 0 0.383486
25.2787 0.388715 0 0.388715
25.4556 0.39394 0 0.39394
25.6338 0.399159 0 0.399159
25.8133 0.404372 0 0.404372
25.994 0.409579 0 0.409579
26.1759 0.414777 0 0.414777
26.3592 0.419967 0 0.419967
26.5437 0.425147 0 0.425147
26.7295 0.430316 0 0.430316
26.9166 0.435474 0 0.435474
27.105 0.440619 0 0.440619
27.2947 0.445751 0 0.445751
27.4858 0.450869 0 0.450869
27.6782 0.45598 0 0.45598
27.8719 0.461067 0 0.461067
28.067 0.466138 0 0.466138
28.2635 0.471192 0 0.471192
28.4614 0.476228 0 0.476228
28.6606 0.481246 0 0.481246
28.8612 0.486244 0 0.486244
29.0632 0.491223 0 0.491223
29.2667 0.496181 0 0.496181
29.4716 0.501119 0 0.501119
29.6779 0.506034 0 0.506034
29.8856 0.510927 0 0.510927
30.0948 0.515798 0 0.515798
30.3055 0.520645 0 0.520645
30.5176 0.525468 0 0.525468
30.7312 0.530267 0 0.530267
30.9463 0.535048 0 0.535048
31.163 0.539796 0 0.539796
31.3811 0.544518 0 0.544518
31.6008 0.549214 0 0.549214
31.822 0.553884 0 0.553884
32.0447 0.558526 0 0.558526
32.269 0.563141 0 0.563141
32.4949 0.567728 0 0.567728
32.7224 0.572286 0 0.572286
32.9515 0.576816 0 0.576816
33.1821 0.581317 0 0.581317
33.4144 0.585789 0 0.585789
33.6483 0.590232 0 0.590232
33.8838 0.594644 0 0.594644
34.121 0.599027 0 0.599027
34.3599 0.603379 0 0.603379
34.6004 0.607701 0 0.607701
34.8426 0.611998 0 0.611998
35.0865 0.616258 0 0.616258
35.3321 0.620486 0 0.620486
35.5794 0.624684 0 0.624684
35.8285 0.628849 0 0.628849
36.0793 0.632983 0 0.632983
36.3318 0.637086 0 0.637086
36.5861 0.641156 0 0.641156
36.8422 0.645194 0 0.645194
37.1001 0.6492 0 0.6492
37.3598 0.653174 0 0.653174
37.6214 0.657116 0 0.657116
37.8847 0.661025 0 0.661025
38.1499 0.664902 0 0.664902
38.417 0.668746 0 0.668746
38.6859 0.672558 0 0.672558
38.9567 0.676342 0 0.676342
39.2294 0.680088 0 0.680088
39.504 0.683802 0 0.683802
39.7805 0.687483 0 0.687483
40.059 0.691131 0 0.691131
40.3394 0.694747 0 0.694747
40.6218 0.69833 0 0.69833
40.9061 0.701881 0 0.701881
41.1925 0.705399 0 0.705399
41.4808 0.708885 0 0.708885
41.7712 0.712338 0 0.712338
42.0636 0.715759 0 0.715759
42.358 0.719148 0 0.719148
42.6545 0.722505 0 0.722505
42.9531 0.725829 0 0.725829
43.2538 0.729122 0 0.729122
43.5565 0.732383 0 0.732383
43.8614 0.735616 0 0.735616
44.1685 0.738813 0 0.738813
44.4776 0.741979 0 0.741979
44.789 0.745113 0 0.745113
45.1025 0.748215 0 0.748215
45.4182 0.751287 0 0.751287
45.7362 0.754327 0 0.754327
46.0563 0.757337 0 0.757337
46.3787 0.760316 0 0.760316
46.7034 0.763264 0 0.763264
47.0303 0.766182 0 0.766182
47.3595 0.769069 0 0.769069
47.691 0.771926 0 0.771926
48.0248 0.774754 0 0.774754
48.361 0.777551 0 0.777551
48.6995 0.780319 0 0.780319
49.0404 0.783062 0 0.783062
49.3837 0.785771 0 0.785771
49.7294 0.788451 0 0.788451
50.0775 0.791102 0 0.791102
50.4281 0.793724 0 0.793724
50.7811 0.796318 0 0.796318
51.1365 0.798883 0 0.798883
51.4945 0.80142 0 0.80142
51.8549 0.80393 0 0.80393
52.2179 0.806411 0 0.806411
52.5835 0.808865 0 0.808865
52.9515 0.811292 0 0.811292
53.3222 0.813692 0 0.813692
53.6955 0.816064 0 0.816064
54.0713 0.81841 0 0.81841
54.4498 0.82073 0 0.82073
54.831 0.823023 0 0.823023
55.2148 0.825293 0 0.825293
55.6013 0.827533 0 0.827533
55.9905 0.829749 0 0.829749
56.3824 0.831938 0 0.831938
56.7771 0.834103 0 0.834103
57.1746 0.836242 0 0.836242
57.5748 0.838356 0 0.838356
57.9778 0.840446 0 0.840446
58.3836 0.842512 0 0.842512
58.7923 0.844553 0 0.844553
59.2039 0.84657 0 0.84657
59.6183 0.848564 0 0.848564
60.0356 0.850534 0 0.850534
60.4559 0.85248 0 0.85248
60.8791 0.854404 0 0.854404
61.3052 0.856304 0 0.856304
61.7344 0.858185 0 0.858185
62.1665 0.86004 0 0.86004
62.6017 0.861873 0 0.861873
63.0399 0.863684 0 0.863684
63.4812 0.865473 0 0.865473
63.9255 0.86724 0 0.86724
64.373 0.868986 0 0.868986
64.8236 0.870711 0 0.870711
65.2774 0.872415 0 0.872415
65.7343 0.874098 0 0.874098
66.1945 0.87576 0 0.87576
66.6578 0.877402 0 0.877402
67.1244 0.879024 0 0.879024
67.5943 0.880626 0 0.880626
68.0675 0.882208 0 0.882208
68.5439 0.88377 0 0.88377
69.0237 0.885314 0 0.885314
69.5069 0.88684 0 0.88684
69.9935 0.888345 0 0.888345
70.4834 0.889831 0 0.889831
70.9768 0.891299 0 0.891299
71.4736 0.892748 0 0.892748
71.9739 0.894179 0 0.894179
72.4778 0.895592 0 0.895592
72.9851 0.896988 0 0.896988
73.496 0.898365 0 0.898365
74.0105 0.899726 0 0.899726
74.5285 0.901069 0 0.901069
75.0502 0.902395 0 0.902395
75.5756 0.903705 0 0.903705
76.1046 0.904998 0 0.904998
76.6374 0.906274 0 0.906274
77.1738 0.907534 0 0.907534
77.714 0.90878 0 0.90878
78.258 0.910008 0 0.910008
78.8058 0.91122 0 0.91122
79.3575 0.912417 0 0.912417
79.913 0.913598 0 0.913598
80.4724 0.914765 0 0.914765
81.0357 0.915916 0 0.915916
81.6029 0.917052 0 0.917052
82.1742 0.918174 0 0.918174
82.7494 0.919281 0 0.919281
83.3286 0.920374 0 0.920374
83.9119 0.921453 0 0.921453
84.4993 0.922518 0 0.922518
85.0908 0.923569 0 0.923569
85.6864 0.924606 0 0.924606
86.2862 0.92563 0 0.92563
86.8902 0.92664 0 0.92664
87.4985 0.927639 0 0.927639
88.111 0.928623 0 0.928623
88.7277 0.929594 0 0.929594
89.3488 0.930553 0 0.930553
89.9743 0.931499 0 0.931499
90.6041 0.932432 0 0.932432
91.2383 0.933353 0 0.933353
91.877 0.934263 0 0.934263
92.5201 0.93516 0 0.93516
93.1678 0.936045 0 0.936045
93.8199 0.936919 0 0.936919
94.4767 0.937781 0 0.937781
95.138 0.938632 0 0.938632
95.804 0.939471 0 0.939471
96.4746 0.9403 0 0.9403
97.1499 0.941117 0 0.941117
97.83 0.941925 0 0.941925
98.5148 0.942721 0 0.942721
99.2044 0.943506 0 0.943506
99.8988 0.944281 0 0.944281
100.598 0.945045 0 0.945045
101.302 0.945799 0 0.945799
102.011 0.946544 0 0.946544
102.726 0.947278 0 0.947278
103.445 0.948002 0 0.948002
104.169 0.948717 0 0.948717
104.898 0.949422 0 0.949422
105.632 0.950118 0 0.950118
106.372 0.950805 0 0.950805
107.116 0.951482 0 0.951482
107.866 0.95215 0 0.95215
108.621 0.952809 0 0.952809
109.381 0.95346 0 0.95346
110.147 0.954102 0 0.954102
110.918 0.954735 0 0.954735
111.695 0.95536 0 0.95536
112.476 0.955976 0 0.955976
113.264 0.956583 0 0.956583
114.057 0.957183 0 0.957183
114.855 0.957774 0 0.957774
115.659 0.958357 0 0.958357
116.469 0.958933 0 0.958933
117.284 0.959501 0 0.959501
118.105 0.960061 0 0.960061
118.932 0.960613 0 0.960613
119.764 0.961158 0 0.961158
120.602 0.961696 0 0.961696
121.447 0.962226 0 0.962226
122.297 0.962749 0 0.962749
123.153 0.963266 0 0.963266
124.015 0.963775 0 0.963775
124.883 0.964277 0 0.964277
125.757 0.964772 0 0.964772
126.638 0.96526 0 0.96526
127.524 0.965742 0 0.965742
128.417 0.966217 0 0.966217
129.316 0.966686 0 0.966686
130.221 0.967148 0 0.967148
131.132 0.967604 0 0.967604
132.05 0.968054 0 0.968054
132.975 0.968498 0 0.968498
133.905 0.968936 0 0.968936
134.843 0.969367 0 0.969367
135.787 0.969793 0 0.969793
136.737 0.970213 0 0.970213
137.694 0.970627 0 0.970627
138.658 0.971036 0 0.971036
139.629 0.971439 0 0.971439
140.606 0.971836 0 0.971836
141.59 0.972228 0 0.972228
142.582 0.972614 0 0.972614
143.58 0.972996 0 0.972996
144.585 0.973372 0 0.973372
145.597 0.973742 0 0.973742
146.616 0.974108 0 0.974108
147.642 0.974469 0 0.974469
148.676 0.974824 0 0.974824
149.717 0.975175 0 0.975175
150.765 0.975521 0 0.975521
151.82 0.975863 0 0.975863
152.883 0.976199 0 0.976199
153.953 0.976531 0 0.976531
155.03 0.976858 0 0.976858
156.116 0.977182 0 0.977182
157.208 0.9775 0 0.9775
158.309 0.977814 0 0.977814
159.417 0.978123 0 0.978123
160.533 0.978429 0 0.978429
161.657 0.97873 0 0.97873
162.788 0.979027 0 0.979027
163.928 0.97932 0 0.97932
165.075 0.979609 0 0.979609
166.231 0.979893 0 0.979893
167.395 0.980174 0 0.980174
168.566 0.980451 0 0.980451
169.746 0.980724 0 0.980724
170.934 0.980994 0 0.980994
172.131 0.981259 0 0.981259
173.336 0.981521 0 0.981521
174.549 0.98178 0 0.98178
175.771 0.982035 0 0.982035
177.002 0.982286 0 0.982286
178.241 0.982534 0 0.982534
179.488 0.982778 0 0.982778
180.745 0.983019 0 0.983019
182.01 0.983257 0 0.983257
183.284 0.983491 0 0.983491
184.567 0.983722 0 0.983722
185.859 0.98395 0 0.98395
187.16 0.984174 0 0.984174
188.47 0.984396 0 0.984396
189.789 0.984614 0 0.984614
191.118 0.98483 0 0.98483
192.456 0.985042 0 0.985042
193.803 0.985252 0 0.985252
195.159 0.985458 0 0.985458
196.526 0.985662 0 0.985662
197.901 0.985863 0 0.985863
199.287 0.986061 0 0.986061
200.682 0.986256 0 0.986256
202.086 0.986449 0 0.986449
203.501 0.986639 0 0.986639
204.925 0.986826 0 0.986826
206.36 0.987011 0 0.987011
207.804 0.987193 0 0.987193
209.259 0.987372 0 0.987372
210.724 0.98755 0 0.98755
212.199 0.987724 0 0.987724
213.684 0.987896 0 0.987896
215.18 0.988066 0 0.988066
216.686 0.988233 0 0.988233
218.203 0.988398 0 0.988398
219.731 0.988561 0 0.988561
221.269 0.988722 0 0.988722
222.818 0.98888 0 0.98888
224.377 0.989036 0 0.989036
225.948 0.98919 0 0.98919
227.53 0.989342 0 0.989342
229.122 0.989491 0 0.989491
230.726 0.989639 0 0.989639
232.341 0.989784 0 0.989784
233.968 0.989927 0 0.989927
235.605 0.990069 0 0.990069
237.255 0.990208 0 0.990208
238.915 0.990346 0 0.990346
240.588 0.990481 0 0.990481
242.272 0.990615 0 0.990615
243.968 0.990747 0 0.990747
245.676 0.990877 0 0.990877
247.395 0.991005 0 0.991005
249.127 0.991131 0 0.991131
250.871 0.991256 0 0.991256
252.627 0.991379 0 0.991379
254.396 0.9915 0 0.9915
256.176 0.991619 0 0.991619
257.97 0.991737 0 0.991737
259.775 0.991853 0 0.991853
261.594 0.991967 0 0.991967
263.425 0.99208 0 0.99208
265.269 0.992192 0 0.992192
267.126 0.992301 0 0.992301
268.996 0.992409 0 0.992409
270.879 0.992516 0 0.992516
272.775 0.992621 0 0.992621
274.684 0.992725 0 0.992725
276.607 0.992827 0 0.992827
278.543 0.992928 0 0.992928
280.493 0.993028 0 0.993028
282.456 0.993126 0 0.993126
284.434 0.993222 0 0.993222
286.425 0.993317 0 0.993317
288.43 0.993411 0 0.993411
290.449 0.993504 0 0.993504
292.482 0.993595 0 0.993595
294.529 0.993685 0 0.993685
296.591 0.993774 0 0.993774
298.667 0.993862 0 0.993862
300.758 0.993948 0 0.993948
302.863 0.994033 0 0.994033
304.983 0.994117 0 0.994117
307.118 0.9942 0 0.9942
309.268 0.994281 0 0.994281
311.433 0.994362 0 0.994362
313.613 0.994441 0 0.994441
315.808 0.994519 0 0.994519
318.019 0.994597 0 0.994597
320.245 0.994673 0 0.994673
322.486 0.994747 0 0.994747
324.744 0.994821 0 0.994821
327.017 0.994894 0 0.994894
329.306 0.994966 0 0.994966
331.611 0.995037 0 0.995037
333.933 0.995107 0 0.995107
336.27 0.995176 0 0.995176
338.624 0.995243 0 0.995243
340.994 0.99531 0 0.99531
343.381 0.995376 0 0.995376
345.785 0.995441 0 0.995441
348.206 0.995506 0 0.995506
350.643 0.995569 0 0.995569
353.097 0.995631 0 0.995631
355.569 0.995693 0 0.995693
358.058 0.995753 0 0.995753
360.565 0.995813 0 0.995813
363.088 0.995872 0 0.995872
365.63 0.99593 0 0.99593
368.19 0.995987 0 0.995987
370.767 0.996044 0 0.996044
373.362 0.9961 0 0.9961
375.976 0.996154 0 0.996154
378.608 0.996209 0 0.996209
381.258 0.996262 0 0.996262
383.927 0.996315 0 0.996315
386.614 0.996366 0 0.996366
389.32 0.996418 0 0.996418
392.046 0.996468 0 0.996468
394.79 0.996518 0 0.996518
397.553 0.996567 0 0.996567
400.336 0.996615 0 0.996615
403.139 0.996663 0 0.996663
405.961 0.99671 0 0.99671
408.802 0.996756 0 0.996756
411.664 0.996802 0 0.996802
414.546 0.996847 0 0.996847
417.448 0.996891 0 0.996891
420.37 0.996935 0 0.996935
423.312 0.996978 0 0.996978
426.275 0.997021 0 0.997021
429.259 0.997063 0 0.997063
432.264 0.997104 0 0.997104
435.29 0.997145 0 0.997145
438.337 0.997185 0 0.997185
441.405 0.997225 0 0.997225
444.495 0.997264 0 0.997264
447.607 0.997302 0 0.997302
450.74 0.99734 0 0.99734
453.895 0.997378 0 0.997378
457.072 0.997415 0 0.997415
460.272 0.997451 0 0.997451
463.494 0.997487 0 0.997487
466.738 0.997522 0 0.997522
470.005 0.997557 0 0.997557
473.295 0.997592 0 0.997592
476.609 0.997626 0 0.997626
479.945 0.997659 0 0.997659
483.304 0.997692 0 0.997692
486.688 0.997725 0 0.997725
490.094 0.997757 0 0.997757
493.525 0.997788 0 0.997788
496.98 0.997819 0 0.997819
500.459 0.99785 0 0.99785
503.962 0.99788 0 0.99788
507.489 0.99791 0 0.99791
511.042 0.99794 0 0.99794
514.619 0.997969 0 0.997969
518.222 0.997997 0 0.997997
521.849 0.998026 0 0.998026
525.502 0.998053 0 0.998053
529.181 0.998081 0 0.998081
532.885 0.998108 0 0.998108
536.615 0.998134 0 0.998134
540.371 0.998161 0 0.998161
544.154 0.998187 0 0.998187
547.963 0.998212 0 0.998212
551.799 0.998237 0 0.998237
555.661 0.998262 0 0.998262
559.551 0.998287 0 0.998287
563.468 0.998311 0 0.998311
567.412 0.998335 0 0.998335
571.384 0.998358 0 0.998358
575.384 0.998381 0 0.998381
579.411 0.998404 0 0.998404
583.467 0.998427 0 0.998427
587.551 0.998449 0 0.998449
591.664 0.998471 0 0.998471
595.806 0.998492 0 0.998492
599.977 0.998513 0 0.998513
604.176 0.998534 0 0.998534
608.406 0.998555 0 0.998555
612.665 0.998575 0 0.998575
616.953 0.998595 0 0.998595
621.272 0.998615 0 0.998615
625.621 0.998635 0 0.998635
630 0.998654 0 0.998654
634.41 0.998673 0 0.998673
638.851 0.998692 0 0.998692
643.323 0.99871 0 0.99871
647.826 0.998728 0 0.998728
652.361 0.998746 0 0.998746
656.928 0.998764 0 0.998764
661.526 0.998781 0 0.998781
666.157 0.998798 0 0.998798
670.82 0.998815 0 0.998815
675.516 0.998832 0 0.998832
680.244 0.998848 0 0.998848
685.006 0.998865 0 0.998865
689.801 0.998881 0 0.998881
694.629 0.998896 0 0.998896
699.492 0.998912 0 0.998912
704.388 0.998927 0 0.998927
709.319 0.998942 0 0.998942
714.284 0.998957 0 0.998957
719.284 0.998972 0 0.998972
724.319 0.998987 0 0.998987
729.39 0.999001 0 0.999001
734.495 0.999015 0 0.999015
739.637 0.999029 0 0.999029
744.814 0.999042 0 0.999042
750.028 0.999056 0 0.999056
755.278 0.999069 0 0.999069
760.565 0.999082 0 0.999082
765.889 0.999095 0 0.999095
771.25 0.999108 0 0.999108
776.649 0.999121 0 0.999121
782.085 0.999133 0 0.999133
787.56 0.999145 0 0.999145
793.073 0.999157 0 0.999157
798.625 0.999169 0 0.999169
804.215 0.999181 0 0.999181
809.844 0.999192 0 0.999192
815.513 0.999204 0 0.999204
821.222 0.999215 0 0.999215
826.97 0.999226 0 0.999226
832.759 0.999237 0 0.999237
838.589 0.999248 0 0.999248
844.459 0.999258 0 0.999258
850.37 0.999269 0 0.999269
856.322 0.999279 0 0.999279
862.317 0.999289 0 0.999289
868.353 0.999299 0 0.999299
874.431 0.999309 0 0.999309
880.552 0.999319 0 0.999319
886.716 0.999328 0 0.999328
892.923 0.999338 0 0.999338
899.174 0.999347 0 0.999347
905.468 0.999356 0 0.999356
911.806 0.999366 0 0.999366
918.189 0.999374 0 0.999374
924.616 0.999383 0 0.999383
931.089 0.999392 0 0.999392
937.606 0.999401 0 0.999401
944.169 0.999409 0 0.999409
950.779 0.999417 0 0.999417
957.434 0.999426 0 0.999426
964.136 0.999434 0 0.999434
970.885 0.999442 0 0.999442
977.681 0.999449 0 0.999449
984.525 0.999457 0 0.999457
991.417 0.999465 0 0.999465
998.357 0.999472 0 0.999472
1005.35 0.99948 0 0.99948
1012.38 0.999487 0 0.999487
1019.47 0.999494 0 0.999494
1026.61 0.999502 0 0.999502
1033.79 0.999509 0 0.999509
1041.03 0.999515 0 0.999515
1048.32 0.999522 0 0.999522
1055.65 0.999529 0 0.999529
1063.04 0.999536 0 0.999536
1070.48 0.999542 0 0.999542
1077.98 0.999549 0 0.999549
1085.52 0.999555 0 0.999555
1093.12 0.999561 0 0.999561
1100.77 0.999567 0 0.999567
1108.48 0.999574 0 0.999574
1116.24 0.99958 0 0.99958
1124.05 0.999586 0 0.999586
1131.92 0.999591 0 0.999591
1139.84 0.999597 0 0.999597
1147.82 0.999603 0 0.999603
1155.86 0.999608 0 0.999608
1163.95 0.999614 0 0.999614
1172.1 0.999619 0 0.999619
1180.3 0.999625 0 0.999625
1188.56 0.99963 0 0.99963
1196.88 0.999635 0 0.999635
1205.26 0.99964 0 0.99964
1213.7 0.999645 0 0.999645
1222.19 0.99965 0 0.99965
1230.75 0.999655 0 0.999655
1239.37 0.99966 0 0.99966
1248.04 0.999665 0 0.999665
1256.78 0.99967 0 0.99967
1265.57 0.999674 0 0.999674
1274.43 0.999679 0 0.999679
1283.35 0.999683 0 0.999683
1292.34 0.999688 0 0.999688
1301.38 0.999692 0 0.999692
1310.49 0.999697 0 0.999697
1319.67 0.999701 0 0.999701
1328.91 0.999705 0 0.999705
1338.21 0.999709 0 0.999709
1347.57 0.999713 0 0.999713
1357.01 0.999717 0 0.999717
1366.51 0.999721 0 0.999721
1376.07 0.999725 0 0.999725
1385.71 0.999729 0 0.999729
1395.41 0.999733 0 0.999733
1405.17 0.999737 0 0.999737
1415.01 0.999741 0 0.999741
1424.91 0.999744 0 0.999744
1434.89 0.999748 0 0.999748
1444.93 0.999751 0 0.999751
1455.05 0.999755 0 0.999755
1465.23 0.999758 0 0.999758
1475.49 0.999762 0 0.999762
1485.82 0.999765 0 0.999765
1496.22 0.999768 0 0.999768
1506.69 0.999772 0 0.999772
1517.24 0.999775 0 0.999775
1527.86 0.999778 0 0.999778
1538.55 0.999781 0 0.999781
1549.32 0.999784 0 0.999784
1560.17 0.999787 0 0.999787
1571.09 0.99979 0 0.99979
1582.09 0.999793 0 0.999793
1593.16 0.999796 0 0.999796
1604.32 0.999799 0 0.999799
1615.55 0.999802 0 0.999802
1626.85 0.999805 0 0.999805
1638.24 0.999807 0 0.999807
1649.71 0.99981 0 0.99981
1661.26 0.999813 0 0.999813
1672.89 0.999815 0 0.999815
1684.6 0.999818 0 0.999818
1696.39 0.999821 0 0.999821
1708.26 0.999823 0 0.999823
1720.22 0.999826 0 0.999826
1732.26 0.999828 0 0.999828
1744.39 0.99983 0 0.99983
1756.6 0.999833 0 0.999833
1768.9 0.999835 0 0.999835
1781.28 0.999838 0 0.999838
1793.75 0.99984 0 0.99984
1806.3 0.999842 0 0.999842
1818.95 0.999844 0 0.999844
1831.68 0.999847 0 0.999847
1844.5 0.999849 0 0.999849
1857.41 0.999851 0 0.999851
1870.42 0.999853 0 0.999853
1883.51 0.999855 0 0.999855
1896.69 0.999857 0 0.999857
1909.97 0.999859 0 0.999859
1923.34 0.999861 0 0.999861
1936.8 0.999863 0 0.999863
1950.36 0.999865 0 0.999865
1964.01 0.999867 0 0.999867
1977.76 0.999869 0 0.999869
1991.61 0.999871 0 0.999871
2005.55 0.999872 0 0.999872
2019.59 0.999874 0 0.999874
2033.72 0.999876 0 0.999876
2047.96 0.999878 0 0.999878
2062.29 0.999879 0 0.999879
2076.73 0.999881 0 0.999881
2091.27 0.999883 0 0.999883
2105.91 0.999884 0 0.999884
2120.65 0.999886 0 0.999886
2135.49 0.999888 0 0.999888
2150.44 0.999889 0 0.999889
2165.49 0.999891 0 0.999891
2180.65 0.999892 0 0.999892
2195.92 0.999894 0 0.999894
2211.29 0.999895 0 0.999895
2226.77 0.999897 0 0.999897
2242.35 0.999898 0 0.999898
2258.05 0.9999 0 0.9999
2273.86 0.999901 0 0.999901
2289.77 0.999903 0 0.999903
2305.8 0.999904 0 0.999904
2321.94 0.999905 0 0.999905
2338.2 0.999907 0 0.999907
2354.56 0.999908 0 0.999908
2371.05 0.999909 0 0.999909
2387.64 0.99991 0 0.99991
2404.36 0.999912 0 0.999912
2421.19 0.999913 0 0.999913
2438.14 0.999914 0 0.999914
2455.2 0.999915 0 0.999915
2472.39 0.999917 0 0.999917
2489.7 0.999918 0 0.999918
2507.12 0.999919 0 0.999919
2524.67 0.99992 0 0.99992
2542.35 0.999921 0 0.999921
2560.14 0.999922 0 0.999922
2578.06 0.999923 0 0.999923
2596.11 0.999924 0 0.999924
2614.28 0.999926 0 0.999926
2632.58 0.999927 0 0.999927
2651.01 0.999928 0 0.999928
2669.57 0.999929 0 0.999929
2688.26 0.99993 0 0.99993
2707.07 0.999931 0 0.999931
2726.02 0.999932 0 0.999932
2745.1 0.999933 0 0.999933
2764.32 0.999934 0 0.999934
2783.67 0.999934 0 0.999934
2803.16 0.999935 0 0.999935
2822.78 0.999936 0 0.999936
2842.54 0.999937 0 0.999937
2862.44 0.999938 0 0.999938
2882.47 0.999939 0 0.999939
2902.65 0.99994 0 0.99994
2922.97 0.999941 0 0.999941
2943.43 0.999942 0 0.999942
2964.03 0.999942 0 0.999942
2984.78 0.999943 0 0.999943
3005.68 0.999944 0 0.999944
3026.71 0.999945 0 0.999945
3047.9 0.999946 0 0.999946
3069.24 0.999946 0 0.999946
3090.72 0.999947 0 0.999947
3112.36 0.999948 0 0.999948
3134.14 0.999949 0 0.999949
3156.08 0.999949 0 0.999949
3178.17 0.99995 0 0.99995
3200.42 0.999951 0 0.999951
3222.83 0.999951 0 0.999951
3245.38 0.999952 0 0.999952
3268.1 0.999953 0 0.999953
3290.98 0.999953 0 0.999953
3314.02 0.999954 0 0.999954
3337.21 0.999955 0 0.999955
3360.57 0.999955 0 0.999955
3384.1 0.999956 0 0.999956
3407.79 0.999957 0 0.999957
3431.64 0.999957 0 0.999957
3455.66 0.999958 0 0.999958
3479.85 0.999958 0 0.999958
3504.21 0.999959 0 0.999959
3528.74 0.99996 0 0.99996
3553.44 0.99996 0 0.99996
3578.32 0.999961 0 0.999961
3603.37 0.999961 0 0.999961
3628.59 0.999962 0 0.999962
3653.99 0.999962 0 0.999962
3679.57 0.999963 0 0.999963
3705.32 0.999963 0 0.999963
3731.26 0.999964 0 0.999964
3757.38 0.999964 0 0.999964
3783.68 0.999965 0 0.999965
3810.17 0.999965 0 0.999965
3836.84 0.999966 0 0.999966
3863.7 0.999966 0 0.999966
3890.74 0.999967 0 0.999967
3917.98 0.999967 0 0.999967
3945.4 0.999968 0 0.999968
3973.02 0.999968 0 0.999968
4000.83 0.999969 0 0.999969
4028.84 0.999969 0 0.999969
4057.04 0.99997 0 0.99997
4085.44 0.99997 0 0.99997
4114.04 0.99997 0 0.99997
4142.84 0.999971 0 0.999971
4171.84 0.999971 0 0.999971
4201.04 0.999972 0 0.999972
4230.45 0.999972 0 0.999972
4260.06 0.999972 0 0.999972
4289.88 0.999973 0 0.999973
4319.91 0.999973 0 0.999973
4350.15 0.999974 0 0.999974
4380.6 0.999974 0 0.999974
4411.26 0.999974 0 0.999974
4442.14 0.999975 0 0.999975
4473.24 0.999975 0 0.999975
4504.55 0.999975 0 0.999975
4536.08 0.999976 0 0.999976
4567.83 0.999976 0 0.999976
4599.81 0.999976 0 0.999976
4632.01 0.999977 0 0.999977
4664.43 0.999977 0 0.999977
4697.08 0.999977 0 0.999977
4729.96 0.999978 0 0.999978
4763.07 0.999978 0 0.999978
4796.41 0.999978 0 0.999978
4829.99 0.999979 0 0.999979
4863.8 0.999979 0 0.999979
4897.84 0.999979 0 0.999979
4932.13 0.99998 0 0.99998
4966.65 0.99998 0 0.99998
5001.42 0.99998 0 0.99998
5036.43 0.99998 0 0.99998
5071.69 0.999981 0 0.999981
5107.19 0.999981 0 0.999981
5142.94 0.999981 0 0.999981
5178.94 0.999981 0 0.999981
5215.19 0.999982 0 0.999982
5251.7 0.999982 0 0.999982
5288.46 0.999982 0 0.999982
5325.48 0.999982 0 0.999982
5362.76 0.999983 0 0.999983
5400.3 0.999983 0 0.999983
5438.1 0.999983 0 0.999983
5476.16 0.999983 0 0.999983
5514.5 0.999984 0 0.999984
5553.1 0.999984 0 0.999984
5591.97 0.999984 0 0.999984
5631.11 0.999984 0 0.999984
5670.53 0.999985 0 0.999985
5710.23 0.999985 0 0.999985
5750.2 0.999985 0 0.999985
5790.45 0.999985 0 0.999985
5830.98 0.999985 0 0.999985
5871.8 0.999986 0 0.999986
5912.9 0.999986 0 0.999986
5954.29 0.999986 0 0.999986
5995.97 0.999986 0 0.999986
6037.94 0.999986 0 0.999986
6080.21 0.999987 0 0.999987
6122.77 0.999987 0 0.999987
6165.63 0.999987 0 0.999987
6208.79 0.999987 0 0.999987
6252.25 0.999987 0 0.999987
6296.02 0.999988 0 0.999988
6340.09 0.999988 0 0.999988
6384.47 0.999988 0 0.999988
6429.16 0.999988 0 0.999988
6474.17 0.999988 0 0.999988
6519.48 0.999988 0 0.999988
6565.12 0.999989 0 0.999989
6611.08 0.999989 0 0.999989
6657.35 0.999989 0 0.999989
6703.96 0.999989 0 0.999989
6750.88 0.999989 0 0.999989
6798.14 0.999989 0 0.999989
6845.73 0.999989 0 0.999989
6893.65 0.99999 0 0.99999
6941.9 0.99999 0 0.99999
6990.5 0.99999 0 0.99999
7039.43 0.99999 0 0.99999
7088.71 0.99999 0 0.99999
7138.33 0.99999 0 0.99999
7188.29 0.99999 0 0.99999
7238.61 0.999991 0 0.999991
7289.28 0.999991 0 0.999991
7340.31 0.999991 0 0.999991
7391.69 0.999991 0 0.999991
7443.43 0.999991 0 0.999991
7495.54 0.999991 0 0.999991
7548 0.999991 0 0.999991
7600.84 0.999992 0 0.999992
7654.05 0.999992 0 0.999992
7707.62 0.999992 0 0.999992
7761.58 0.999992 0 0.999992
7815.91 0.999992 0 0.999992
7870.62 0.999992 0 0.999992
7925.71 0.999992 0 0.999992
7981.19 0.999992 0 0.999992
8037.06 0.999992 0 0.999992
8093.32 0.999993 0 0.999993
8149.98 0.999993 0 0.999993
8207.03 0.999993 0 0.999993
8264.47 0.999993 0 0.999993
8322.33 0.999993 0 0.999993
8380.58 0.999993 0 0.999993
8439.25 0.999993 0 0.999993
8498.32 0.999993 0 0.999993
8557.81 0.999993 0 0.999993
8617.71 0.999993 0 0.999993
8678.04 0.999994 0 0.999994
8738.78 0.999994 0 0.999994
8799.96 0.999994 0 0.999994
8861.56 0.999994 0 0.999994
8923.59 0.999994 0 0.999994
8986.05 0.999994 0 0.999994
9048.95 0.999994 0 0.999994
9112.3 0.999994 0 0.999994
9176.08 0.999994 0 0.999994
9240.32 0.999994 0 0.999994
9305 0.999994 0 0.999994
9370.13 0.999994 0 0.999994
9435.72 0.999995 0 0.999995
9501.77 0.999995 0 0.999995
9568.29 0.999995 0 0.999995
9635.26 0.999995 0 0.999995
9702.71 0.999995 0 0.999995
9770.63 0.999995 0 0.999995
9839.02 0.999995 0 0.999995
9907.9 0.999995 0 0.999995
9977.25 0.999995 0 0.999995
10047.1 0.999995 0 0.999995
10117.4 0.999995 0 0.999995
10188.2 0.999995 0 0.999995
10259.6 0.999995 0 0.999995
10331.4 0.999995 0 0.999995
10403.7 0.999996 0 0.999996
10476.5 0.999996 0 0.999996
10549.9 0.999996 0 0.999996
10623.7 0.999996 0 0.999996
10698.1 0.999996 0 0.999996
10773 0.999996 0 0.999996
10848.4 0.999996 0 0.999996
10924.3 0.999996 0 0.999996
11000.8 0.999996 0 0.999996
11077.8 0.999996 0 0.999996
11155.3 0.999996 0 0.999996
11233.4 0.999996 0 0.999996
11312.1 0.999996 0 0.999996
11391.2 0.999996 0 0.999996
11471 0.999996 0 0.999996
11551.3 0.999996 0 0.999996
11632.1 0.999996 0 0.999996
11713.6 0.999996 0 0.999996
11795.6 0.999997 0 0.999997
11878.1 0.999997 0 0.999997
11961.3 0.999997 0 0.999997
12045 0.999997 0 0.999997
12129.3 0.999997 0 0.999997
12214.2 0.999997 0 0.999997
12299.7 0.999997 0 0.999997
12385.8 0.999997 0 0.999997
12472.5 0.999997 0 0.999997
12559.8 0.999997 0 0.999997
12647.7 0.999997 0 0.999997
12736.3 0.999997 0 0.999997
12825.4 0.999997 0 0.999997
12915.2 0.999997 0 0.999997
13005.6 0.999997 0 0.999997
13096.7 0.999997 0 0.999997
13188.3 0.999997 0 0.999997
13280.6 0.999997 0 0.999997
13373.6 0.999997 0 0.999997
13467.2 0.999997 0 0.999997
13561.5 0.999997 0 0.999997
13656.4 0.999997 0 0.999997
13752 0.999997 0 0.999997
13848.3 0.999997 0 0.999997
13945.2 0.999998 0 0.999998
14042.8 0.999998 0 0.999998
14141.1 0.999998 0 0.999998
14240.1 0.999998 0 0.999998
14339.8 0.999998 0 0.999998
14440.2 0.999998 0 0.999998
14541.3 0.999998 0 0.999998
14643.1 0.999998 0 0.999998
14745.6 0.999998 0 0.999998
14848.8 0.999998 0 0.999998
14952.7 0.999998 0 0.999998
15057.4 0.999998 0 0.999998
15162.8 0.999998 0 0.999998
15268.9 0.999998 0 0.999998
15375.8 0.999998 0 0.999998
15483.4 0.999998 0 0.999998
15591.8 0.999998 0 0.999998
15701 0.999998 0 0.999998
15810.9 0.999998 0 0.999998
15921.6 0.999998 0 0.999998
16033 0.999998 0 0.999998
16145.2 0.999998 0 0.999998
16258.3 0.999998 0 0.999998
16372.1 0.999998 0 0.999998
16486.7 0.999998 0 0.999998
16602.1 0.999998 0 0.999998
16718.3 0.999998 0 0.999998
16835.3 0.999998 0 0.999998
16953.2 0.999998 0 0.999998
17071.8 0.999998 0 0.999998
17191.3 0.999998 0 0.999998
17311.7 0.999998 0 0.999998
17432.9 0.999998 0 0.999998
17554.9 0.999998 0 0.999998
17677.8 0.999998 0 0.999998
17801.5 0.999998 0 0.999998
17926.1 0.999999 0 0.999999
18051.6 0.999999 0 0.999999
18178 0.999999 0 0.999999
18305.2 0.999999 0 0.999999
18433.4 0.999999 0 0.999999
18562.4 0.999999 0 0.999999
18692.3 0.999999 0 0.999999
18823.2 0.999999 0 0.999999
18954.9 0.999999 0 0.999999
19087.6 0.999999 0 0.999999
19221.2 0.999999 0 0.999999
19355.8 0.999999 0 0.999999
19491.3 0.999999 0 0.999999
19627.7 0.999999 0 0.999999
19765.1 0.999999 0 0.999999
19903.5 0.999999 0 0.999999
20042.8 0.999999 0 0.999999
20183.1 0.999999 0 0.999999
20324.4 0.999999 0 0.999999
20466.6 0.999999 0 0.999999
20609.9 0.999999 0 0.999999
20754.2 0.999999 0 0.999999
20899.4 0.999999 0 0.999999
21045.7 0.999999 0 0.999999
21193.1 0.999999 0 0.999999
21341.4 0.999999 0 0.999999
21490.8 0.999999 0 0.999999
21641.2 0.999999 0 0.999999
21792.7 0.999999 0 0.999999
21945.3 0.999999 0 0.999999
22098.9 0.999999 0 0.999999
22253.6 0.999999 0 0.999999
22409.4 0.999999 0 0.999999
22566.2 0.999999 0 0.999999
22724.2 0.999999 0 0.999999
22883.3 0.999999 0 0.999999
23043.4 0.999999 0 0.999999
23204.8 0.999999 0 0.999999
23367.2 0.999999 0 0.999999
23530.8 0.999999 0 0.999999
23695.5 0.999999 0 0.999999
23861.3 0.999999 0 0.999999
24028.4 0.999999 0 0.999999
24196.6 0.999999 0 0.999999
24365.9 0.999999 0 0.999999
24536.5 0.999999 0 0.999999
24708.3 0.999999 0 0.999999
24881.2 0.999999 0 0.999999
25055.4 0.999999 0 0.999999
25230.8 0.999999 0 0.999999
25407.4 0.999999 0 0.999999
25585.2 0.999999 0 0.999999
25764.3 0.999999 0 0.999999
25944.7 0.999999 0 0.999999
26126.3 0.999999 0 0.999999
26309.2 0.999999 0 0.999999
26493.3 0.999999 0 0.999999
26678.8 0.999999 0 0.999999
26865.6 0.999999 0 0.999999
27053.6 0.999999 0 0.999999
27243 0.999999 0 0.999999
27433.7 0.999999 0 0.999999
27625.7 0.999999 0 0.999999
27819.1 0.999999 0 0.999999
28013.8 0.999999 0 0.999999
28209.9 0.999999 0 0.999999
28407.4 0.999999 0 0.999999
28606.3 0.999999 0 0.999999
28806.5 0.999999 0 0.999999
29008.1 0.999999 0 0.999999
29211.2 0.999999 0 0.999999
29415.7 0.999999 0 0.999999
29621.6 0.999999 0 0.999999
29828.9 0.999999 0 0.999999
30037.7 0.999999 0 0.999999
30248 0.999999 0 0.999999
30459.7 0.999999 0 0.999999
30673 1 0 1
30887.7 1 0 1
31103.9 1 0 1
31321.6 1 0 1
31540.9 1 0 1
31761.7 1 0 1
31984 1 0 1
32207.9 1 0 1
32433.3 1 0 1
32660.4 1 0 1
32889 1 0 1
33119.2 1 0 1
33351 1 0 1
33584.5 1 0 1
33819.6 1 0 1
34056.3 1 0 1
34294.7 1 0 1
34534.8 1 0 1
34776.5 1 0 1
35020 1 0 1
35265.1 1 0 1
35512 1 0 1
35760.5 1 0 1
36010.9 1 0 1
36262.9 1 0 1
36516.8 1 0 1
36772.4 1 0 1
37029.8 1 0 1
37289 1 0 1
37550 1 0 1
37812.9 1 0 1
38077.6 1 0 1
38344.1 1 0 1
38612.5 1 0 1
38882.8 1 0 1
39155 1 0 1
39429.1 1 0 1
39705.1 1 0 1
39983 1 0 1
40262.9 1 0 1
40544.7 1 0 1
40828.6 1 0 1
41114.4 1 0 1
41402.2 1 0 1
41692 1 0 1
41983.8 1 0 1
42277.7 1 0 1
42573.6 1 0 1
42871.7 1 0 1
43171.8 1 0 1
43474 1 0 1
43778.3 1 0 1
44084.7 1 0 1
44393.3 1 0 1
44704.1 1 0 1
45017 1 0 1
45332.1 1 0 1
45649.5 1 0 1
45969 1 0 1
46290.8 1 0 1
46614.8 1 0 1
46941.1 1 0 1
47269.7 1 0 1
47600.6 1 0 1
47933.8 1 0 1
48269.3 1 0 1
48607.2 1 0 1
48947.5 1 0 1
49290.1 1 0 1
49635.1 1 0 1
49982.6 1 0 1
50332.5 1 0 1
50684.8 1 0 1
51039.6 1 0 1
51396.9 1 0 1
51756.6 1 0 1
52118.9 1 0 1
52483.8 1 0 1
52851.1 1 0 1
53221.1 1 0 1
53593.7 1 0 1
53968.8 1 0 1
54346.6 1 0 1
54727 1 0 1
55110.1 1 0 1
55495.9 1 0 1
55884.3 1 0 1
56275.5 1 0 1
56669.5 1 0 1
57066.2 1 0 1
57465.6 1 0 1
57867.9 1 0 1
58273 1 0 1
58680.9 1 0 1
59091.6 1 0 1
59505.3 1 0 1
59921.8 1 0 1
60341.3 1 0 1
60763.6 1 0 1
61189 1 0 1
61617.3 1 0 1
62048.6 1 0 1
62483 1 0 1
62920.4 1 0 1
63360.8 1 0 1
63804.3 1 0 1
64251 1 0 1
64700.7 1 0 1
65153.6 1 0 1
65609.7 1 0 1
66069 1 0 1
66531.4 1 0 1
66997.2 1 0 1
67466.1 1 0 1
67938.4 1 0 1
68414 1 0 1
68892.9 1 0 1
69375.1 1 0 1
69860.8 1 0 1
70349.8 1 0 1
70842.2 1 0 1
71338.1 1 0 1
71837.5 1 0 1
72340.4 1 0 1
72846.7 1 0 1
73356.7 1 0 1
73870.2 1 0 1
74387.2 1 0 1
74908 1 0 1
75432.3 1 0 1
75960.3 1 0 1
76492.1 1 0 1
77027.5 1 0 1
77566.7 1 0 1
78109.7 1 0 1
78656.4 1 0 1
79207 1 0 1
79761.5 1 0 1
80319.8 1 0 1
80882 1 0 1
81448.2 1 0 1
82018.4 1 0 1
82592.5 1 0 1
83170.6 1 0 1
83752.8 1 0 1
84339.1 1 0 1
84929.5 1 0 1
85524 1 0 1
86122.6 1 0 1
86725.5 1 0 1
87332.6 1 0 1
87943.9 1 0 1
88559.5 1 0 1
89179.4 1 0 1
89803.7 1 0 1
90432.3 1 0 1
91065.3 1 0 1
91702.8 1 0 1
92344.7 1 0 1
92991.1 1 0 1
93642.1 1 0 1
94297.6 1 0 1
94957.7 1 0 1
95622.4 1 0 1
96291.7 1 0 1
96965.8 1 0 1
97644.5 1 0 1
98328 1 0 1
99016.3 1 0 1
99709.4 1 0 1
100407 1 0 1
101110 1 0 1
101818 1 0 1
102531 1 0 1
103248 1 0 1
103971 1 0 1
104699 1 0 1
105432 1 0 1
106170 1 0 1
106913 1 0 1
107662 1 0 1
108415 1 0 1
109174 1 0 1
109938 1 0 1
110708 1 0 1
111483 1 0 1
112263 1 0 1
113049 1 0 1
113840 1 0 1
114637 1 0 1
115440 1 0 1
116248 1 0 1
117061 1 0 1
117881 1 0 1
118706 1 0 1
119537 1 0 1
120374 1 0 1
121216 1 0 1
122065 1 0 1
122919 1 0 1
123780 1 0 1
124646 1 0 1
125519 1 0 1
126397 1 0 1
127282 1 0 1
128173 1 0 1
129070 1 0 1
129974 1 0 1
130884 1 0 1
131800 1 0 1
132722 1 0 1
133652 1 0 1
134587 1 0 1
135529 1 0 1
136478 1 0 1
137433 1 0 1
138395 1 0 1
139364 1 0 1
140340 1 0 1
141322 1 0 1
142311 1 0 1
143307 1 0 1
144311 1 0 1
145321 1 0 1
146338 1 0 1
147362 1 0 1
148394 1 0 1
149433 1 0 1
150479 1 0 1
151532 1 0 1
152593 1 0 1
153661 1 0 1
154737 1 0 1
155820 1 0 1
156910 1 0 1
158009 1 0 1
159115 1 0 1
160229 1 0 1
161350 1 0 1
162480 1 0 1
163617 1 0 1
164762 1 0 1
165916 1 0 1
167077 1 0 1
168247 1 0 1
169424 1 0 1
170610 1 0 1
171805 1 0 1
173007 1 0 1
174218 1 0 1
175438 1 0 1
176666 1 0 1
177903 1 0 1
179148 1 0 1
180402 1 0 1
181665 1 0 1
182936 1 0 1
184217 1 0 1
185507 1 0 1
186805 1 0 1
188113 1 0 1
189429 1 0 1
190755 1 0 1
192091 1 0 1
193435 1 0 1
194789 1 0 1
196153 1 0 1
197526 1 0 1
198909 1 0 1
200301 1 0 1
201703 1 0 1
203115 1 0 1
204537 1 0 1
205969 1 0 1
207410 1 0 1
208862 1 0 1
210324 1 0 1
211797 1 0 1
213279 1 0 1
214772 1 0 1
216276 1 0 1
217790 1 0 1
219314 1 0 1
220849 1 0 1
222395 1 0 1
223952 1 0 1
225520 1 0 1
227098 1 0 1
228688 1 0 1
230289 1 0 1
231901 1 0 1
233524 1 0 1
235159 1 0 1
236805 1 0 1
238462 1 0 1
240132 1 0 1
241813 1 0 1
243505 1 0 1
245210 1 0 1
246926 1 0 1
248655 1 0 1
250395 1 0 1
252148 1 0 1
253913 1 0 1
255691 1 0 1
257480 1 0 1
259283 1 0 1
261098 1 0 1
262925 1 0 1
264766 1 0 1
266619 1 0 1
268486 1 0 1
270365 1 0 1
272258 1 0 1
274163 1 0 1
276083 1 0 1
278015 1 0 1
279961 1 0 1
281921 1 0 1
283894 1 0 1
285882 1 0 1
287883 1 0 1
289898 1 0 1
291927 1 0 1
293971 1 0 1
296029 1 0 1
298101 1 0 1
300188 1 0 1
302289 1 0 1
304405 1 0 1
306536 1 0 1
308681 1 0 1
310842 1 0 1
313018 1 0 1
315209 1 0 1
317416 1 0 1
319638 1 0 1
321875 1 0 1
324128 1 0 1
326397 1 0 1
328682 1 0 1
330983 1 0 1
333300 1 0 1
335633 1 0 1
337982 1 0 1
340348 1 0 1
342730 1 0 1
345129 1 0 1
347545 1 0 1
349978 1 0 1
352428 1 0 1
354895 1 0 1
357379 1 0 1
359881 1 0 1
362400 1 0 1
364937 1 0 1
367491 1 0 1
370064 1 0 1
372654 1 0 1
375263 1 0 1
377890 1 0 1
380535 1 0 1
383199 1 0 1
385881 1 0 1
388582 1 0 1
391302 1 0 1
394041 1 0 1
396800 1 0 1
399577 1 0 1
402374 1 0 1
405191 1 0 1
408027 1 0 1
410884 1 0 1
413760 1 0 1
416656 1 0 1
419573 1 0 1
422510 1 0 1
425467 1 0 1
428446 1 0 1
431445 1 0 1
434465 1 0 1
437506 1 0 1
440569 1 0 1
443653 1 0 1
446758 1 0 1
449885 1 0 1
453035 1 0 1
456206 1 0 1
459399 1 0 1
462615 1 0 1
465853 1 0 1
469114 1 0 1
472398 1 0 1
475705 1 0 1
479035 1 0 1
482388 1 0 1
485765 1 0 1
489165 1 0 1
492589 1 0 1
496037 1 0 1
499510 1 0 1
503006 1 0 1
506527 1 0 1
510073 1 0 1
513644 1 0 1
517239 1 0 1
520860 1 0 1
524506 1 0 1
528177 1 0 1
531875 1 0 1
535598 1 0 1
539347 1 0 1
543122 1 0 1
546924 1 0 1
550753 1 0 1
554608 1 0 1
558490 1 0 1
562400 1 0 1
566336 1 0 1
570301 1 0 1
574293 1 0 1
578313 1 0 1
582361 1 0 1
586438 1 0 1
590543 1 0 1
594676 1 0 1
598839 1 0 1
603031 1 0 1
607252 1 0 1
611503 1 0 1
615784 1 0 1
620094 1 0 1
624435 1 0 1
628806 1 0 1
633207 1 0 1
637640 1 0 1
642103 1 0 1
646598 1 0 1
651124 1 0 1
655682 1 0 1
660272 1 0 1
664894 1 0 1
669548 1 0 1
674235 1 0 1
678954 1 0 1
683707 1 0 1
688493 1 0 1
693313 1 0 1
698166 1 0 1
703053 1 0 1
707974 1 0 1
712930 1 0 1
717921 1 0 1
722946 1 0 1
728007 1 0 1
733103 1 0 1
738234 1 0 1
743402 1 0 1
748606 1 0 1
753846 1 0 1
759123 1 0 1
764437 1 0 1
769788 1 0 1
775177 1 0 1
780603 1 0 1
786067 1 0 1
791569 1 0 1
797110 1 0 1
802690 1 0 1
808309 1 0 1
813967 1 0 1
819665 1 0 1
825403 1 0 1
831180 1 0 1
836999 1 0 1
842858 1 0 1
848758 1 0 1
854699 1 0 1
860682 1 0 1
866707 1 0 1
872774 1 0 1
878883 1 0 1
885035 1 0 1
891230 1 0 1
897469 1 0 1
903751 1 0 1
910078 1 0 1
916448 1 0 1
922863 1 0 1
929323 1 0 1
935829 1 0 1
942379 1 0 1
948976 1 0 1
955619 1 0 1
962308 1 0 1
969044 1 0 1
975828 1 0 1
982658 1 0 1
989537 1 0 1
996464 1 0 1
1.00344e+06 1 0 1
1.01046e+06 1 0 1
1.01754e+06 1 0 1
1.02466e+06 1 0 1
1.03183e+06 1 0 1
1.03905e+06 1 0 1
1.04633e+06 1 0 1
1.05365e+06 1 0 1
1.06103e+06 1 0 1
1.06846e+06 1 0 1
1.07593e+06 1 0 1
1.08347e+06 1 0 1
1.09105e+06 1 0 1
1.09869e+06 1 0 1
1.10638e+06 1 0 1
1.11412e+06 1 0 1
1.12192e+06 1 0 1
1.12978e+06 1 0 1
1.13768e+06 1 0 1
1.14565e+06 1 0 1
1.15367e+06 1 0 1
1.16174e+06 1 0 1
1.16987e+06 1 0 1
1.17806e+06 1 0 1
1.18631e+06 1 0 1
1.19461e+06 1 0 1
1.20298e+06 1 0 1
1.2114e+06 1 0 1
1.21988e+06 1 0 1
1.22842e+06 1 0 1
1.23702e+06 1 0 1
1.24567e+06 1 0 1
1.25439e+06 1 0 1
1.26318e+06 1 0 1
1.27202e+06 1 0 1
1.28092e+06 1 0 1
1.28989e+06 1 0 1
1.29892e+06 1 0 1
1.30801e+06 1 0 1
1.31717e+06 1 0 1
1.32639e+06 1 0 1
1.33567e+06 1 0 1
1.34502e+06 1 0 1
1.35444e+06 1 0 1
1.36392e+06 1 0 1
1.37346e+06 1 0 1
1.38308e+06 1 0 1
1.39276e+06 1 0 1
1.40251e+06 1 0 1
1.41233e+06 1 0 1
1.42221e+06 1 0 1
1.43217e+06 1 0 1
1.44219e+06 1 0 1
1.45229e+06 1 0 1
1.46245e+06 1 0 1
1.47269e+06 1 0 1
1.483e+06 1 0 1
1.49338e+06 1 0 1
1.50384e+06 1 0 1
1.51436e+06 1 0 1
1.52496e+06 1 0 1
1.53564e+06 1 0 1
1.54639e+06 1 0 1
1.55721e+06 1 0 1
1.56811e+06 1 0 1
1.57909e+06 1 0 1
1.59014e+06 1 0 1
1.60127e+06 1 0 1
1.61248e+06 1 0 1
1.62377e+06 1 0 1
1.63514e+06 1 0 1
1.64658e+06 1 0 1
1.65811e+06 1 0 1
1.66972e+06 1 0 1
1.6814e+06 1 0 1
1.69317e+06 1 0 1
1.70503e+06 1 0 1
1.71696e+06 1 0 1
1.72898e+06 1 0 1
1.74108e+06 1 0 1
1.75327e+06 1 0 1
1.76554e+06 1 0 1
1.7779e+06 1 0 1
1.79035e+06 1 0 1
1.80288e+06 1 0 1
1.8155e+06 1 0 1
1.82821e+06 1 0 1
1.841e+06 1 0 1
1.85389e+06 1 0 1
1.86687e+06 1 0 1
1.87994e+06 1 0 1
1.8931e+06 1 0 1
1.90635e+06 1 0 1
1.91969e+06 1 0 1
1.93313e+06 1 0 1
1.94666e+06 1 0 1
1.96029e+06 1 0 1
1.97401e+06 1 0 1
1.98783e+06 1 0 1
2.00174e+06 1 0 1
2.01576e+06 1 0 1
2.02987e+06 1 0 1
2.04408e+06 1 0 1
2.05838e+06 1 0 1
2.07279e+06 1 0 1
2.0873e+06 1 0 1
2.10191e+06 1 0 1
2.11663e+06 1 0 1
2.13144e+06 1 0 1
2.14636e+06 1 0 1
2.16139e+06 1 0 1
2.17652e+06 1 0 1
2.19175e+06 1 0 1
2.2071e+06 1 0 1
2.22255e+06 1 0 1
2.2381e+06 1 0 1
2.25377e+06 1 0 1
2.26955e+06 1 0 1
2.28543e+06 1 0 1
2.30143e+06 1 0 1
2.31754e+06 1 0 1
2.33376e+06 1 0 1
2.3501e+06 1 0 1
2.36655e+06 1 0 1
2.38312e+06 1 0 1
2.3998e+06 1 0 1
2.4166e+06 1 0 1
2.43351e+06 1 0 1
2.45055e+06 1 0 1
2.4677e+06 1 0 1
2.48498e+06 1 0 1
2.50237e+06 1 0 1
2.51989e+06 1 0 1
2.53753e+06 1 0 1
2.55529e+06 1 0 1
2.57318e+06 1 0 1
2.59119e+06 1 0 1
2.60933e+06 1 0 1
2.62759e+06 1 0 1
2.64599e+06 1 0 1
2.66451e+06 1 0 1
2.68316e+06 1 0 1
2.70194e+06 1 0 1
2.72085e+06 1 0 1
2.7399e+06 1 0 1
2.75908e+06 1 0 1
2.77839e+06 1 0 1
2.79784e+06 1 0 1
2.81743e+06 1 0 1
2.83715e+06 1 0 1
2.85701e+06 1 0 1
2.87701e+06 1 0 1
2.89715e+06 1 0 1
2.91743e+06 1 0 1
2.93785e+06 1 0 1
2.95841e+06 1 0 1
2.97912e+06 1 0 1
2.99998e+06 1 0 1
3.02098e+06 1 0 1
3.04212e+06 1 0 1
3.06342e+06 1 0 1
3.08486e+06 1 0 1
3.10646e+06 1 0 1
3.1282e+06 1 0 1
3.1501e+06 1 0 1
3.17215e+06 1 0 1
3.19435e+06 1 0 1
3.21672e+06 1 0 1
3.23923e+06 1 0 1
3.26191e+06 1 0 1
3.28474e+06 1 0 1
3.30773e+06 1 0 1
3.33089e+06 1 0 1
3.3542e+06 1 0 1
3.37768e+06 1 0 1
3.40133e+06 1 0 1
3.42514e+06 1 0 1
3.44911e+06 1 0 1
3.47326e+06 1 0 1
3.49757e+06 1 0 1
3.52205e+06 1 0 1
3.54671e+06 1 0 1
3.57153e+06 1 0 1
3.59653e+06 1 0 1
3.62171e+06 1 0 1
3.64706e+06 1 0 1
3.67259e+06 1 0 1
3.6983e+06 1 0 1
3.72419e+06 1 0 1
3.75026e+06 1 0 1
3.77651e+06 1 0 1
3.80294e+06 1 0 1
3.82956e+06 1 0 1
3.85637e+06 1 0 1
3.88337e+06 1 0 1
3.91055e+06 1 0 1
3.93792e+06 1 0 1
3.96549e+06 1 0 1
3.99325e+06 1 0 1
4.0212e+06 1 0 1
4.04935e+06 1 0 1
4.07769e+06 1 0 1
4.10624e+06 1 0 1
4.13498e+06 1 0 1
4.16393e+06 1 0 1
4.19307e+06 1 0 1
4.22242e+06 1 0 1
4.25198e+06 1 0 1
4.28175e+06 1 0 1
4.31172e+06 1 0 1
4.3419e+06 1 0 1
4.37229e+06 1 0 1
4.4029e+06 1 0 1
4.43372e+06 1 0 1
4.46476e+06 1 0 1
4.49601e+06 1 0 1
4.52748e+06 1 0 1
4.55917e+06 1 0 1
4.59109e+06 1 0 1
4.62323e+06 1 0 1
4.65559e+06 1 0 1
4.68818e+06 1 0 1
4.72099e+06 1 0 1
4.75404e+06 1 0 1
4.78732e+06 1 0 1
4.82083e+06 1 0 1
4.85458e+06 1 0 1
4.88856e+06 1 0 1
4.92278e+06 1 0 1
4.95724e+06 1 0 1
4.99194e+06 1 0 1
5.02688e+06 1 0 1
5.06207e+06 1 0 1
5.0975e+06 1 0 1
5.13319e+06 1 0 1
5.16912e+06 1 0 1
5.2053e+06 1 0 1
5.24174e+06 1 0 1
5.27843e+06 1 0 1
5.31538e+06 1 0 1
5.35259e+06 1 0 1
5.39006e+06 1 0 1
5.42779e+06 1 0 1
5.46578e+06 1 0 1
5.50404e+06 1 0 1
5.54257e+06 1 0 1
5.58137e+06 1 0 1
5.62044e+06 1 0 1
5.65978e+06 1 0 1
5.6994e+06 1 0 1
5.7393e+06 1 0 1
5.77947e+06 1 0 1
5.81993e+06 1 0 1
5.86067e+06 1 0 1
5.90169e+06 1 0 1
5.943e+06 1 0 1
5.9846e+06 1 0 1
6.0265e+06 1 0 1
6.06868e+06 1 0 1
6.11116e+06 1 0 1
6.15394e+06 1 0 1
6.19702e+06 1 0 1
6.2404e+06 1 0 1
6.28408e+06 1 0 1
6.32807e+06 1 0 1
6.37237e+06 1 0 1
6.41697e+06 1 0 1
6.46189e+06 1 0 1
6.50712e+06 1 0 1
6.55267e+06 1 0 1
6.59854e+06 1 0 1
6.64473e+06 1 0 1
6.69125e+06 1 0 1
6.73808e+06 1 0 1
6.78525e+06 1 0 1
6.83275e+06 1 0 1
6.88058e+06 1 0 1
6.92874e+06 1 0 1
6.97724e+06 1 0 1
7.02608e+06 1 0 1
7.07527e+06 1 0 1
7.12479e+06 1 0 1
7.17467e+06 1 0 1
7.22489e+06 1 0 1
7.27546e+06 1 0 1
7.32639e+06 1 0 1
7.37768e+06 1 0 1
7.42932e+06 1 0 1
7.48133e+06 1 0 1
7.53369e+06 1 0 1
7.58643e+06 1 0 1
7.63954e+06 1 0 1
7.69301e+06 1 0 1
7.74686e+06 1 0 1
7.80109e+06 1 0 1
7.8557e+06 1 0 1
7.91069e+06 1 0 1
7.96606e+06 1 0 1
8.02183e+06 1 0 1
8.07798e+06 1 0 1
8.13452e+06 1 0 1
8.19147e+06 1 0 1
8.24881e+06 1 0 1
8.30655e+06 1 0 1
8.36469e+06 1 0 1
8.42325e+06 1 0 1
8.48221e+06 1 0 1
8.54159e+06 1 0 1
8.60138e+06 1 0 1
8.66159e+06 1 0 1
8.72222e+06 1 0 1
8.78327e+06 1 0 1
8.84476e+06 1 0 1
8.90667e+06 1 0 1
8.96902e+06 1 0 1
9.0318e+06 1 0 1
9.09502e+06 1 0 1
9.15869e+06 1 0 1
9.2228e+06 1 0 1
9.28736e+06 1 0 1
9.35237e+06 1 0 1
9.41783e+06 1 0 1
9.48376e+06 1 0 1
9.55015e+06 1 0 1
9.617e+06 1 0 1
9.68432e+06 1 0 1
9.75211e+06 1 0 1
9.82037e+06 1 0 1
9.88911e+06 1 0 1
9.95834e+06 1 0 1
1.0028e+07 1 0 1
1.00982e+07 1 0 1
1.01689e+07 1 0 1
1.02401e+07 1 0 1
1.03118e+07 1 0 1
1.0384e+07 1 0 1
1.04567e+07 1 0 1
1.05299e+07 1 0 1
1.06036e+07 1 0 1
1.06778e+07 1 0 1
1.07525e+07 1 0 1
1.08278e+07 1 0 1
1.09036e+07 1 0 1
1.09799e+07 1 0 1
1.10568e+07 1 0 1
1.11342e+07 1 0 1
1.12121e+07 1 0 1
1.12906e+07 1 0 1
1.13696e+07 1 0 1
1.14492e+07 1 0 1
1.15294e+07 1 0 1
1.16101e+07 1 0 1
1.16913e+07 1 0 1
1.17732e+07 1 0 1
1.18556e+07 1 0 1
1.19386e+07 1 0 1
1.20222e+07 1 0 1
1.21063e+07 1 0 1
1.21911e+07 1 0 1
1.22764e+07 1 0 1
1.23623e+07 1 0 1
1.24489e+07 1 0 1
1.2536e+07 1 0 1
1.26238e+07 1 0 1
1.27121e+07 1 0 1
1.28011e+07 1 0 1
1.28907e+07 1 0 1
1.2981e+07 1 0 1
1.30718e+07 1 0 1
1.31633e+07 1 0 1
1.32555e+07 1 0 1
1.33483e+07 1 0 1
1.34417e+07 1 0 1
1.35358e+07 1 0 1
1.36305e+07 1 0 1
1.3726e+07 1 0 1
1.3822e+07 1 0 1
1.39188e+07 1 0 1
1.40162e+07 1 0 1
1.41143e+07 1 0 1
1.42131e+07 1 0 1
1.43126e+07 1 0 1
1.44128e+07 1 0 1
1.45137e+07 1 0 1
1.46153e+07 1 0 1
1.47176e+07 1 0 1
1.48206e+07 1 0 1
1.49244e+07 1 0 1
1.50288e+07 1 0 1
1.5134e+07 1 0 1
1.524e+07 1 0 1
1.53467e+07 1 0 1
1.54541e+07 1 0 1
1.55623e+07 1 0 1
1.56712e+07 1 0 1
1.57809e+07 1 0 1
1.58914e+07 1 0 1
1.60026e+07 1 0 1
1.61146e+07 1 0 1
1.62274e+07 1 0 1
1.6341e+07 1 0 1
1.64554e+07 1 0 1
1.65706e+07 1 0 1
1.66866e+07 1 0 1
1.68034e+07 1 0 1
1.6921e+07 1 0 1
1.70395e+07 1 0 1
1.71587e+07 1 0 1
1.72789e+07 1 0 1
1.73998e+07 1 0 1
1.75216e+07 1 0 1
1.76443e+07 1 0 1
1.77678e+07 1 0 1
1.78921e+07 1 0 1
1.80174e+07 1 0 1
1.81435e+07 1 0 1
1.82705e+07 1 0 1
1.83984e+07 1 0 1
1.85272e+07 1 0 1
1.86569e+07 1 0 1
1.87875e+07 1 0 1
1.8919e+07 1 0 1
1.90514e+07 1 0 1
1.91848e+07 1 0 1
1.93191e+07 1 0 1
1.94543e+07 1 0 1
1.95905e+07 1 0 1
1.97276e+07 1 0 1
1.98657e+07 1 0 1
2.00048e+07 1 0 1
2.01448e+07 1 0 1
2.02858e+07 1 0 1
2.04278e+07 1 0 1
2.05708e+07 1 0 1
2.07148e+07 1 0 1
2.08598e+07 1 0 1
2.10058e+07 1 0 1
2.11529e+07 1 0 1
2.1301e+07 1 0 1
2.14501e+07 1 0 1
2.16002e+07 1 0 1
2.17514e+07 1 0 1
2.19037e+07 1 0 1
2.2057e+07 1 0 1
2.22114e+07 1 0 1
2.23669e+07 1 0 1
2.25234e+07 1 0 1
2.26811e+07 1 0 1
2.28399e+07 1 0 1
2.29998e+07 1 0 1
2.31608e+07 1 0 1
2.33229e+07 1 0 1
2.34861e+07 1 0 1
2.36505e+07 1 0 1
2.38161e+07 1 0 1
2.39828e+07 1 0 1
2.41507e+07 1 0 1
2.43197e+07 1 0 1
2.449e+07 1 0 1
2.46614e+07 1 0 1
2.4834e+07 1 0 1
2.50079e+07 1 0 1
2.51829e+07 1 0 1
2.53592e+07 1 0 1
2.55367e+07 1 0 1
2.57155e+07 1 0 1
2.58955e+07 1 0 1
2.60768e+07 1 0 1
2.62593e+07 1 0 1
2.64431e+07 1 0 1
2.66282e+07 1 0 1
2.68146e+07 1 0 1
2.70023e+07 1 0 1
2.71913e+07 1 0 1
2.73817e+07 1 0 1
2.75733e+07 1 0 1
2.77664e+07 1 0 1
2.79607e+07 1 0 1
2.81565e+07 1 0 1
2.83535e+07 1 0 1
2.8552e+07 1 0 1
2.87519e+07 1 0 1
2.89531e+07 1 0 1
2.91558e+07 1 0 1
2.93599e+07 1 0 1
2.95654e+07 1 0 1
2.97724e+07 1 0 1
2.99808e+07 1 0 1
3.01907e+07 1 0 1
3.0402e+07 1 0 1
3.06148e+07 1 0 1
3.08291e+07 1 0 1
3.10449e+07 1 0 1
3.12622e+07 1 0 1
3.14811e+07 1 0 1
3.17014e+07 1 0 1
3.19233e+07 1 0 1
3.21468e+07 1 0 1
3.23718e+07 1 0 1
3.25984e+07 1 0 1
3.28266e+07 1 0 1
3.30564e+07 1 0 1
3.32878e+07 1 0 1
3.35208e+07 1 0 1
3.37555e+07 1 0 1
3.39918e+07 1 0 1
3.42297e+07 1 0 1
3.44693e+07 1 0 1
3.47106e+07 1 0 1
3.49536e+07 1 0 1
3.51982e+07 1 0 1
3.54446e+07 1 0 1
3.56927e+07 1 0 1
3.59426e+07 1 0 1
3.61942e+07 1 0 1
3.64476e+07 1 0 1
3.67027e+07 1 0 1
3.69596e+07 1 0 1
3.72183e+07 1 0 1
3.74788e+07 1 0 1
3.77412e+07 1 0 1
3.80054e+07 1 0 1
3.82714e+07 1 0 1
3.85393e+07 1 0 1
3.88091e+07 1 0 1
3.90808e+07 1 0 1
3.93543e+07 1 0 1
3.96298e+07 1 0 1
3.99072e+07 1 0 1
4.01866e+07 1 0 1
4.04679e+07 1 0 1
4.07512e+07 1 0 1
4.10364e+07 1 0 1
4.13237e+07 1 0 1
4.16129e+07 1 0 1
4.19042e+07 1 0 1
4.21975e+07 1 0 1
4.24929e+07 1 0 1
4.27904e+07 1 0 1
4.30899e+07 1 0 1
4.33915e+07 1 0 1
4.36953e+07 1 0 1
4.40012e+07 1 0 1
4.43092e+07 1 0 1
4.46193e+07 1 0 1
4.49317e+07 1 0 1
4.52462e+07 1 0 1
4.55629e+07 1 0 1
4.58818e+07 1 0 1
4.6203e+07 1 0 1
4.65264e+07 1 0 1
4.68521e+07 1 0 1
4.71801e+07 1 0 1
4.75103e+07 1 0 1
4.78429e+07 1 0 1
4.81778e+07 1 0 1
4.85151e+07 1 0 1
4.88547e+07 1 0 1
4.91967e+07 1 0 1
4.9541e+07 1 0 1
4.98878e+07 1 0 1
5.0237e+07 1 0 1
5.05887e+07 1 0 1
5.09428e+07 1 0 1
5.12994e+07 1 0 1
5.16585e+07 1 0 1
5.20201e+07 1 0 1
5.23843e+07 1 0 1
5.27509e+07 1 0 1
5.31202e+07 1 0 1
5.3492e+07 1 0 1
5.38665e+07 1 0 1
5.42436e+07 1 0 1
5.46233e+07 1 0 1
5.50056e+07 1 0 1
5.53907e+07 1 0 1
5.57784e+07 1 0 1
5.61688e+07 1 0 1
5.6562e+07 1 0 1
5.6958e+07 1 0 1
5.73567e+07 1 0 1
5.77582e+07 1 0 1
5.81625e+07 1 0 1
5.85696e+07 1 0 1
5.89796e+07 1 0 1
5.93925e+07 1 0 1
5.98082e+07 1 0 1
6.02269e+07 1 0 1
6.06484e+07 1 0 1
6.1073e+07 1 0 1
6.15005e+07 1 0 1
6.1931e+07 1 0 1
6.23645e+07 1 0 1
6.28011e+07 1 0 1
6.32407e+07 1 0 1
6.36834e+07 1 0 1
6.41291e+07 1 0 1
6.45781e+07 1 0 1
6.50301e+07 1 0 1
6.54853e+07 1 0 1
6.59437e+07 1 0 1
6.64053e+07 1 0 1
6.68701e+07 1 0 1
6.73382e+07 1 0 1
6.78096e+07 1 0 1
6.82843e+07 1 0 1
6.87623e+07 1 0 1
6.92436e+07 1 0 1
6.97283e+07 1 0 1
7.02164e+07 1 0 1
7.07079e+07 1 0 1
7.12029e+07 1 0 1
7.17013e+07 1 0 1
7.22032e+07 1 0 1
7.27086e+07 1 0 1
7.32176e+07 1 0 1
7.37301e+07 1 0 1
7.42462e+07 1 0 1
7.47659e+07 1 0 1
7.52893e+07 1 0 1
7.58163e+07 1 0 1
7.6347e+07 1 0 1
7.68815e+07 1 0 1
7.74196e+07 1 0 1
7.79616e+07 1 0 1
7.85073e+07 1 0 1
7.90569e+07 1 0 1
7.96103e+07 1 0 1
8.01675e+07 1 0 1
8.07287e+07 1 0 1
8.12938e+07 1 0 1
8.18629e+07 1 0 1
8.24359e+07 1 0 1
8.3013e+07 1 0 1
8.3594e+07 1 0 1
8.41792e+07 1 0 1
8.47685e+07 1 0 1
8.53618e+07 1 0 1
8.59594e+07 1 0 1
8.65611e+07 1 0 1
8.7167e+07 1 0 1
8.77772e+07 1 0 1
8.83916e+07 1 0 1
8.90104e+07 1 0 1
8.96334e+07 1 0 1
9.02609e+07 1 0 1
9.08927e+07 1 0 1
9.15289e+07 1 0 1
9.21696e+07 1 0 1
9.28148e+07 1 0 1
9.34645e+07 1 0 1
9.41188e+07 1 0 1
9.47776e+07 1 0 1
9.54411e+07 1 0 1
9.61092e+07 1 0 1
9.67819e+07 1 0 1
9.74594e+07 1 0 1
9.81416e+07 1 0 1
9.88286e+07 1 0 1
9.95204e+07 1 0 1
1.00217e+08 1 0 1
1.00919e+08 1 0 1
1.01625e+08 1 0 1
1.02336e+08 1 0 1
1.03053e+08 1 0 1
1.03774e+08 1 0 1
1.04501e+08 1 0 1
1.05232e+08 1 0 1
1.05969e+08 1 0 1
1.0671e+08 1 0 1
1.07457e+08 1 0 1
1.0821e+08 1 0 1
1.08967e+08 1 0 1
1.0973e+08 1 0 1
1.10498e+08 1 0 1
1.11271e+08 1 0 1
1.1205e+08 1 0 1
1.12835e+08 1 0 1
1.13625e+08 1 0 1
1.1442e+08 1 0 1
1.15221e+08 1 0 1
1.16027e+08 1 0 1
1.1684e+08 1 0 1
1.17657e+08 1 0 1
1.18481e+08 1 0 1
1.1931e+08 1 0 1
1.20146e+08 1 0 1
1.20987e+08 1 0 1
1.21834e+08 1 0 1
1.22686e+08 1 0 1
1.23545e+08 1 0 1
1.2441e+08 1 0 1
1.25281e+08 1 0 1
1.26158e+08 1 0 1
1.27041e+08 1 0 1
1.2793e+08 1 0 1
1.28826e+08 1 0 1
1.29727e+08 1 0 1
1.30636e+08 1 0 1
1.3155e+08 1 0 1
1.32471e+08 1 0 1
1.33398e+08 1 0 1
1.34332e+08 1 0 1
1.35272e+08 1 0 1
1.36219e+08 1 0 1
1.37173e+08 1 0 1
1.38133e+08 1 0 1
1.391e+08 1 0 1
1.40074e+08 1 0 1
1.41054e+08 1 0 1
1.42041e+08 1 0 1
1.43036e+08 1 0 1
1.44037e+08 1 0 1
1.45045e+08 1 0 1
1.46061e+08 1 0 1
1.47083e+08 1 0 1
1.48113e+08 1 0 1
1.49149e+08 1 0 1
1.50193e+08 1 0 1
1.51245e+08 1 0 1
1.52303e+08 1 0 1
1.5337e+08 1 0 1
1.54443e+08 1 0 1
1.55524e+08 1 0 1
1.56613e+08 1 0 1
1.57709e+08 1 0 1
1.58813e+08 1 0 1
1.59925e+08 1 0 1
1.61044e+08 1 0 1
1.62172e+08 1 0 1
1.63307e+08 1 0 1
1.6445e+08 1 0 1
1.65601e+08 1 0 1
1.6676e+08 1 0 1
1.67928e+08 1 0 1
1.69103e+08 1 0 1
1.70287e+08 1 0 1
1.71479e+08 1 0 1
1.72679e+08 1 0 1
1.73888e+08 1 0 1
1.75105e+08 1 0 1
1.76331e+08 1 0 1
1.77565e+08 1 0 1
1.78808e+08 1 0 1
1.8006e+08 1 0 1
1.8132e+08 1 0 1
1.8259e+08 1 0 1
1.83868e+08 1 0 1
1.85155e+08 1 0 1
1.86451e+08 1 0 1
1.87756e+08 1 0 1
1.8907e+08 1 0 1
1.90394e+08 1 0 1
1.91727e+08 1 0 1
1.93069e+08 1 0 1
1.9442e+08 1 0 1
1.95781e+08 1 0 1
1.97152e+08 1 0 1
1.98532e+08 1 0 1
1.99921e+08 1 0 1
2.01321e+08 1 0 1
2.0273e+08 1 0 1
2.04149e+08 1 0 1
2.05578e+08 1 0 1
2.07017e+08 1 0 1
2.08466e+08 1 0 1
2.09926e+08 1 0 1
2.11395e+08 1 0 1
2.12875e+08 1 0 1
2.14365e+08 1 0 1
2.15866e+08 1 0 1
2.17377e+08 1 0 1
2.18898e+08 1 0 1
2.20431e+08 1 0 1
2.21974e+08 1 0 1
2.23527e+08 1 0 1
2.25092e+08 1 0 1
2.26668e+08 1 0 1
2.28254e+08 1 0 1
2.29852e+08 1 0 1
2.31461e+08 1 0 1
2.33081e+08 1 0 1
2.34713e+08 1 0 1
2.36356e+08 1 0 1
2.3801e+08 1 0 1
2.39676e+08 1 0 1
2.41354e+08 1 0 1
2.43044e+08 1 0 1
2.44745e+08 1 0 1
2.46458e+08 1 0 1
2.48183e+08 1 0 1
2.49921e+08 1 0 1
2.5167e+08 1 0 1
2.53432e+08 1 0 1
2.55206e+08 1 0 1
2.56992e+08 1 0 1
2.58791e+08 1 0 1
2.60603e+08 1 0 1
2.62427e+08 1 0 1
2.64264e+08 1 0 1
2.66114e+08 1 0 1
2.67977e+08 1 0 1
2.69852e+08 1 0 1
2.71741e+08 1 0 1
2.73644e+08 1 0 1
2.75559e+08 1 0 1
2.77488e+08 1 0 1
2.7943e+08 1 0 1
2.81386e+08 1 0 1
2.83356e+08 1 0 1
2.8534e+08 1 0 1
2.87337e+08 1 0 1
2.89348e+08 1 0 1
2.91374e+08 1 0 1
2.93413e+08 1 0 1
2.95467e+08 1 0 1
2.97536e+08 1 0 1
2.99618e+08 1 0 1
3.01716e+08 1 0 1
3.03828e+08 1 0 1
3.05955e+08 1 0 1
3.08096e+08 1 0 1
3.10253e+08 1 0 1
3.12425e+08 1 0 1
3.14612e+08 1 0 1
3.16814e+08 1 0 1
3.19032e+08 1 0 1
3.21265e+08 1 0 1
3.23514e+08 1 0 1
3.25778e+08 1 0 1
3.28059e+08 1 0 1
3.30355e+08 1 0 1
3.32668e+08 1 0 1
3.34996e+08 1 0 1
3.37341e+08 1 0 1
3.39703e+08 1 0 1
3.42081e+08 1 0 1
3.44475e+08 1 0 1
3.46886e+08 1 0 1
3.49315e+08 1 0 1
3.5176e+08 1 0 1
3.54222e+08 1 0 1
3.56702e+08 1 0 1
3.59199e+08 1 0 1
3.61713e+08 1 0 1
3.64245e+08 1 0 1
3.66795e+08 1 0 1
3.69362e+08 1 0 1
3.71948e+08 1 0 1
3.74551e+08 1 0 1
3.77173e+08 1 0 1
3.79814e+08 1 0 1
3.82472e+08 1 0 1
3.8515e+08 1 0 1
3.87846e+08 1 0 1
3.90561e+08 1 0 1
3.93294e+08 1 0 1
3.96047e+08 1 0 1
3.9882e+08 1 0 1
4.01612e+08 1 0 1
4.04423e+08 1 0 1
4.07254e+08 1 0 1
4.10105e+08 1 0 1
4.12975e+08 1 0 1
4.15866e+08 1 0 1
4.18777e+08 1 0 1
4.21709e+08 1 0 1
4.24661e+08 1 0 1
4.27633e+08 1 0 1
4.30627e+08 1 0 1
4.33641e+08 1 0 1
4.36677e+08 1 0 1
4.39733e+08 1 0 1
4.42811e+08 1 0 1
4.45911e+08 1 0 1
4.49032e+08 1 0 1
4.52176e+08 1 0 1
4.55341e+08 1 0 1
4.58528e+08 1 0 1
4.61738e+08 1 0 1
4.6497e+08 1 0 1
4.68225e+08 1 0 1
4.71503e+08 1 0 1
4.74803e+08 1 0 1
4.78127e+08 1 0 1
4.81474e+08 1 0 1
4.84844e+08 1 0 1
4.88238e+08 1 0 1
4.91655e+08 1 0 1
4.95097e+08 1 0 1
4.98563e+08 1 0 1
5.02053e+08 1 0 1
5.05567e+08 1 0 1
5.09106e+08 1 0 1
5.1267e+08 1 0 1
5.16258e+08 1 0 1
5.19872e+08 1 0 1
5.23511e+08 1 0 1
5.27176e+08 1 0 1
5.30866e+08 1 0 1
5.34582e+08 1 0 1
5.38324e+08 1 0 1
5.42093e+08 1 0 1
5.45887e+08 1 0 1
5.49708e+08 1 0 1
5.53556e+08 1 0 1
5.57431e+08 1 0 1
5.61333e+08 1 0 1
5.65263e+08 1 0 1
5.69219e+08 1 0 1
5.73204e+08 1 0 1
5.77216e+08 1 0 1
5.81257e+08 1 0 1
5.85326e+08 1 0 1
5.89423e+08 1 0 1
5.93549e+08 1 0 1
5.97704e+08 1 0 1
6.01888e+08 1 0 1
6.06101e+08 1 0 1
6.10344e+08 1 0 1
6.14616e+08 1 0 1
6.18918e+08 1 0 1
6.23251e+08 1 0 1
6.27614e+08 1 0 1
6.32007e+08 1 0 1
6.36431e+08 1 0 1
6.40886e+08 1 0 1
6.45372e+08 1 0 1
6.4989e+08 1 0 1
6.54439e+08 1 0 1
6.5902e+08 1 0 1
6.63633e+08 1 0 1
6.68279e+08 1 0 1
6.72957e+08 1 0 1
6.77667e+08 1 0 1
6.82411e+08 1 0 1
6.87188e+08 1 0 1
6.91998e+08 1 0 1
6.96842e+08 1 0 1
7.0172e+08 1 0 1
7.06632e+08 1 0 1
7.11578e+08 1 0 1
7.1656e+08 1 0 1
7.21575e+08 1 0 1
7.26626e+08 1 0 1
7.31713e+08 1 0 1
7.36835e+08 1 0 1
7.41993e+08 1 0 1
7.47187e+08 1 0 1
7.52417e+08 1 0 1
7.57684e+08 1 0 1
7.62988e+08 1 0 1
7.68329e+08 1 0 1
7.73707e+08 1 0 1
7.79123e+08 1 0 1
7.84577e+08 1 0 1
7.90069e+08 1 0 1
7.95599e+08 1 0 1
8.01168e+08 1 0 1
8.06777e+08 1 0 1
8.12424e+08 1 0 1
8.18111e+08 1 0 1
8.23838e+08 1 0 1
8.29605e+08 1 0 1
8.35412e+08 1 0 1
8.4126e+08 1 0 1
8.47149e+08 1 0 1
8.53079e+08 1 0 1
8.5905e+08 1 0 1
8.65063e+08 1 0 1
8.71119e+08 1 0 1
8.77217e+08 1 0 1
8.83357e+08 1 0 1
8.89541e+08 1 0 1
8.95768e+08 1 0 1
9.02038e+08 1 0 1
9.08352e+08 1 0 1
9.14711e+08 1 0 1
9.21114e+08 1 0 1
9.27561e+08 1 0 1
9.34054e+08 1 0 1
9.40593e+08 1 0 1
9.47177e+08 1 0 1
9.53807e+08 1 0 1
9.60484e+08 1 0 1
9.67207e+08 1 0 1
9.73978e+08 1 0 1
9.80795e+08 1 0 1
9.87661e+08 1 0 1
9.94575e+08 1 0 1
1.00154e+09 1 0 1
1.00855e+09 1 0 1
1.01561e+09 1 0 1
1.02272e+09 1 0 1
1.02988e+09 1 0 1
1.03708e+09 1 0 1
1.04434e+09 1 0 1
1.05165e+09 1 0 1
1.05902e+09 1 0 1
1.06643e+09 1 0 1
1.07389e+09 1 0 1
1.08141e+09 1 0 1
1.08898e+09 1 0 1
1.0966e+09 1 0 1
1.10428e+09 1 0 1
1.11201e+09 1 0 1
1.11979e+09 1 0 1
1.12763e+09 1 0 1
1.13553e+09 1 0 1
1.14348e+09 1 0 1
1.15148e+09 1 0 1
1.15954e+09 1 0 1
1.16766e+09 1 0 1
1.17583e+09 1 0 1
1.18406e+09 1 0 1
1.19235e+09 1 0 1
1.2007e+09 1 0 1
1.2091e+09 1 0 1
1.21756e+09 1 0 1
1.22609e+09 1 0 1
1.23467e+09 1 0 1
1.24331e+09 1 0 1
1.25202e+09 1 0 1
1.26078e+09 1 0 1
1.26961e+09 1 0 1
1.27849e+09 1 0 1
1.28744e+09 1 0 1
1.29645e+09 1 0 1
1.30553e+09 1 0 1
1.31467e+09 1 0 1
1.32387e+09 1 0 1
1.33314e+09 1 0 1
1.34247e+09 1 0 1
1.35187e+09 1 0 1
1.36133e+09 1 0 1
1.37086e+09 1 0 1
1.38046e+09 1 0 1
1.39012e+09 1 0 1
1.39985e+09 1 0 1
1.40965e+09 1 0 1
1.41952e+09 1 0 1
1.42945e+09 1 0 1
1.43946e+09 1 0 1
1.44954e+09 1 0 1
1.45968e+09 1 0 1
1.4699e+09 1 0 1
1.48019e+09 1 0 1
1.49055e+09 1 0 1
1.50098e+09 1 0 1
1.51149e+09 1 0 1
1.52207e+09 1 0 1
1.53273e+09 1 0 1
1.54346e+09 0 0 0
