6.71669 6.49707e-07 111.702 2.00084e-55
6.76371 7.94769e-07 110.724 6.5088e-55
6.81105 9.69451e-07 109.734 2.13705e-54
6.85873 1.17921e-06 108.748 6.96852e-54
6.90674 1.43038e-06 107.758 2.27333e-53
6.95509 1.73032e-06 106.756 7.49011e-53
7.00377 2.08753e-06 105.746 2.48129e-52
7.0528 2.5118e-06 104.727 8.27386e-52
7.10217 3.0144e-06 103.703 2.76548e-51
7.15189 3.60824e-06 102.672 9.274e-51
7.20195 4.3081e-06 101.637 3.1193e-50
7.25236 5.13082e-06 100.597 1.05112e-49
7.30313 6.09556e-06 99.5515 3.5509e-49
7.35425 7.22407e-06 98.501 1.20315e-48
7.40573 8.54097e-06 97.4448 4.09026e-48
7.45757 1.00765e-05 96.3834 1.39486e-47
7.50977 1.18573e-05 95.3149 4.77809e-47
7.56234 1.39207e-05 94.2355 1.6509e-46
7.61528 1.63062e-05 93.1468 5.74374e-46
7.66859 1.90577e-05 92.0631 1.98412e-45
7.72227 2.22245e-05 90.9763 6.86022e-45
7.77632 2.58611e-05 89.8791 2.39127e-44
7.83076 3.00285e-05 88.7767 8.36214e-44
7.88557 3.47937e-05 87.6632 2.95036e-43
7.94077 4.02312e-05 86.5561 1.03211e-42
7.99636 4.64231e-05 85.4401 3.63573e-42
8.05233 5.34595e-05 84.3191 1.28443e-41
8.1087 6.14397e-05 83.1902 4.56456e-41
8.16546 7.04723e-05 82.0669 1.60993e-40
8.22261 8.06761e-05 80.9253 5.77208e-40
8.28017 9.21809e-05 79.791 2.05055e-39
8.33813 0.000105149 78.6411 7.38584e-39
8.3965 0.000119693 77.5 2.63172e-38
8.45528 0.000136 76.3512 9.4327e-38
8.51446 0.000154249 75.2021 3.37578e-37
8.57407 0.000174636 74.0364 1.22615e-36
8.63408 0.00019737 72.8794 4.4073e-36
8.69452 0.000222678 71.7204 1.58455e-35
8.75538 0.000250803 70.5586 5.70307e-35
8.81667 0.000282006 69.3912 2.06083e-34
8.87839 0.000316565 68.2171 7.48448e-34
8.94054 0.000354778 67.0472 2.70239e-33
9.00312 0.000396964 65.871 9.80286e-33
9.06614 0.000443461 64.6965 3.54433e-32
9.12961 0.000494628 63.5197 1.28242e-31
9.19351 0.000550848 62.3405 4.64423e-31
9.25787 0.000612524 61.1664 1.67067e-30
9.32267 0.000680084 59.9888 6.02229e-30
9.38793 0.000754096 58.8054 2.18058e-29
9.45365 0.000834806 57.6232 7.87334e-29
9.51982 0.000922827 56.4467 2.82255e-28
9.58646 0.00101868 55.2682 1.01246e-27
9.65357 0.00112293 54.0849 3.64412e-27
9.72114 0.00123613 52.9125 1.2955e-26
9.78919 0.0013589 51.737 4.61401e-26
9.85771 0.00149187 50.5619 1.64045e-25
9.92672 0.00163569 49.3952 5.77588e-25
9.9962 0.00179103 48.2223 2.04368e-24
10.0662 0.00195862 47.0581 7.15904e-24
10.1366 0.00213918 45.8938 2.50501e-23
10.2076 0.00233347 44.7307 8.74358e-23
10.2791 0.00254228 43.5827 3.00256e-22
10.351 0.00276642 42.4281 1.03668e-21
10.4235 0.00300672 41.2776 3.55991e-21
10.4964 0.00326446 40.1397 1.206e-20
10.5699 0.00353971 39.008 4.055e-20
10.6439 0.00383378 37.8784 1.3591e-19
10.7184 0.00414759 36.7568 4.51372e-19
10.7934 0.00448211 35.6419 1.48733e-18
10.869 0.00483829 34.5341 4.86078e-18
10.9451 0.00521713 33.4345 1.57406e-17
11.0217 0.00561965 32.3452 5.03913e-17
11.0988 0.00604685 31.2611 1.60325e-16
11.1765 0.0064998 30.1854 5.05317e-16
11.2548 0.00697954 29.1279 1.5622e-15
11.3335 0.00748715 28.0781 4.78811e-15
11.4129 0.0080237 27.0385 1.45107e-14
11.4928 0.0085903 26.0078 4.35495e-14
11.5732 0.00918803 24.9962 1.28085e-13
11.6542 0.00981801 23.9935 3.7305e-13
11.7358 0.0104813 23.0074 1.06765e-12
11.818 0.0111802 22.034 3.01441e-12
11.9007 0.0119136 21.0776 8.35871e-12
11.984 0.0126838 20.1308 2.29369e-11
12.0679 0.0134917 19.2093 6.13157e-11
12.1524 0.0143386 18.302 1.61461e-10
12.2374 0.0152255 17.409 4.18722e-10
12.3231 0.0161536 16.5379 1.06161e-09
12.4093 0.017124 15.6854 2.63961e-09
12.4962 0.0181376 14.8538 6.42149e-09
12.5837 0.0191956 14.0425 1.52969e-08
12.6718 0.0202991 13.251 3.56962e-08
12.7605 0.0214491 12.4815 8.14257e-08
12.8498 0.0226465 11.7339 1.81567e-07
12.9397 0.0238924 11.0113 3.94559e-07
13.0303 0.0251878 10.3127 8.36459e-07
13.1215 0.0265336 9.63753 1.73089e-06
13.2134 0.0279329 8.98808 3.48852e-06
13.3059 0.0293823 8.36386 6.85027e-06
13.399 0.0308847 7.76563 1.3097e-05
13.4928 0.0324411 7.1915 2.44268e-05
13.5873 0.0340523 6.64451 4.4307e-05
13.6824 0.035719 6.12442 7.818e-05
13.7781 0.037442 5.62956 0.000134422
13.8746 0.0392219 5.16255 0.000224627
13.9717 0.0410595 4.72069 0.0003658
14.0695 0.0429554 4.3048 0.000580054
14.168 0.0449101 3.91574 0.000894869
14.2672 0.0469242 3.55163 0.00134568
14.367 0.0489983 3.21218 0.0019731
14.4676 0.0511328 2.89679 0.00282255
14.5689 0.0533281 2.60499 0.00394114
14.6709 0.0555846 2.33531 0.00537948
14.7736 0.0579026 2.08704 0.00718305
14.877 0.060286 1.86084 0.00937703
14.9811 0.0627279 1.65404 0.0119983
15.086 0.065232 1.46514 0.0150715
15.1916 0.0677986 1.29508 0.0185685
15.2979 0.0704277 1.14044 0.0225143
15.405 0.0731195 1.00208 0.0268432
15.5129 0.0758739 0.877659 0.0315449
15.6214 0.0786909 0.76624 0.0365721
15.7308 0.0815704 0.667051 0.0418635
15.8409 0.0845123 0.579078 0.047362
15.9518 0.0875165 0.501293 0.0530128
16.0635 0.0905827 0.432741 0.0587636
16.1759 0.0937108 0.37252 0.0645664
16.2891 0.0969003 0.319748 0.0703818
16.4032 0.100151 0.273526 0.0761841
16.518 0.103462 0.233339 0.0819304
16.6336 0.106839 0.198531 0.0876012
16.75 0.110271 0.168322 0.0931879
16.8673 0.113762 0.142212 0.0986812
16.9854 0.117311 0.119954 0.104051
17.1043 0.120919 0.100776 0.109328
17.224 0.124585 0.0843767 0.114504
17.3446 0.128307 0.0704227 0.119583
17.466 0.132086 0.0585792 0.124571
17.5882 0.13592 0.0485563 0.129478
17.7114 0.139809 0.0400982 0.134314
17.8353 0.143752 0.0329697 0.13909
17.9602 0.147748 0.0270376 0.143807
18.0859 0.151796 0.0220479 0.148486
18.2125 0.155896 0.0179428 0.153124
18.34 0.160046 0.0145157 0.15774
18.4684 0.164245 0.0116943 0.162336
18.5976 0.168493 0.00939024 0.166918
18.7278 0.172795 0.00749942 0.171504
18.8589 0.177136 0.00596158 0.176084
18.9909 0.181523 0.00471364 0.18067
19.1239 0.185955 0.00370854 0.185266
19.2577 0.190429 0.00290664 0.189877
19.3925 0.194946 0.00226407 0.194505
19.5283 0.199504 0.0017561 0.199154
19.665 0.204101 0.00135568 0.203825
19.8026 0.208738 0.00103993 0.208521
19.9413 0.213412 0.000793412 0.213242
20.0809 0.218122 0.000603496 0.21799
20.2214 0.222867 0.00045629 0.222766
20.363 0.227647 0.000343213 0.227568
20.5055 0.232459 0.000256665 0.232399
20.649 0.237302 0.000190763 0.237257
20.7936 0.242176 0.000141135 0.242142
20.9391 0.247087 0.000103796 0.247061
21.0857 0.252017 7.57992e-05 0.251998
21.2333 0.256975 5.49325e-05 0.25696
21.382 0.261957 3.94333e-05 0.261947
21.5316 0.266964 2.806e-05 0.266956
21.6824 0.271994 1.97671e-05 0.271988
21.8341 0.277045 1.37603e-05 0.277041
21.987 0.282117 9.44696e-06 0.282114
22.1409 0.287208 6.36499e-06 0.287206
22.2959 0.292317 4.19077e-06 0.292315
22.4519 0.297442 2.68659e-06 0.297441
22.6091 0.302583 1.64943e-06 0.302583
22.7674 0.307739 9.71224e-07 0.307739
22.9267 0.312907 5.26812e-07 0.312907
23.0872 0.318088 2.49746e-07 0.318088
23.2488 0.323279 8.59892e-08 0.323279
23.4116 0.32848 2.21425e-09 0.32848
23.5755 0.333697 0 0.333697
23.7405 0.338913 0 0.338913
23.9067 0.344135 0 0.344135
24.074 0.349362 0 0.349362
24.2425 0.354593 0 0.354593
24.4122 0.359827 0 0.359827
24.5831 0.365062 0 0.365062
24.7552 0.370298 0 0.370298
24.9285 0.375533 0 0.375533
25.103 0.380767 0 0.380767
25.2787 0.385998 0 0.385998
25.4556 0.391226 0 0.391226
25.6338 0.396449 0 0.396449
25.8133 0.401667 0 0.401667
25.994 0.406878 0 0.406878
26.1759 0.412081 0 0.412081
26.3592 0.417284 0 0.417284
26.5437 0.42247 0 0.42247
26.7295 0.427645 0 0.427645
26.9166 0.432809 0 0.432809
27.105 0.437962 0 0.437962
27.2947 0.443101 0 0.443101
27.4858 0.448227 0 0.448227
27.6782 0.453338 0 0.453338
27.8719 0.458435 0 0.458435
28.067 0.463515 0 0.463515
28.2635 0.468579 0 0.468579
28.4614 0.473625 0 0.473625
28.6606 0.478653 0 0.478653
28.8612 0.483663 0 0.483663
29.0632 0.488653 0 0.488653
29.2667 0.493622 0 0.493622
29.4716 0.498571 0 0.498571
29.6779 0.503506 0 0.503506
29.8856 0.508411 0 0.508411
30.0948 0.513294 0 0.513294
30.3055 0.518154 0 0.518154
30.5176 0.52299 0 0.52299
30.7312 0.527802 0 0.527802
30.9463 0.532589 0 0.532589
31.163 0.537351 0 0.537351
31.3811 0.542088 0 0.542088
31.6008 0.546798 0 0.546798
31.822 0.551482 0 0.551482
32.0447 0.556139 0 0.556139
32.269 0.560769 0 0.560769
32.4949 0.565371 0 0.565371
32.7224 0.569945 0 0.569945
32.9515 0.57449 0 0.57449
33.1821 0.579014 0 0.579014
33.4144 0.583501 0 0.583501
33.6483 0.587959 0 0.587959
33.8838 0.592387 0 0.592387
34.121 0.596786 0 0.596786
34.3599 0.601154 0 0.601154
34.6004 0.605492 0 0.605492
34.8426 0.609799 0 0.609799
35.0865 0.614075 0 0.614075
35.3321 0.618321 0 0.618321
35.5794 0.622535 0 0.622535
35.8285 0.626717 0 0.626717
36.0793 0.630868 0 0.630868
36.3318 0.634987 0 0.634987
36.5861 0.639075 0 0.639075
36.8422 0.64313 0 0.64313
37.1001 0.647153 0 0.647153
37.3598 0.65115 0 0.65115
37.6214 0.655109 0 0.655109
37.8847 0.659035 0 0.659035
38.1499 0.662928 0 0.662928
38.417 0.66679 0 0.66679
38.6859 0.670618 0 0.670618
38.9567 0.674414 0 0.674414
39.2294 0.678178 0 0.678178
39.504 0.681908 0 0.681908
39.7805 0.685607 0 0.685607
40.059 0.689272 0 0.689272
40.3394 0.692905 0 0.692905
40.6218 0.696506 0 0.696506
40.9061 0.700074 0 0.700074
41.1925 0.703609 0 0.703609
41.4808 0.707112 0 0.707112
41.7712 0.710587 0 0.710587
42.0636 0.714025 0 0.714025
42.358 0.717431 0 0.717431
42.6545 0.720804 0 0.720804
42.9531 0.724145 0 0.724145
43.2538 0.727454 0 0.727454
43.5565 0.730731 0 0.730731
43.8614 0.733977 0 0.733977
44.1685 0.73719 0 0.73719
44.4776 0.740372 0 0.740372
44.789 0.743523 0 0.743523
45.1025 0.746642 0 0.746642
45.4182 0.74973 0 0.74973
45.7362 0.752787 0 0.752787
46.0563 0.755812 0 0.755812
46.3787 0.758807 0 0.758807
46.7034 0.761771 0 0.761771
47.0303 0.764709 0 0.764709
47.3595 0.767612 0 0.767612
47.691 0.770485 0 0.770485
48.0248 0.773328 0 0.773328
48.361 0.776141 0 0.776141
48.6995 0.778924 0 0.778924
49.0404 0.781678 0 0.781678
49.3837 0.784402 0 0.784402
49.7294 0.787097 0 0.787097
50.0775 0.789763 0 0.789763
50.4281 0.7924 0 0.7924
50.7811 0.795009 0 0.795009
51.1365 0.797589 0 0.797589
51.4945 0.800141 0 0.800141
51.8549 0.802665 0 0.802665
52.2179 0.805161 0 0.805161
52.5835 0.807633 0 0.807633
52.9515 0.810073 0 0.810073
53.3222 0.812487 0 0.812487
53.6955 0.814873 0 0.814873
54.0713 0.817233 0 0.817233
54.4498 0.819566 0 0.819566
54.831 0.821872 0 0.821872
55.2148 0.824152 0 0.824152
55.6013 0.826407 0 0.826407
55.9905 0.828635 0 0.828635
56.3824 0.830838 0 0.830838
56.7771 0.833015 0 0.833015
57.1746 0.835167 0 0.835167
57.5748 0.837295 0 0.837295
57.9778 0.839397 0 0.839397
58.3836 0.841475 0 0.841475
58.7923 0.843529 0 0.843529
59.2039 0.845562 0 0.845562
59.6183 0.847567 0 0.847567
60.0356 0.849549 0 0.849549
60.4559 0.851508 0 0.851508
60.8791 0.853443 0 0.853443
61.3052 0.855355 0 0.855355
61.7344 0.857244 0 0.857244
62.1665 0.859111 0 0.859111
62.6017 0.860956 0 0.860956
63.0399 0.862778 0 0.862778
63.4812 0.864578 0 0.864578
63.9255 0.866357 0 0.866357
64.373 0.868113 0 0.868113
64.8236 0.869849 0 0.869849
65.2774 0.871564 0 0.871564
65.7343 0.873257 0 0.873257
66.1945 0.874933 0 0.874933
66.6578 0.876585 0 0.876585
67.1244 0.878217 0 0.878217
67.5943 0.879829 0 0.879829
68.0675 0.881421 0 0.881421
68.5439 0.882993 0 0.882993
69.0237 0.884546 0 0.884546
69.5069 0.88608 0 0.88608
69.9935 0.887595 0 0.887595
70.4834 0.88909 0 0.88909
70.9768 0.890568 0 0.890568
71.4736 0.892026 0 0.892026
71.9739 0.893467 0 0.893467
72.4778 0.894889 0 0.894889
72.9851 0.896293 0 0.896293
73.496 0.89768 0 0.89768
74.0105 0.89905 0 0.89905
74.5285 0.900403 0 0.900403
75.0502 0.901738 0 0.901738
75.5756 0.903056 0 0.903056
76.1046 0.904357 0 0.904357
76.6374 0.905642 0 0.905642
77.1738 0.90691 0 0.90691
77.714 0.908162 0 0.908162
78.258 0.909398 0 0.909398
78.8058 0.910619 0 0.910619
79.3575 0.911823 0 0.911823
79.913 0.913013 0 0.913013
80.4724 0.914187 0 0.914187
81.0357 0.915345 0 0.915345
81.6029 0.916489 0 0.916489
82.1742 0.917619 0 0.917619
82.7494 0.918733 0 0.918733
83.3286 0.919835 0 0.919835
83.9119 0.920921 0 0.920921
84.4993 0.921993 0 0.921993
85.0908 0.92305 0 0.92305
85.6864 0.924094 0 0.924094
86.2862 0.925125 0 0.925125
86.8902 0.926142 0 0.926142
87.4985 0.927146 0 0.927146
88.111 0.928137 0 0.928137
88.7277 0.929114 0 0.929114
89.3488 0.930079 0 0.930079
89.9743 0.931032 0 0.931032
90.6041 0.931972 0 0.931972
91.2383 0.932899 0 0.932899
91.877 0.933814 0 0.933814
92.5201 0.934718 0 0.934718
93.1678 0.935609 0 0.935609
93.8199 0.93649 0 0.93649
94.4767 0.937358 0 0.937358
95.138 0.938214 0 0.938214
95.804 0.939059 0 0.939059
96.4746 0.939893 0 0.939893
97.1499 0.940716 0 0.940716
97.83 0.941528 0 0.941528
98.5148 0.942329 0 0.942329
99.2044 0.94312 0 0.94312
99.8988 0.9439 0 0.9439
100.598 0.94467 0 0.94467
101.302 0.945429 0 0.945429
102.011 0.946178 0 0.946178
102.726 0.946917 0 0.946917
103.445 0.947647 0 0.947647
104.169 0.948367 0 0.948367
104.898 0.949078 0 0.949078
105.632 0.949778 0 0.949778
106.372 0.950469 0 0.950469
107.116 0.951151 0 0.951151
107.866 0.951824 0 0.951824
108.621 0.952487 0 0.952487
109.381 0.953142 0 0.953142
110.147 0.953788 0 0.953788
110.918 0.954425 0 0.954425
111.695 0.955054 0 0.955054
112.476 0.955674 0 0.955674
113.264 0.956286 0 0.956286
114.057 0.95689 0 0.95689
114.855 0.957485 0 0.957485
115.659 0.958072 0 0.958072
116.469 0.958652 0 0.958652
117.284 0.959223 0 0.959223
118.105 0.959788 0 0.959788
118.932 0.960344 0 0.960344
119.764 0.960893 0 0.960893
120.602 0.961434 0 0.961434
121.447 0.961968 0 0.961968
122.297 0.962495 0 0.962495
123.153 0.963014 0 0.963014
124.015 0.963527 0 0.963527
124.883 0.964032 0 0.964032
125.757 0.964531 0 0.964531
126.638 0.965022 0 0.965022
127.524 0.965507 0 0.965507
128.417 0.965986 0 0.965986
129.316 0.966458 0 0.966458
130.221 0.966923 0 0.966923
131.132 0.967383 0 0.967383
132.05 0.967836 0 0.967836
132.975 0.968283 0 0.968283
133.905 0.968723 0 0.968723
134.843 0.969158 0 0.969158
135.787 0.969587 0 0.969587
136.737 0.970009 0 0.970009
137.694 0.970426 0 0.970426
138.658 0.970838 0 0.970838
139.629 0.971243 0 0.971243
140.606 0.971643 0 0.971643
141.59 0.972038 0 0.972038
142.582 0.972427 0 0.972427
143.58 0.972811 0 0.972811
144.585 0.973189 0 0.973189
145.597 0.973563 0 0.973563
146.616 0.973931 0 0.973931
147.642 0.974294 0 0.974294
148.676 0.974653 0 0.974653
149.717 0.975006 0 0.975006
150.765 0.975354 0 0.975354
151.82 0.975698 0 0.975698
152.883 0.976037 0 0.976037
153.953 0.976371 0 0.976371
155.03 0.9767 0 0.9767
156.116 0.977026 0 0.977026
157.208 0.977346 0 0.977346
158.309 0.977662 0 0.977662
159.417 0.977974 0 0.977974
160.533 0.978281 0 0.978281
161.657 0.978585 0 0.978585
162.788 0.978884 0 0.978884
163.928 0.979178 0 0.979178
165.075 0.979469 0 0.979469
166.231 0.979756 0 0.979756
167.395 0.980039 0 0.980039
168.566 0.980318 0 0.980318
169.746 0.980593 0 0.980593
170.934 0.980864 0 0.980864
172.131 0.981132 0 0.981132
173.336 0.981396 0 0.981396
174.549 0.981656 0 0.981656
175.771 0.981912 0 0.981912
177.002 0.982165 0 0.982165
178.241 0.982415 0 0.982415
179.488 0.982661 0 0.982661
180.745 0.982903 0 0.982903
182.01 0.983143 0 0.983143
183.284 0.983378 0 0.983378
184.567 0.983611 0 0.983611
185.859 0.98384 0 0.98384
187.16 0.984067 0 0.984067
188.47 0.98429 0 0.98429
189.789 0.98451 0 0.98451
191.118 0.984727 0 0.984727
192.456 0.984941 0 0.984941
193.803 0.985152 0 0.985152
195.159 0.98536 0 0.98536
196.526 0.985565 0 0.985565
197.901 0.985767 0 0.985767
199.287 0.985966 0 0.985966
200.682 0.986163 0 0.986163
202.086 0.986357 0 0.986357
203.501 0.986548 0 0.986548
204.925 0.986737 0 0.986737
206.36 0.986923 0 0.986923
207.804 0.987106 0 0.987106
209.259 0.987287 0 0.987287
210.724 0.987465 0 0.987465
212.199 0.987641 0 0.987641
213.684 0.987814 0 0.987814
215.18 0.987985 0 0.987985
216.686 0.988154 0 0.988154
218.203 0.98832 0 0.98832
219.731 0.988484 0 0.988484
221.269 0.988645 0 0.988645
222.818 0.988805 0 0.988805
224.377 0.988962 0 0.988962
225.948 0.989117 0 0.989117
227.53 0.989269 0 0.989269
229.122 0.98942 0 0.98942
230.726 0.989568 0 0.989568
232.341 0.989715 0 0.989715
233.968 0.989859 0 0.989859
235.605 0.990002 0 0.990002
237.255 0.990142 0 0.990142
238.915 0.99028 0 0.99028
240.588 0.990417 0 0.990417
242.272 0.990552 0 0.990552
243.968 0.990684 0 0.990684
245.676 0.990815 0 0.990815
247.395 0.990944 0 0.990944
249.127 0.991071 0 0.991071
250.871 0.991197 0 0.991197
252.627 0.99132 0 0.99132
254.396 0.991442 0 0.991442
256.176 0.991562 0 0.991562
257.97 0.991681 0 0.991681
259.775 0.991798 0 0.991798
261.594 0.991913 0 0.991913
263.425 0.992027 0 0.992027
265.269 0.992139 0 0.992139
267.126 0.992249 0 0.992249
268.996 0.992358 0 0.992358
270.879 0.992466 0 0.992466
272.775 0.992572 0 0.992572
274.684 0.992676 0 0.992676
276.607 0.992779 0 0.992779
278.543 0.99288 0 0.99288
280.493 0.992981 0 0.992981
282.456 0.993079 0 0.993079
284.434 0.993177 0 0.993177
286.425 0.993272 0 0.993272
288.43 0.993367 0 0.993367
290.449 0.99346 0 0.99346
292.482 0.993552 0 0.993552
294.529 0.993643 0 0.993643
296.591 0.993732 0 0.993732
298.667 0.993821 0 0.993821
300.758 0.993908 0 0.993908
302.863 0.993993 0 0.993993
304.983 0.994078 0 0.994078
307.118 0.994161 0 0.994161
309.268 0.994243 0 0.994243
311.433 0.994324 0 0.994324
313.613 0.994404 0 0.994404
315.808 0.994483 0 0.994483
318.019 0.99456 0 0.99456
320.245 0.994637 0 0.994637
322.486 0.994712 0 0.994712
324.744 0.994787 0 0.994787
327.017 0.99486 0 0.99486
329.306 0.994932 0 0.994932
331.611 0.995004 0 0.995004
333.933 0.995074 0 0.995074
336.27 0.995143 0 0.995143
338.624 0.995212 0 0.995212
340.994 0.995279 0 0.995279
343.381 0.995345 0 0.995345
345.785 0.995411 0 0.995411
348.206 0.995476 0 0.995476
350.643 0.995539 0 0.995539
353.097 0.995602 0 0.995602
355.569 0.995664 0 0.995664
358.058 0.995725 0 0.995725
360.565 0.995785 0 0.995785
363.088 0.995844 0 0.995844
365.63 0.995903 0 0.995903
368.19 0.995961 0 0.995961
370.767 0.996017 0 0.996017
373.362 0.996074 0 0.996074
375.976 0.996129 0 0.996129
378.608 0.996183 0 0.996183
381.258 0.996237 0 0.996237
383.927 0.99629 0 0.99629
386.614 0.996342 0 0.996342
389.32 0.996394 0 0.996394
392.046 0.996445 0 0.996445
394.79 0.996495 0 0.996495
397.553 0.996544 0 0.996544
400.336 0.996593 0 0.996593
403.139 0.996641 0 0.996641
405.961 0.996688 0 0.996688
408.802 0.996735 0 0.996735
411.664 0.996781 0 0.996781
414.546 0.996826 0 0.996826
417.448 0.996871 0 0.996871
420.37 0.996915 0 0.996915
423.312 0.996958 0 0.996958
426.275 0.997001 0 0.997001
429.259 0.997043 0 0.997043
432.264 0.997085 0 0.997085
435.29 0.997126 0 0.997126
438.337 0.997166 0 0.997166
441.405 0.997206 0 0.997206
444.495 0.997246 0 0.997246
447.607 0.997284 0 0.997284
450.74 0.997323 0 0.997323
453.895 0.99736 0 0.99736
457.072 0.997398 0 0.997398
460.272 0.997434 0 0.997434
463.494 0.99747 0 0.99747
466.738 0.997506 0 0.997506
470.005 0.997541 0 0.997541
473.295 0.997576 0 0.997576
476.609 0.99761 0 0.99761
479.945 0.997644 0 0.997644
483.304 0.997677 0 0.997677
486.688 0.99771 0 0.99771
490.094 0.997742 0 0.997742
493.525 0.997774 0 0.997774
496.98 0.997805 0 0.997805
500.459 0.997836 0 0.997836
503.962 0.997866 0 0.997866
507.489 0.997896 0 0.997896
511.042 0.997926 0 0.997926
514.619 0.997955 0 0.997955
518.222 0.997984 0 0.997984
521.849 0.998012 0 0.998012
525.502 0.998041 0 0.998041
529.181 0.998068 0 0.998068
532.885 0.998095 0 0.998095
536.615 0.998122 0 0.998122
540.371 0.998149 0 0.998149
544.154 0.998175 0 0.998175
547.963 0.9982 0 0.9982
551.799 0.998226 0 0.998226
555.661 0.998251 0 0.998251
559.551 0.998275 0 0.998275
563.468 0.9983 0 0.9983
567.412 0.998324 0 0.998324
571.384 0.998347 0 0.998347
575.384 0.998371 0 0.998371
579.411 0.998394 0 0.998394
583.467 0.998416 0 0.998416
587.551 0.998438 0 0.998438
591.664 0.998461 0 0.998461
595.806 0.998482 0 0.998482
599.977 0.998504 0 0.998504
604.176 0.998525 0 0.998525
608.406 0.998545 0 0.998545
612.665 0.998566 0 0.998566
616.953 0.998586 0 0.998586
621.272 0.998606 0 0.998606
625.621 0.998626 0 0.998626
630 0.998645 0 0.998645
634.41 0.998664 0 0.998664
638.851 0.998683 0 0.998683
643.323 0.998702 0 0.998702
647.826 0.99872 0 0.99872
652.361 0.998738 0 0.998738
656.928 0.998756 0 0.998756
661.526 0.998773 0 0.998773
666.157 0.998791 0 0.998791
670.82 0.998808 0 0.998808
675.516 0.998824 0 0.998824
680.244 0.998841 0 0.998841
685.006 0.998857 0 0.998857
689.801 0.998873 0 0.998873
694.629 0.998889 0 0.998889
699.492 0.998905 0 0.998905
704.388 0.99892 0 0.99892
709.319 0.998936 0 0.998936
714.284 0.998951 0 0.998951
719.284 0.998965 0 0.998965
724.319 0.99898 0 0.99898
729.39 0.998994 0 0.998994
734.495 0.999008 0 0.999008
739.637 0.999022 0 0.999022
744.814 0.999036 0 0.999036
750.028 0.99905 0 0.99905
755.278 0.999063 0 0.999063
760.565 0.999076 0 0.999076
765.889 0.999089 0 0.999089
771.25 0.999102 0 0.999102
776.649 0.999115 0 0.999115
782.085 0.999127 0 0.999127
787.56 0.99914 0 0.99914
793.073 0.999152 0 0.999152
798.625 0.999164 0 0.999164
804.215 0.999176 0 0.999176
809.844 0.999187 0 0.999187
815.513 0.999199 0 0.999199
821.222 0.99921 0 0.99921
826.97 0.999221 0 0.999221
832.759 0.999232 0 0.999232
838.589 0.999243 0 0.999243
844.459 0.999254 0 0.999254
850.37 0.999264 0 0.999264
856.322 0.999274 0 0.999274
862.317 0.999285 0 0.999285
868.353 0.999295 0 0.999295
874.431 0.999305 0 0.999305
880.552 0.999314 0 0.999314
886.716 0.999324 0 0.999324
892.923 0.999334 0 0.999334
899.174 0.999343 0 0.999343
905.468 0.999352 0 0.999352
911.806 0.999361 0 0.999361
918.189 0.99937 0 0.99937
924.616 0.999379 0 0.999379
931.089 0.999388 0 0.999388
937.606 0.999397 0 0.999397
944.169 0.999405 0 0.999405
950.779 0.999414 0 0.999414
957.434 0.999422 0 0.999422
964.136 0.99943 0 0.99943
970.885 0.999438 0 0.999438
977.681 0.999446 0 0.999446
984.525 0.999454 0 0.999454
991.417 0.999461 0 0.999461
998.357 0.999469 0 0.999469
1005.35 0.999476 0 0.999476
1012.38 0.999484 0 0.999484
1019.47 0.999491 0 0.999491
1026.61 0.999498 0 0.999498
1033.79 0.999505 0 0.999505
1041.03 0.999512 0 0.999512
1048.32 0.999519 0 0.999519
1055.65 0.999526 0 0.999526
1063.04 0.999533 0 0.999533
1070.48 0.999539 0 0.999539
1077.98 0.999546 0 0.999546
1085.52 0.999552 0 0.999552
1093.12 0.999558 0 0.999558
1100.77 0.999565 0 0.999565
1108.48 0.999571 0 0.999571
1116.24 0.999577 0 0.999577
1124.05 0.999583 0 0.999583
1131.92 0.999589 0 0.999589
1139.84 0.999595 0 0.999595
1147.82 0.9996 0 0.9996
1155.86 0.999606 0 0.999606
1163.95 0.999611 0 0.999611
1172.1 0.999617 0 0.999617
1180.3 0.999622 0 0.999622
1188.56 0.999628 0 0.999628
1196.88 0.999633 0 0.999633
1205.26 0.999638 0 0.999638
1213.7 0.999643 0 0.999643
1222.19 0.999648 0 0.999648
1230.75 0.999653 0 0.999653
1239.37 0.999658 0 0.999658
1248.04 0.999663 0 0.999663
1256.78 0.999668 0 0.999668
1265.57 0.999672 0 0.999672
1274.43 0.999677 0 0.999677
1283.35 0.999681 0 0.999681
1292.34 0.999686 0 0.999686
1301.38 0.99969 0 0.99969
1310.49 0.999695 0 0.999695
1319.67 0.999699 0 0.999699
1328.91 0.999703 0 0.999703
1338.21 0.999707 0 0.999707
1347.57 0.999712 0 0.999712
1357.01 0.999716 0 0.999716
1366.51 0.99972 0 0.99972
1376.07 0.999724 0 0.999724
1385.71 0.999727 0 0.999727
1395.41 0.999731 0 0.999731
1405.17 0.999735 0 0.999735
1415.01 0.999739 0 0.999739
1424.91 0.999743 0 0.999743
1434.89 0.999746 0 0.999746
1444.93 0.99975 0 0.99975
1455.05 0.999753 0 0.999753
1465.23 0.999757 0 0.999757
1475.49 0.99976 0 0.99976
1485.82 0.999764 0 0.999764
1496.22 0.999767 0 0.999767
1506.69 0.99977 0 0.99977
1517.24 0.999773 0 0.999773
1527.86 0.999777 0 0.999777
1538.55 0.99978 0 0.99978
1549.32 0.999783 0 0.999783
1560.17 0.999786 0 0.999786
1571.09 0.999789 0 0.999789
1582.09 0.999792 0 0.999792
1593.16 0.999795 0 0.999795
1604.32 0.999798 0 0.999798
1615.55 0.999801 0 0.999801
1626.85 0.999803 0 0.999803
1638.24 0.999806 0 0.999806
1649.71 0.999809 0 0.999809
1661.26 0.999812 0 0.999812
1672.89 0.999814 0 0.999814
1684.6 0.999817 0 0.999817
1696.39 0.999819 0 0.999819
1708.26 0.999822 0 0.999822
1720.22 0.999824 0 0.999824
1732.26 0.999827 0 0.999827
1744.39 0.999829 0 0.999829
1756.6 0.999832 0 0.999832
1768.9 0.999834 0 0.999834
1781.28 0.999837 0 0.999837
1793.75 0.999839 0 0.999839
1806.3 0.999841 0 0.999841
1818.95 0.999843 0 0.999843
1831.68 0.999846 0 0.999846
1844.5 0.999848 0 0.999848
1857.41 0.99985 0 0.99985
1870.42 0.999852 0 0.999852
1883.51 0.999854 0 0.999854
1896.69 0.999856 0 0.999856
1909.97 0.999858 0 0.999858
1923.34 0.99986 0 0.99986
1936.8 0.999862 0 0.999862
1950.36 0.999864 0 0.999864
1964.01 0.999866 0 0.999866
1977.76 0.999868 0 0.999868
1991.61 0.99987 0 0.99987
2005.55 0.999872 0 0.999872
2019.59 0.999873 0 0.999873
2033.72 0.999875 0 0.999875
2047.96 0.999877 0 0.999877
2062.29 0.999879 0 0.999879
2076.73 0.99988 0 0.99988
2091.27 0.999882 0 0.999882
2105.91 0.999884 0 0.999884
2120.65 0.999885 0 0.999885
2135.49 0.999887 0 0.999887
2150.44 0.999889 0 0.999889
2165.49 0.99989 0 0.99989
2180.65 0.999892 0 0.999892
2195.92 0.999893 0 0.999893
2211.29 0.999895 0 0.999895
2226.77 0.999896 0 0.999896
2242.35 0.999898 0 0.999898
2258.05 0.999899 0 0.999899
2273.86 0.999901 0 0.999901
2289.77 0.999902 0 0.999902
2305.8 0.999903 0 0.999903
2321.94 0.999905 0 0.999905
2338.2 0.999906 0 0.999906
2354.56 0.999907 0 0.999907
2371.05 0.999909 0 0.999909
2387.64 0.99991 0 0.99991
2404.36 0.999911 0 0.999911
2421.19 0.999912 0 0.999912
2438.14 0.999914 0 0.999914
2455.2 0.999915 0 0.999915
2472.39 0.999916 0 0.999916
2489.7 0.999917 0 0.999917
2507.12 0.999918 0 0.999918
2524.67 0.99992 0 0.99992
2542.35 0.999921 0 0.999921
2560.14 0.999922 0 0.999922
2578.06 0.999923 0 0.999923
2596.11 0.999924 0 0.999924
2614.28 0.999925 0 0.999925
2632.58 0.999926 0 0.999926
2651.01 0.999927 0 0.999927
2669.57 0.999928 0 0.999928
2688.26 0.999929 0 0.999929
2707.07 0.99993 0 0.99993
2726.02 0.999931 0 0.999931
2745.1 0.999932 0 0.999932
2764.32 0.999933 0 0.999933
2783.67 0.999934 0 0.999934
2803.16 0.999935 0 0.999935
2822.78 0.999936 0 0.999936
2842.54 0.999937 0 0.999937
2862.44 0.999938 0 0.999938
2882.47 0.999939 0 0.999939
2902.65 0.999939 0 0.999939
2922.97 0.99994 0 0.99994
2943.43 0.999941 0 0.999941
2964.03 0.999942 0 0.999942
2984.78 0.999943 0 0.999943
3005.68 0.999944 0 0.999944
3026.71 0.999944 0 0.999944
3047.9 0.999945 0 0.999945
3069.24 0.999946 0 0.999946
3090.72 0.999947 0 0.999947
3112.36 0.999947 0 0.999947
3134.14 0.999948 0 0.999948
3156.08 0.999949 0 0.999949
3178.17 0.99995 0 0.99995
3200.42 0.99995 0 0.99995
3222.83 0.999951 0 0.999951
3245.38 0.999952 0 0.999952
3268.1 0.999952 0 0.999952
3290.98 0.999953 0 0.999953
3314.02 0.999954 0 0.999954
3337.21 0.999954 0 0.999954
3360.57 0.999955 0 0.999955
3384.1 0.999956 0 0.999956
3407.79 0.999956 0 0.999956
3431.64 0.999957 0 0.999957
3455.66 0.999958 0 0.999958
3479.85 0.999958 0 0.999958
3504.21 0.999959 0 0.999959
3528.74 0.999959 0 0.999959
3553.44 0.99996 0 0.99996
3578.32 0.99996 0 0.99996
3603.37 0.999961 0 0.999961
3628.59 0.999962 0 0.999962
3653.99 0.999962 0 0.999962
3679.57 0.999963 0 0.999963
3705.32 0.999963 0 0.999963
3731.26 0.999964 0 0.999964
3757.38 0.999964 0 0.999964
3783.68 0.999965 0 0.999965
3810.17 0.999965 0 0.999965
3836.84 0.999966 0 0.999966
3863.7 0.999966 0 0.999966
3890.74 0.999967 0 0.999967
3917.98 0.999967 0 0.999967
3945.4 0.999968 0 0.999968
3973.02 0.999968 0 0.999968
4000.83 0.999968 0 0.999968
4028.84 0.999969 0 0.999969
4057.04 0.999969 0 0.999969
4085.44 0.99997 0 0.99997
4114.04 0.99997 0 0.99997
4142.84 0.999971 0 0.999971
4171.84 0.999971 0 0.999971
4201.04 0.999971 0 0.999971
4230.45 0.999972 0 0.999972
4260.06 0.999972 0 0.999972
4289.88 0.999973 0 0.999973
4319.91 0.999973 0 0.999973
4350.15 0.999973 0 0.999973
4380.6 0.999974 0 0.999974
4411.26 0.999974 0 0.999974
4442.14 0.999975 0 0.999975
4473.24 0.999975 0 0.999975
4504.55 0.999975 0 0.999975
4536.08 0.999976 0 0.999976
4567.83 0.999976 0 0.999976
4599.81 0.999976 0 0.999976
4632.01 0.999977 0 0.999977
4664.43 0.999977 0 0.999977
4697.08 0.999977 0 0.999977
4729.96 0.999978 0 0.999978
4763.07 0.999978 0 0.999978
4796.41 0.999978 0 0.999978
4829.99 0.999979 0 0.999979
4863.8 0.999979 0 0.999979
4897.84 0.999979 0 0.999979
4932.13 0.999979 0 0.999979
4966.65 0.99998 0 0.99998
5001.42 0.99998 0 0.99998
5036.43 0.99998 0 0.99998
5071.69 0.999981 0 0.999981
5107.19 0.999981 0 0.999981
5142.94 0.999981 0 0.999981
5178.94 0.999981 0 0.999981
5215.19 0.999982 0 0.999982
5251.7 0.999982 0 0.999982
5288.46 0.999982 0 0.999982
5325.48 0.999982 0 0.999982
5362.76 0.999983 0 0.999983
5400.3 0.999983 0 0.999983
5438.1 0.999983 0 0.999983
5476.16 0.999983 0 0.999983
5514.5 0.999984 0 0.999984
5553.1 0.999984 0 0.999984
5591.97 0.999984 0 0.999984
5631.11 0.999984 0 0.999984
5670.53 0.999984 0 0.999984
5710.23 0.999985 0 0.999985
5750.2 0.999985 0 0.999985
5790.45 0.999985 0 0.999985
5830.98 0.999985 0 0.999985
5871.8 0.999986 0 0.999986
5912.9 0.999986 0 0.999986
5954.29 0.999986 0 0.999986
5995.97 0.999986 0 0.999986
6037.94 0.999986 0 0.999986
6080.21 0.999987 0 0.999987
6122.77 0.999987 0 0.999987
6165.63 0.999987 0 0.999987
6208.79 0.999987 0 0.999987
6252.25 0.999987 0 0.999987
6296.02 0.999987 0 0.999987
6340.09 0.999988 0 0.999988
6384.47 0.999988 0 0.999988
6429.16 0.999988 0 0.999988
6474.17 0.999988 0 0.999988
6519.48 0.999988 0 0.999988
6565.12 0.999988 0 0.999988
6611.08 0.999989 0 0.999989
6657.35 0.999989 0 0.999989
6703.96 0.999989 0 0.999989
6750.88 0.999989 0 0.999989
6798.14 0.999989 0 0.999989
6845.73 0.999989 0 0.999989
6893.65 0.99999 0 0.99999
6941.9 0.99999 0 0.99999
6990.5 0.99999 0 0.99999
7039.43 0.99999 0 0.99999
7088.71 0.99999 0 0.99999
7138.33 0.99999 0 0.99999
7188.29 0.99999 0 0.99999
7238.61 0.999991 0 0.999991
7289.28 0.999991 0 0.999991
7340.31 0.999991 0 0.999991
7391.69 0.999991 0 0.999991
7443.43 0.999991 0 0.999991
7495.54 0.999991 0 0.999991
7548 0.999991 0 0.999991
7600.84 0.999991 0 0.999991
7654.05 0.999992 0 0.999992
7707.62 0.999992 0 0.999992
7761.58 0.999992 0 0.999992
7815.91 0.999992 0 0.999992
7870.62 0.999992 0 0.999992
7925.71 0.999992 0 0.999992
7981.19 0.999992 0 0.999992
8037.06 0.999992 0 0.999992
8093.32 0.999992 0 0.999992
8149.98 0.999993 0 0.999993
8207.03 0.999993 0 0.999993
8264.47 0.999993 0 0.999993
8322.33 0.999993 0 0.999993
8380.58 0.999993 0 0.999993
8439.25 0.999993 0 0.999993
8498.32 0.999993 0 0.999993
8557.81 0.999993 0 0.999993
8617.71 0.999993 0 0.999993
8678.04 0.999993 0 0.999993
8738.78 0.999994 0 0.999994
8799.96 0.999994 0 0.999994
8861.56 0.999994 0 0.999994
8923.59 0.999994 0 0.999994
8986.05 0.999994 0 0.999994
9048.95 0.999994 0 0.999994
9112.3 0.999994 0 0.999994
9176.08 0.999994 0 0.999994
9240.32 0.999994 0 0.999994
9305 0.999994 0 0.999994
9370.13 0.999994 0 0.999994
9435.72 0.999994 0 0.999994
9501.77 0.999995 0 0.999995
9568.29 0.999995 0 0.999995
9635.26 0.999995 0 0.999995
9702.71 0.999995 0 0.999995
9770.63 0.999995 0 0.999995
9839.02 0.999995 0 0.999995
9907.9 0.999995 0 0.999995
9977.25 0.999995 0 0.999995
10047.1 0.999995 0 0.999995
10117.4 0.999995 0 0.999995
10188.2 0.999995 0 0.999995
10259.6 0.999995 0 0.999995
10331.4 0.999995 0 0.999995
10403.7 0.999995 0 0.999995
10476.5 0.999996 0 0.999996
10549.9 0.999996 0 0.999996
10623.7 0.999996 0 0.999996
10698.1 0.999996 0 0.999996
10773 0.999996 0 0.999996
10848.4 0.999996 0 0.999996
10924.3 0.999996 0 0.999996
11000.8 0.999996 0 0.999996
11077.8 0.999996 0 0.999996
11155.3 0.999996 0 0.999996
11233.4 0.999996 0 0.999996
11312.1 0.999996 0 0.999996
11391.2 0.999996 0 0.999996
11471 0.999996 0 0.999996
11551.3 0.999996 0 0.999996
11632.1 0.999996 0 0.999996
11713.6 0.999996 0 0.999996
11795.6 0.999997 0 0.999997
11878.1 0.999997 0 0.999997
11961.3 0.999997 0 0.999997
12045 0.999997 0 0.999997
12129.3 0.999997 0 0.999997
12214.2 0.999997 0 0.999997
12299.7 0.999997 0 0.999997
12385.8 0.999997 0 0.999997
12472.5 0.999997 0 0.999997
12559.8 0.999997 0 0.999997
12647.7 0.999997 0 0.999997
12736.3 0.999997 0 0.999997
12825.4 0.999997 0 0.999997
12915.2 0.999997 0 0.999997
13005.6 0.999997 0 0.999997
13096.7 0.999997 0 0.999997
13188.3 0.999997 0 0.999997
13280.6 0.999997 0 0.999997
13373.6 0.999997 0 0.999997
13467.2 0.999997 0 0.999997
13561.5 0.999997 0 0.999997
13656.4 0.999997 0 0.999997
13752 0.999997 0 0.999997
13848.3 0.999997 0 0.999997
13945.2 0.999998 0 0.999998
14042.8 0.999998 0 0.999998
14141.1 0.999998 0 0.999998
14240.1 0.999998 0 0.999998
14339.8 0.999998 0 0.999998
14440.2 0.999998 0 0.999998
14541.3 0.999998 0 0.999998
14643.1 0.999998 0 0.999998
14745.6 0.999998 0 0.999998
14848.8 0.999998 0 0.999998
14952.7 0.999998 0 0.999998
15057.4 0.999998 0 0.999998
15162.8 0.999998 0 0.999998
15268.9 0.999998 0 0.999998
15375.8 0.999998 0 0.999998
15483.4 0.999998 0 0.999998
15591.8 0.999998 0 0.999998
15701 0.999998 0 0.999998
15810.9 0.999998 0 0.999998
15921.6 0.999998 0 0.999998
16033 0.999998 0 0.999998
16145.2 0.999998 0 0.999998
16258.3 0.999998 0 0.999998
16372.1 0.999998 0 0.999998
16486.7 0.999998 0 0.999998
16602.1 0.999998 0 0.999998
16718.3 0.999998 0 0.999998
16835.3 0.999998 0 0.999998
16953.2 0.999998 0 0.999998
17071.8 0.999998 0 0.999998
17191.3 0.999998 0 0.999998
17311.7 0.999998 0 0.999998
17432.9 0.999998 0 0.999998
17554.9 0.999998 0 0.999998
17677.8 0.999998 0 0.999998
17801.5 0.999998 0 0.999998
17926.1 0.999999 0 0.999999
18051.6 0.999999 0 0.999999
18178 0.999999 0 0.999999
18305.2 0.999999 0 0.999999
18433.4 0.999999 0 0.999999
18562.4 0.999999 0 0.999999
18692.3 0.999999 0 0.999999
18823.2 0.999999 0 0.999999
18954.9 0.999999 0 0.999999
19087.6 0.999999 0 0.999999
19221.2 0.999999 0 0.999999
19355.8 0.999999 0 0.999999
19491.3 0.999999 0 0.999999
19627.7 0.999999 0 0.999999
19765.1 0.999999 0 0.999999
19903.5 0.999999 0 0.999999
20042.8 0.999999 0 0.999999
20183.1 0.999999 0 0.999999
20324.4 0.999999 0 0.999999
20466.6 0.999999 0 0.999999
20609.9 0.999999 0 0.999999
20754.2 0.999999 0 0.999999
20899.4 0.999999 0 0.999999
21045.7 0.999999 0 0.999999
21193.1 0.999999 0 0.999999
21341.4 0.999999 0 0.999999
21490.8 0.999999 0 0.999999
21641.2 0.999999 0 0.999999
21792.7 0.999999 0 0.999999
21945.3 0.999999 0 0.999999
22098.9 0.999999 0 0.999999
22253.6 0.999999 0 0.999999
22409.4 0.999999 0 0.999999
22566.2 0.999999 0 0.999999
22724.2 0.999999 0 0.999999
22883.3 0.999999 0 0.999999
23043.4 0.999999 0 0.999999
23204.8 0.999999 0 0.999999
23367.2 0.999999 0 0.999999
23530.8 0.999999 0 0.999999
23695.5 0.999999 0 0.999999
23861.3 0.999999 0 0.999999
24028.4 0.999999 0 0.999999
24196.6 0.999999 0 0.999999
24365.9 0.999999 0 0.999999
24536.5 0.999999 0 0.999999
24708.3 0.999999 0 0.999999
24881.2 0.999999 0 0.999999
25055.4 0.999999 0 0.999999
25230.8 0.999999 0 0.999999
25407.4 0.999999 0 0.999999
25585.2 0.999999 0 0.999999
25764.3 0.999999 0 0.999999
25944.7 0.999999 0 0.999999
26126.3 0.999999 0 0.999999
26309.2 0.999999 0 0.999999
26493.3 0.999999 0 0.999999
26678.8 0.999999 0 0.999999
26865.6 0.999999 0 0.999999
27053.6 0.999999 0 0.999999
27243 0.999999 0 0.999999
27433.7 0.999999 0 0.999999
27625.7 0.999999 0 0.999999
27819.1 0.999999 0 0.999999
28013.8 0.999999 0 0.999999
28209.9 0.999999 0 0.999999
28407.4 0.999999 0 0.999999
28606.3 0.999999 0 0.999999
28806.5 0.999999 0 0.999999
29008.1 0.999999 0 0.999999
29211.2 0.999999 0 0.999999
29415.7 0.999999 0 0.999999
29621.6 0.999999 0 0.999999
29828.9 0.999999 0 0.999999
30037.7 0.999999 0 0.999999
30248 0.999999 0 0.999999
30459.7 0.999999 0 0.999999
30673 0.999999 0 0.999999
30887.7 1 0 1
31103.9 1 0 1
31321.6 1 0 1
31540.9 1 0 1
31761.7 1 0 1
31984 1 0 1
32207.9 1 0 1
32433.3 1 0 1
32660.4 1 0 1
32889 1 0 1
33119.2 1 0 1
33351 1 0 1
33584.5 1 0 1
33819.6 1 0 1
34056.3 1 0 1
34294.7 1 0 1
34534.8 1 0 1
34776.5 1 0 1
35020 1 0 1
35265.1 1 0 1
35512 1 0 1
35760.5 1 0 1
36010.9 1 0 1
36262.9 1 0 1
36516.8 1 0 1
36772.4 1 0 1
37029.8 1 0 1
37289 1 0 1
37550 1 0 1
37812.9 1 0 1
38077.6 1 0 1
38344.1 1 0 1
38612.5 1 0 1
38882.8 1 0 1
39155 1 0 1
39429.1 1 0 1
39705.1 1 0 1
39983 1 0 1
40262.9 1 0 1
40544.7 1 0 1
40828.6 1 0 1
41114.4 1 0 1
41402.2 1 0 1
41692 1 0 1
41983.8 1 0 1
42277.7 1 0 1
42573.6 1 0 1
42871.7 1 0 1
43171.8 1 0 1
43474 1 0 1
43778.3 1 0 1
44084.7 1 0 1
44393.3 1 0 1
44704.1 1 0 1
45017 1 0 1
45332.1 1 0 1
45649.5 1 0 1
45969 1 0 1
46290.8 1 0 1
46614.8 1 0 1
46941.1 1 0 1
47269.7 1 0 1
47600.6 1 0 1
47933.8 1 0 1
48269.3 1 0 1
48607.2 1 0 1
48947.5 1 0 1
49290.1 1 0 1
49635.1 1 0 1
49982.6 1 0 1
50332.5 1 0 1
50684.8 1 0 1
51039.6 1 0 1
51396.9 1 0 1
51756.6 1 0 1
52118.9 1 0 1
52483.8 1 0 1
52851.1 1 0 1
53221.1 1 0 1
53593.7 1 0 1
53968.8 1 0 1
54346.6 1 0 1
54727 1 0 1
55110.1 1 0 1
55495.9 1 0 1
55884.3 1 0 1
56275.5 1 0 1
56669.5 1 0 1
57066.2 1 0 1
57465.6 1 0 1
57867.9 1 0 1
58273 1 0 1
58680.9 1 0 1
59091.6 1 0 1
59505.3 1 0 1
59921.8 1 0 1
60341.3 1 0 1
60763.6 1 0 1
61189 1 0 1
61617.3 1 0 1
62048.6 1 0 1
62483 1 0 1
62920.4 1 0 1
63360.8 1 0 1
63804.3 1 0 1
64251 1 0 1
64700.7 1 0 1
65153.6 1 0 1
65609.7 1 0 1
66069 1 0 1
66531.4 1 0 1
66997.2 1 0 1
67466.1 1 0 1
67938.4 1 0 1
68414 1 0 1
68892.9 1 0 1
69375.1 1 0 1
69860.8 1 0 1
70349.8 1 0 1
70842.2 1 0 1
71338.1 1 0 1
71837.5 1 0 1
72340.4 1 0 1
72846.7 1 0 1
73356.7 1 0 1
73870.2 1 0 1
74387.2 1 0 1
74908 1 0 1
75432.3 1 0 1
75960.3 1 0 1
76492.1 1 0 1
77027.5 1 0 1
77566.7 1 0 1
78109.7 1 0 1
78656.4 1 0 1
79207 1 0 1
79761.5 1 0 1
80319.8 1 0 1
80882 1 0 1
81448.2 1 0 1
82018.4 1 0 1
82592.5 1 0 1
83170.6 1 0 1
83752.8 1 0 1
84339.1 1 0 1
84929.5 1 0 1
85524 1 0 1
86122.6 1 0 1
86725.5 1 0 1
87332.6 1 0 1
87943.9 1 0 1
88559.5 1 0 1
89179.4 1 0 1
89803.7 1 0 1
90432.3 1 0 1
91065.3 1 0 1
91702.8 1 0 1
92344.7 1 0 1
92991.1 1 0 1
93642.1 1 0 1
94297.6 1 0 1
94957.7 1 0 1
95622.4 1 0 1
96291.7 1 0 1
96965.8 1 0 1
97644.5 1 0 1
98328 1 0 1
99016.3 1 0 1
99709.4 1 0 1
100407 1 0 1
101110 1 0 1
101818 1 0 1
102531 1 0 1
103248 1 0 1
103971 1 0 1
104699 1 0 1
105432 1 0 1
106170 1 0 1
106913 1 0 1
107662 1 0 1
108415 1 0 1
109174 1 0 1
109938 1 0 1
110708 1 0 1
111483 1 0 1
112263 1 0 1
113049 1 0 1
113840 1 0 1
114637 1 0 1
115440 1 0 1
116248 1 0 1
117061 1 0 1
117881 1 0 1
118706 1 0 1
119537 1 0 1
120374 1 0 1
121216 1 0 1
122065 1 0 1
122919 1 0 1
123780 1 0 1
124646 1 0 1
125519 1 0 1
126397 1 0 1
127282 1 0 1
128173 1 0 1
129070 1 0 1
129974 1 0 1
130884 1 0 1
131800 1 0 1
132722 1 0 1
133652 1 0 1
134587 1 0 1
135529 1 0 1
136478 1 0 1
137433 1 0 1
138395 1 0 1
139364 1 0 1
140340 1 0 1
141322 1 0 1
142311 1 0 1
143307 1 0 1
144311 1 0 1
145321 1 0 1
146338 1 0 1
147362 1 0 1
148394 1 0 1
149433 1 0 1
150479 1 0 1
151532 1 0 1
152593 1 0 1
153661 1 0 1
154737 1 0 1
155820 1 0 1
156910 1 0 1
158009 1 0 1
159115 1 0 1
160229 1 0 1
161350 1 0 1
162480 1 0 1
163617 1 0 1
164762 1 0 1
165916 1 0 1
167077 1 0 1
168247 1 0 1
169424 1 0 1
170610 1 0 1
171805 1 0 1
173007 1 0 1
174218 1 0 1
175438 1 0 1
176666 1 0 1
177903 1 0 1
179148 1 0 1
180402 1 0 1
181665 1 0 1
182936 1 0 1
184217 1 0 1
185507 1 0 1
186805 1 0 1
188113 1 0 1
189429 1 0 1
190755 1 0 1
192091 1 0 1
193435 1 0 1
194789 1 0 1
196153 1 0 1
197526 1 0 1
198909 1 0 1
200301 1 0 1
201703 1 0 1
203115 1 0 1
204537 1 0 1
205969 1 0 1
207410 1 0 1
208862 1 0 1
210324 1 0 1
211797 1 0 1
213279 1 0 1
214772 1 0 1
216276 1 0 1
217790 1 0 1
219314 1 0 1
220849 1 0 1
222395 1 0 1
223952 1 0 1
225520 1 0 1
227098 1 0 1
228688 1 0 1
230289 1 0 1
231901 1 0 1
233524 1 0 1
235159 1 0 1
236805 1 0 1
238462 1 0 1
240132 1 0 1
241813 1 0 1
243505 1 0 1
245210 1 0 1
246926 1 0 1
248655 1 0 1
250395 1 0 1
252148 1 0 1
253913 1 0 1
255691 1 0 1
257480 1 0 1
259283 1 0 1
261098 1 0 1
262925 1 0 1
264766 1 0 1
266619 1 0 1
268486 1 0 1
270365 1 0 1
272258 1 0 1
274163 1 0 1
276083 1 0 1
278015 1 0 1
279961 1 0 1
281921 1 0 1
283894 1 0 1
285882 1 0 1
287883 1 0 1
289898 1 0 1
291927 1 0 1
293971 1 0 1
296029 1 0 1
298101 1 0 1
300188 1 0 1
302289 1 0 1
304405 1 0 1
306536 1 0 1
308681 1 0 1
310842 1 0 1
313018 1 0 1
315209 1 0 1
317416 1 0 1
319638 1 0 1
321875 1 0 1
324128 1 0 1
326397 1 0 1
328682 1 0 1
330983 1 0 1
333300 1 0 1
335633 1 0 1
337982 1 0 1
340348 1 0 1
342730 1 0 1
345129 1 0 1
347545 1 0 1
349978 1 0 1
352428 1 0 1
354895 1 0 1
357379 1 0 1
359881 1 0 1
362400 1 0 1
364937 1 0 1
367491 1 0 1
370064 1 0 1
372654 1 0 1
375263 1 0 1
377890 1 0 1
380535 1 0 1
383199 1 0 1
385881 1 0 1
388582 1 0 1
391302 1 0 1
394041 1 0 1
396800 1 0 1
399577 1 0 1
402374 1 0 1
405191 1 0 1
408027 1 0 1
410884 1 0 1
413760 1 0 1
416656 1 0 1
419573 1 0 1
422510 1 0 1
425467 1 0 1
428446 1 0 1
431445 1 0 1
434465 1 0 1
437506 1 0 1
440569 1 0 1
443653 1 0 1
446758 1 0 1
449885 1 0 1
453035 1 0 1
456206 1 0 1
459399 1 0 1
462615 1 0 1
465853 1 0 1
469114 1 0 1
472398 1 0 1
475705 1 0 1
479035 1 0 1
482388 1 0 1
485765 1 0 1
489165 1 0 1
492589 1 0 1
496037 1 0 1
499510 1 0 1
503006 1 0 1
506527 1 0 1
510073 1 0 1
513644 1 0 1
517239 1 0 1
520860 1 0 1
524506 1 0 1
528177 1 0 1
531875 1 0 1
535598 1 0 1
539347 1 0 1
543122 1 0 1
546924 1 0 1
550753 1 0 1
554608 1 0 1
558490 1 0 1
562400 1 0 1
566336 1 0 1
570301 1 0 1
574293 1 0 1
578313 1 0 1
582361 1 0 1
586438 1 0 1
590543 1 0 1
594676 1 0 1
598839 1 0 1
603031 1 0 1
607252 1 0 1
611503 1 0 1
615784 1 0 1
620094 1 0 1
624435 1 0 1
628806 1 0 1
633207 1 0 1
637640 1 0 1
642103 1 0 1
646598 1 0 1
651124 1 0 1
655682 1 0 1
660272 1 0 1
664894 1 0 1
669548 1 0 1
674235 1 0 1
678954 1 0 1
683707 1 0 1
688493 1 0 1
693313 1 0 1
698166 1 0 1
703053 1 0 1
707974 1 0 1
712930 1 0 1
717921 1 0 1
722946 1 0 1
728007 1 0 1
733103 1 0 1
738234 1 0 1
743402 1 0 1
748606 1 0 1
753846 1 0 1
759123 1 0 1
764437 1 0 1
769788 1 0 1
775177 1 0 1
780603 1 0 1
786067 1 0 1
791569 1 0 1
797110 1 0 1
802690 1 0 1
808309 1 0 1
813967 1 0 1
819665 1 0 1
825403 1 0 1
831180 1 0 1
836999 1 0 1
842858 1 0 1
848758 1 0 1
854699 1 0 1
860682 1 0 1
866707 1 0 1
872774 1 0 1
878883 1 0 1
885035 1 0 1
891230 1 0 1
897469 1 0 1
903751 1 0 1
910078 1 0 1
916448 1 0 1
922863 1 0 1
929323 1 0 1
935829 1 0 1
942379 1 0 1
948976 1 0 1
955619 1 0 1
962308 1 0 1
969044 1 0 1
975828 1 0 1
982658 1 0 1
989537 1 0 1
996464 1 0 1
1.00344e+06 1 0 1
1.01046e+06 1 0 1
1.01754e+06 1 0 1
1.02466e+06 1 0 1
1.03183e+06 1 0 1
1.03905e+06 1 0 1
1.04633e+06 1 0 1
1.05365e+06 1 0 1
1.06103e+06 1 0 1
1.06846e+06 1 0 1
1.07593e+06 1 0 1
1.08347e+06 1 0 1
1.09105e+06 1 0 1
1.09869e+06 1 0 1
1.10638e+06 1 0 1
1.11412e+06 1 0 1
1.12192e+06 1 0 1
1.12978e+06 1 0 1
1.13768e+06 1 0 1
1.14565e+06 1 0 1
1.15367e+06 1 0 1
1.16174e+06 1 0 1
1.16987e+06 1 0 1
1.17806e+06 1 0 1
1.18631e+06 1 0 1
1.19461e+06 1 0 1
1.20298e+06 1 0 1
1.2114e+06 1 0 1
1.21988e+06 1 0 1
1.22842e+06 1 0 1
1.23702e+06 1 0 1
1.24567e+06 1 0 1
1.25439e+06 1 0 1
1.26318e+06 1 0 1
1.27202e+06 1 0 1
1.28092e+06 1 0 1
1.28989e+06 1 0 1
1.29892e+06 1 0 1
1.30801e+06 1 0 1
1.31717e+06 1 0 1
1.32639e+06 1 0 1
1.33567e+06 1 0 1
1.34502e+06 1 0 1
1.35444e+06 1 0 1
1.36392e+06 1 0 1
1.37346e+06 1 0 1
1.38308e+06 1 0 1
1.39276e+06 1 0 1
1.40251e+06 1 0 1
1.41233e+06 1 0 1
1.42221e+06 1 0 1
1.43217e+06 1 0 1
1.44219e+06 1 0 1
1.45229e+06 1 0 1
1.46245e+06 1 0 1
1.47269e+06 1 0 1
1.483e+06 1 0 1
1.49338e+06 1 0 1
1.50384e+06 1 0 1
1.51436e+06 1 0 1
1.52496e+06 1 0 1
1.53564e+06 1 0 1
1.54639e+06 1 0 1
1.55721e+06 1 0 1
1.56811e+06 1 0 1
1.57909e+06 1 0 1
1.59014e+06 1 0 1
1.60127e+06 1 0 1
1.61248e+06 1 0 1
1.62377e+06 1 0 1
1.63514e+06 1 0 1
1.64658e+06 1 0 1
1.65811e+06 1 0 1
1.66972e+06 1 0 1
1.6814e+06 1 0 1
1.69317e+06 1 0 1
1.70503e+06 1 0 1
1.71696e+06 1 0 1
1.72898e+06 1 0 1
1.74108e+06 1 0 1
1.75327e+06 1 0 1
1.76554e+06 1 0 1
1.7779e+06 1 0 1
1.79035e+06 1 0 1
1.80288e+06 1 0 1
1.8155e+06 1 0 1
1.82821e+06 1 0 1
1.841e+06 1 0 1
1.85389e+06 1 0 1
1.86687e+06 1 0 1
1.87994e+06 1 0 1
1.8931e+06 1 0 1
1.90635e+06 1 0 1
1.91969e+06 1 0 1
1.93313e+06 1 0 1
1.94666e+06 1 0 1
1.96029e+06 1 0 1
1.97401e+06 1 0 1
1.98783e+06 1 0 1
2.00174e+06 1 0 1
2.01576e+06 1 0 1
2.02987e+06 1 0 1
2.04408e+06 1 0 1
2.05838e+06 1 0 1
2.07279e+06 1 0 1
2.0873e+06 1 0 1
2.10191e+06 1 0 1
2.11663e+06 1 0 1
2.13144e+06 1 0 1
2.14636e+06 1 0 1
2.16139e+06 1 0 1
2.17652e+06 1 0 1
2.19175e+06 1 0 1
2.2071e+06 1 0 1
2.22255e+06 1 0 1
2.2381e+06 1 0 1
2.25377e+06 1 0 1
2.26955e+06 1 0 1
2.28543e+06 1 0 1
2.30143e+06 1 0 1
2.31754e+06 1 0 1
2.33376e+06 1 0 1
2.3501e+06 1 0 1
2.36655e+06 1 0 1
2.38312e+06 1 0 1
2.3998e+06 1 0 1
2.4166e+06 1 0 1
2.43351e+06 1 0 1
2.45055e+06 1 0 1
2.4677e+06 1 0 1
2.48498e+06 1 0 1
2.50237e+06 1 0 1
2.51989e+06 1 0 1
2.53753e+06 1 0 1
2.55529e+06 1 0 1
2.57318e+06 1 0 1
2.59119e+06 1 0 1
2.60933e+06 1 0 1
2.62759e+06 1 0 1
2.64599e+06 1 0 1
2.66451e+06 1 0 1
2.68316e+06 1 0 1
2.70194e+06 1 0 1
2.72085e+06 1 0 1
2.7399e+06 1 0 1
2.75908e+06 1 0 1
2.77839e+06 1 0 1
2.79784e+06 1 0 1
2.81743e+06 1 0 1
2.83715e+06 1 0 1
2.85701e+06 1 0 1
2.87701e+06 1 0 1
2.89715e+06 1 0 1
2.91743e+06 1 0 1
2.93785e+06 1 0 1
2.95841e+06 1 0 1
2.97912e+06 1 0 1
2.99998e+06 1 0 1
3.02098e+06 1 0 1
3.04212e+06 1 0 1
3.06342e+06 1 0 1
3.08486e+06 1 0 1
3.10646e+06 1 0 1
3.1282e+06 1 0 1
3.1501e+06 1 0 1
3.17215e+06 1 0 1
3.19435e+06 1 0 1
3.21672e+06 1 0 1
3.23923e+06 1 0 1
3.26191e+06 1 0 1
3.28474e+06 1 0 1
3.30773e+06 1 0 1
3.33089e+06 1 0 1
3.3542e+06 1 0 1
3.37768e+06 1 0 1
3.40133e+06 1 0 1
3.42514e+06 1 0 1
3.44911e+06 1 0 1
3.47326e+06 1 0 1
3.49757e+06 1 0 1
3.52205e+06 1 0 1
3.54671e+06 1 0 1
3.57153e+06 1 0 1
3.59653e+06 1 0 1
3.62171e+06 1 0 1
3.64706e+06 1 0 1
3.67259e+06 1 0 1
3.6983e+06 1 0 1
3.72419e+06 1 0 1
3.75026e+06 1 0 1
3.77651e+06 1 0 1
3.80294e+06 1 0 1
3.82956e+06 1 0 1
3.85637e+06 1 0 1
3.88337e+06 1 0 1
3.91055e+06 1 0 1
3.93792e+06 1 0 1
3.96549e+06 1 0 1
3.99325e+06 1 0 1
4.0212e+06 1 0 1
4.04935e+06 1 0 1
4.07769e+06 1 0 1
4.10624e+06 1 0 1
4.13498e+06 1 0 1
4.16393e+06 1 0 1
4.19307e+06 1 0 1
4.22242e+06 1 0 1
4.25198e+06 1 0 1
4.28175e+06 1 0 1
4.31172e+06 1 0 1
4.3419e+06 1 0 1
4.37229e+06 1 0 1
4.4029e+06 1 0 1
4.43372e+06 1 0 1
4.46476e+06 1 0 1
4.49601e+06 1 0 1
4.52748e+06 1 0 1
4.55917e+06 1 0 1
4.59109e+06 1 0 1
4.62323e+06 1 0 1
4.65559e+06 1 0 1
4.68818e+06 1 0 1
4.72099e+06 1 0 1
4.75404e+06 1 0 1
4.78732e+06 1 0 1
4.82083e+06 1 0 1
4.85458e+06 1 0 1
4.88856e+06 1 0 1
4.92278e+06 1 0 1
4.95724e+06 1 0 1
4.99194e+06 1 0 1
5.02688e+06 1 0 1
5.06207e+06 1 0 1
5.0975e+06 1 0 1
5.13319e+06 1 0 1
5.16912e+06 1 0 1
5.2053e+06 1 0 1
5.24174e+06 1 0 1
5.27843e+06 1 0 1
5.31538e+06 1 0 1
5.35259e+06 1 0 1
5.39006e+06 1 0 1
5.42779e+06 1 0 1
5.46578e+06 1 0 1
5.50404e+06 1 0 1
5.54257e+06 1 0 1
5.58137e+06 1 0 1
5.62044e+06 1 0 1
5.65978e+06 1 0 1
5.6994e+06 1 0 1
5.7393e+06 1 0 1
5.77947e+06 1 0 1
5.81993e+06 1 0 1
5.86067e+06 1 0 1
5.90169e+06 1 0 1
5.943e+06 1 0 1
5.9846e+06 1 0 1
6.0265e+06 1 0 1
6.06868e+06 1 0 1
6.11116e+06 1 0 1
6.15394e+06 1 0 1
6.19702e+06 1 0 1
6.2404e+06 1 0 1
6.28408e+06 1 0 1
6.32807e+06 1 0 1
6.37237e+06 1 0 1
6.41697e+06 1 0 1
6.46189e+06 1 0 1
6.50712e+06 1 0 1
6.55267e+06 1 0 1
6.59854e+06 1 0 1
6.64473e+06 1 0 1
6.69125e+06 1 0 1
6.73808e+06 1 0 1
6.78525e+06 1 0 1
6.83275e+06 1 0 1
6.88058e+06 1 0 1
6.92874e+06 1 0 1
6.97724e+06 1 0 1
7.02608e+06 1 0 1
7.07527e+06 1 0 1
7.12479e+06 1 0 1
7.17467e+06 1 0 1
7.22489e+06 1 0 1
7.27546e+06 1 0 1
7.32639e+06 1 0 1
7.37768e+06 1 0 1
7.42932e+06 1 0 1
7.48133e+06 1 0 1
7.53369e+06 1 0 1
7.58643e+06 1 0 1
7.63954e+06 1 0 1
7.69301e+06 1 0 1
7.74686e+06 1 0 1
7.80109e+06 1 0 1
7.8557e+06 1 0 1
7.91069e+06 1 0 1
7.96606e+06 1 0 1
8.02183e+06 1 0 1
8.07798e+06 1 0 1
8.13452e+06 1 0 1
8.19147e+06 1 0 1
8.24881e+06 1 0 1
8.30655e+06 1 0 1
8.36469e+06 1 0 1
8.42325e+06 1 0 1
8.48221e+06 1 0 1
8.54159e+06 1 0 1
8.60138e+06 1 0 1
8.66159e+06 1 0 1
8.72222e+06 1 0 1
8.78327e+06 1 0 1
8.84476e+06 1 0 1
8.90667e+06 1 0 1
8.96902e+06 1 0 1
9.0318e+06 1 0 1
9.09502e+06 1 0 1
9.15869e+06 1 0 1
9.2228e+06 1 0 1
9.28736e+06 1 0 1
9.35237e+06 1 0 1
9.41783e+06 1 0 1
9.48376e+06 1 0 1
9.55015e+06 1 0 1
9.617e+06 1 0 1
9.68432e+06 1 0 1
9.75211e+06 1 0 1
9.82037e+06 1 0 1
9.88911e+06 1 0 1
9.95834e+06 1 0 1
1.0028e+07 1 0 1
1.00982e+07 1 0 1
1.01689e+07 1 0 1
1.02401e+07 1 0 1
1.03118e+07 1 0 1
1.0384e+07 1 0 1
1.04567e+07 1 0 1
1.05299e+07 1 0 1
1.06036e+07 1 0 1
1.06778e+07 1 0 1
1.07525e+07 1 0 1
1.08278e+07 1 0 1
1.09036e+07 1 0 1
1.09799e+07 1 0 1
1.10568e+07 1 0 1
1.11342e+07 1 0 1
1.12121e+07 1 0 1
1.12906e+07 1 0 1
1.13696e+07 1 0 1
1.14492e+07 1 0 1
1.15294e+07 1 0 1
1.16101e+07 1 0 1
1.16913e+07 1 0 1
1.17732e+07 1 0 1
1.18556e+07 1 0 1
1.19386e+07 1 0 1
1.20222e+07 1 0 1
1.21063e+07 1 0 1
1.21911e+07 1 0 1
1.22764e+07 1 0 1
1.23623e+07 1 0 1
1.24489e+07 1 0 1
1.2536e+07 1 0 1
1.26238e+07 1 0 1
1.27121e+07 1 0 1
1.28011e+07 1 0 1
1.28907e+07 1 0 1
1.2981e+07 1 0 1
1.30718e+07 1 0 1
1.31633e+07 1 0 1
1.32555e+07 1 0 1
1.33483e+07 1 0 1
1.34417e+07 1 0 1
1.35358e+07 1 0 1
1.36305e+07 1 0 1
1.3726e+07 1 0 1
1.3822e+07 1 0 1
1.39188e+07 1 0 1
1.40162e+07 1 0 1
1.41143e+07 1 0 1
1.42131e+07 1 0 1
1.43126e+07 1 0 1
1.44128e+07 1 0 1
1.45137e+07 1 0 1
1.46153e+07 1 0 1
1.47176e+07 1 0 1
1.48206e+07 1 0 1
1.49244e+07 1 0 1
1.50288e+07 1 0 1
1.5134e+07 1 0 1
1.524e+07 1 0 1
1.53467e+07 1 0 1
1.54541e+07 1 0 1
1.55623e+07 1 0 1
1.56712e+07 1 0 1
1.57809e+07 1 0 1
1.58914e+07 1 0 1
1.60026e+07 1 0 1
1.61146e+07 1 0 1
1.62274e+07 1 0 1
1.6341e+07 1 0 1
1.64554e+07 1 0 1
1.65706e+07 1 0 1
1.66866e+07 1 0 1
1.68034e+07 1 0 1
1.6921e+07 1 0 1
1.70395e+07 1 0 1
1.71587e+07 1 0 1
1.72789e+07 1 0 1
1.73998e+07 1 0 1
1.75216e+07 1 0 1
1.76443e+07 1 0 1
1.77678e+07 1 0 1
1.78921e+07 1 0 1
1.80174e+07 1 0 1
1.81435e+07 1 0 1
1.82705e+07 1 0 1
1.83984e+07 1 0 1
1.85272e+07 1 0 1
1.86569e+07 1 0 1
1.87875e+07 1 0 1
1.8919e+07 1 0 1
1.90514e+07 1 0 1
1.91848e+07 1 0 1
1.93191e+07 1 0 1
1.94543e+07 1 0 1
1.95905e+07 1 0 1
1.97276e+07 1 0 1
1.98657e+07 1 0 1
2.00048e+07 1 0 1
2.01448e+07 1 0 1
2.02858e+07 1 0 1
2.04278e+07 1 0 1
2.05708e+07 1 0 1
2.07148e+07 1 0 1
2.08598e+07 1 0 1
2.10058e+07 1 0 1
2.11529e+07 1 0 1
2.1301e+07 1 0 1
2.14501e+07 1 0 1
2.16002e+07 1 0 1
2.17514e+07 1 0 1
2.19037e+07 1 0 1
2.2057e+07 1 0 1
2.22114e+07 1 0 1
2.23669e+07 1 0 1
2.25234e+07 1 0 1
2.26811e+07 1 0 1
2.28399e+07 1 0 1
2.29998e+07 1 0 1
2.31608e+07 1 0 1
2.33229e+07 1 0 1
2.34861e+07 1 0 1
2.36505e+07 1 0 1
2.38161e+07 1 0 1
2.39828e+07 1 0 1
2.41507e+07 1 0 1
2.43197e+07 1 0 1
2.449e+07 1 0 1
2.46614e+07 1 0 1
2.4834e+07 1 0 1
2.50079e+07 1 0 1
2.51829e+07 1 0 1
2.53592e+07 1 0 1
2.55367e+07 1 0 1
2.57155e+07 1 0 1
2.58955e+07 1 0 1
2.60768e+07 1 0 1
2.62593e+07 1 0 1
2.64431e+07 1 0 1
2.66282e+07 1 0 1
2.68146e+07 1 0 1
2.70023e+07 1 0 1
2.71913e+07 1 0 1
2.73817e+07 1 0 1
2.75733e+07 1 0 1
2.77664e+07 1 0 1
2.79607e+07 1 0 1
2.81565e+07 1 0 1
2.83535e+07 1 0 1
2.8552e+07 1 0 1
2.87519e+07 1 0 1
2.89531e+07 1 0 1
2.91558e+07 1 0 1
2.93599e+07 1 0 1
2.95654e+07 1 0 1
2.97724e+07 1 0 1
2.99808e+07 1 0 1
3.01907e+07 1 0 1
3.0402e+07 1 0 1
3.06148e+07 1 0 1
3.08291e+07 1 0 1
3.10449e+07 1 0 1
3.12622e+07 1 0 1
3.14811e+07 1 0 1
3.17014e+07 1 0 1
3.19233e+07 1 0 1
3.21468e+07 1 0 1
3.23718e+07 1 0 1
3.25984e+07 1 0 1
3.28266e+07 1 0 1
3.30564e+07 1 0 1
3.32878e+07 1 0 1
3.35208e+07 1 0 1
3.37555e+07 1 0 1
3.39918e+07 1 0 1
3.42297e+07 1 0 1
3.44693e+07 1 0 1
3.47106e+07 1 0 1
3.49536e+07 1 0 1
3.51982e+07 1 0 1
3.54446e+07 1 0 1
3.56927e+07 1 0 1
3.59426e+07 1 0 1
3.61942e+07 1 0 1
3.64476e+07 1 0 1
3.67027e+07 1 0 1
3.69596e+07 1 0 1
3.72183e+07 1 0 1
3.74788e+07 1 0 1
3.77412e+07 1 0 1
3.80054e+07 1 0 1
3.82714e+07 1 0 1
3.85393e+07 1 0 1
3.88091e+07 1 0 1
3.90808e+07 1 0 1
3.93543e+07 1 0 1
3.96298e+07 1 0 1
3.99072e+07 1 0 1
4.01866e+07 1 0 1
4.04679e+07 1 0 1
4.07512e+07 1 0 1
4.10364e+07 1 0 1
4.13237e+07 1 0 1
4.16129e+07 1 0 1
4.19042e+07 1 0 1
4.21975e+07 1 0 1
4.24929e+07 1 0 1
4.27904e+07 1 0 1
4.30899e+07 1 0 1
4.33915e+07 1 0 1
4.36953e+07 1 0 1
4.40012e+07 1 0 1
4.43092e+07 1 0 1
4.46193e+07 1 0 1
4.49317e+07 1 0 1
4.52462e+07 1 0 1
4.55629e+07 1 0 1
4.58818e+07 1 0 1
4.6203e+07 1 0 1
4.65264e+07 1 0 1
4.68521e+07 1 0 1
4.71801e+07 1 0 1
4.75103e+07 1 0 1
4.78429e+07 1 0 1
4.81778e+07 1 0 1
4.85151e+07 1 0 1
4.88547e+07 1 0 1
4.91967e+07 1 0 1
4.9541e+07 1 0 1
4.98878e+07 1 0 1
5.0237e+07 1 0 1
5.05887e+07 1 0 1
5.09428e+07 1 0 1
5.12994e+07 1 0 1
5.16585e+07 1 0 1
5.20201e+07 1 0 1
5.23843e+07 1 0 1
5.27509e+07 1 0 1
5.31202e+07 1 0 1
5.3492e+07 1 0 1
5.38665e+07 1 0 1
5.42436e+07 1 0 1
5.46233e+07 1 0 1
5.50056e+07 1 0 1
5.53907e+07 1 0 1
5.57784e+07 1 0 1
5.61688e+07 1 0 1
5.6562e+07 1 0 1
5.6958e+07 1 0 1
5.73567e+07 1 0 1
5.77582e+07 1 0 1
5.81625e+07 1 0 1
5.85696e+07 1 0 1
5.89796e+07 1 0 1
5.93925e+07 1 0 1
5.98082e+07 1 0 1
6.02269e+07 1 0 1
6.06484e+07 1 0 1
6.1073e+07 1 0 1
6.15005e+07 1 0 1
6.1931e+07 1 0 1
6.23645e+07 1 0 1
6.28011e+07 1 0 1
6.32407e+07 1 0 1
6.36834e+07 1 0 1
6.41291e+07 1 0 1
6.45781e+07 1 0 1
6.50301e+07 1 0 1
6.54853e+07 1 0 1
6.59437e+07 1 0 1
6.64053e+07 1 0 1
6.68701e+07 1 0 1
6.73382e+07 1 0 1
6.78096e+07 1 0 1
6.82843e+07 1 0 1
6.87623e+07 1 0 1
6.92436e+07 1 0 1
6.97283e+07 1 0 1
7.02164e+07 1 0 1
7.07079e+07 1 0 1
7.12029e+07 1 0 1
7.17013e+07 1 0 1
7.22032e+07 1 0 1
7.27086e+07 1 0 1
7.32176e+07 1 0 1
7.37301e+07 1 0 1
7.42462e+07 1 0 1
7.47659e+07 1 0 1
7.52893e+07 1 0 1
7.58163e+07 1 0 1
7.6347e+07 1 0 1
7.68815e+07 1 0 1
7.74196e+07 1 0 1
7.79616e+07 1 0 1
7.85073e+07 1 0 1
7.90569e+07 1 0 1
7.96103e+07 1 0 1
8.01675e+07 1 0 1
8.07287e+07 1 0 1
8.12938e+07 1 0 1
8.18629e+07 1 0 1
8.24359e+07 1 0 1
8.3013e+07 1 0 1
8.3594e+07 1 0 1
8.41792e+07 1 0 1
8.47685e+07 1 0 1
8.53618e+07 1 0 1
8.59594e+07 1 0 1
8.65611e+07 1 0 1
8.7167e+07 1 0 1
8.77772e+07 1 0 1
8.83916e+07 1 0 1
8.90104e+07 1 0 1
8.96334e+07 1 0 1
9.02609e+07 1 0 1
9.08927e+07 1 0 1
9.15289e+07 1 0 1
9.21696e+07 1 0 1
9.28148e+07 1 0 1
9.34645e+07 1 0 1
9.41188e+07 1 0 1
9.47776e+07 1 0 1
9.54411e+07 1 0 1
9.61092e+07 1 0 1
9.67819e+07 1 0 1
9.74594e+07 1 0 1
9.81416e+07 1 0 1
9.88286e+07 1 0 1
9.95204e+07 1 0 1
1.00217e+08 1 0 1
1.00919e+08 1 0 1
1.01625e+08 1 0 1
1.02336e+08 1 0 1
1.03053e+08 1 0 1
1.03774e+08 1 0 1
1.04501e+08 1 0 1
1.05232e+08 1 0 1
1.05969e+08 1 0 1
1.0671e+08 1 0 1
1.07457e+08 1 0 1
1.0821e+08 1 0 1
1.08967e+08 1 0 1
1.0973e+08 1 0 1
1.10498e+08 1 0 1
1.11271e+08 1 0 1
1.1205e+08 1 0 1
1.12835e+08 1 0 1
1.13625e+08 1 0 1
1.1442e+08 1 0 1
1.15221e+08 1 0 1
1.16027e+08 1 0 1
1.1684e+08 1 0 1
1.17657e+08 1 0 1
1.18481e+08 1 0 1
1.1931e+08 1 0 1
1.20146e+08 1 0 1
1.20987e+08 1 0 1
1.21834e+08 1 0 1
1.22686e+08 1 0 1
1.23545e+08 1 0 1
1.2441e+08 1 0 1
1.25281e+08 1 0 1
1.26158e+08 1 0 1
1.27041e+08 1 0 1
1.2793e+08 1 0 1
1.28826e+08 1 0 1
1.29727e+08 1 0 1
1.30636e+08 1 0 1
1.3155e+08 1 0 1
1.32471e+08 1 0 1
1.33398e+08 1 0 1
1.34332e+08 1 0 1
1.35272e+08 1 0 1
1.36219e+08 1 0 1
1.37173e+08 1 0 1
1.38133e+08 1 0 1
1.391e+08 1 0 1
1.40074e+08 1 0 1
1.41054e+08 1 0 1
1.42041e+08 1 0 1
1.43036e+08 1 0 1
1.44037e+08 1 0 1
1.45045e+08 1 0 1
1.46061e+08 1 0 1
1.47083e+08 1 0 1
1.48113e+08 1 0 1
1.49149e+08 1 0 1
1.50193e+08 1 0 1
1.51245e+08 1 0 1
1.52303e+08 1 0 1
1.5337e+08 1 0 1
1.54443e+08 1 0 1
1.55524e+08 1 0 1
1.56613e+08 1 0 1
1.57709e+08 1 0 1
1.58813e+08 1 0 1
1.59925e+08 1 0 1
1.61044e+08 1 0 1
1.62172e+08 1 0 1
1.63307e+08 1 0 1
1.6445e+08 1 0 1
1.65601e+08 1 0 1
1.6676e+08 1 0 1
1.67928e+08 1 0 1
1.69103e+08 1 0 1
1.70287e+08 1 0 1
1.71479e+08 1 0 1
1.72679e+08 1 0 1
1.73888e+08 1 0 1
1.75105e+08 1 0 1
1.76331e+08 1 0 1
1.77565e+08 1 0 1
1.78808e+08 1 0 1
1.8006e+08 1 0 1
1.8132e+08 1 0 1
1.8259e+08 1 0 1
1.83868e+08 1 0 1
1.85155e+08 1 0 1
1.86451e+08 1 0 1
1.87756e+08 1 0 1
1.8907e+08 1 0 1
1.90394e+08 1 0 1
1.91727e+08 1 0 1
1.93069e+08 1 0 1
1.9442e+08 1 0 1
1.95781e+08 1 0 1
1.97152e+08 1 0 1
1.98532e+08 1 0 1
1.99921e+08 1 0 1
2.01321e+08 1 0 1
2.0273e+08 1 0 1
2.04149e+08 1 0 1
2.05578e+08 1 0 1
2.07017e+08 1 0 1
2.08466e+08 1 0 1
2.09926e+08 1 0 1
2.11395e+08 1 0 1
2.12875e+08 1 0 1
2.14365e+08 1 0 1
2.15866e+08 1 0 1
2.17377e+08 1 0 1
2.18898e+08 1 0 1
2.20431e+08 1 0 1
2.21974e+08 1 0 1
2.23527e+08 1 0 1
2.25092e+08 1 0 1
2.26668e+08 1 0 1
2.28254e+08 1 0 1
2.29852e+08 1 0 1
2.31461e+08 1 0 1
2.33081e+08 1 0 1
2.34713e+08 1 0 1
2.36356e+08 1 0 1
2.3801e+08 1 0 1
2.39676e+08 1 0 1
2.41354e+08 1 0 1
2.43044e+08 1 0 1
2.44745e+08 1 0 1
2.46458e+08 1 0 1
2.48183e+08 1 0 1
2.49921e+08 1 0 1
2.5167e+08 1 0 1
2.53432e+08 1 0 1
2.55206e+08 1 0 1
2.56992e+08 1 0 1
2.58791e+08 1 0 1
2.60603e+08 1 0 1
2.62427e+08 1 0 1
2.64264e+08 1 0 1
2.66114e+08 1 0 1
2.67977e+08 1 0 1
2.69852e+08 1 0 1
2.71741e+08 1 0 1
2.73644e+08 1 0 1
2.75559e+08 1 0 1
2.77488e+08 1 0 1
2.7943e+08 1 0 1
2.81386e+08 1 0 1
2.83356e+08 1 0 1
2.8534e+08 1 0 1
2.87337e+08 1 0 1
2.89348e+08 1 0 1
2.91374e+08 1 0 1
2.93413e+08 1 0 1
2.95467e+08 1 0 1
2.97536e+08 1 0 1
2.99618e+08 1 0 1
3.01716e+08 1 0 1
3.03828e+08 1 0 1
3.05955e+08 1 0 1
3.08096e+08 1 0 1
3.10253e+08 1 0 1
3.12425e+08 1 0 1
3.14612e+08 1 0 1
3.16814e+08 1 0 1
3.19032e+08 1 0 1
3.21265e+08 1 0 1
3.23514e+08 1 0 1
3.25778e+08 1 0 1
3.28059e+08 1 0 1
3.30355e+08 1 0 1
3.32668e+08 1 0 1
3.34996e+08 1 0 1
3.37341e+08 1 0 1
3.39703e+08 1 0 1
3.42081e+08 1 0 1
3.44475e+08 1 0 1
3.46886e+08 1 0 1
3.49315e+08 1 0 1
3.5176e+08 1 0 1
3.54222e+08 1 0 1
3.56702e+08 1 0 1
3.59199e+08 1 0 1
3.61713e+08 1 0 1
3.64245e+08 1 0 1
3.66795e+08 1 0 1
3.69362e+08 1 0 1
3.71948e+08 1 0 1
3.74551e+08 1 0 1
3.77173e+08 1 0 1
3.79814e+08 1 0 1
3.82472e+08 1 0 1
3.8515e+08 1 0 1
3.87846e+08 1 0 1
3.90561e+08 1 0 1
3.93294e+08 1 0 1
3.96047e+08 1 0 1
3.9882e+08 1 0 1
4.01612e+08 1 0 1
4.04423e+08 1 0 1
4.07254e+08 1 0 1
4.10105e+08 1 0 1
4.12975e+08 1 0 1
4.15866e+08 1 0 1
4.18777e+08 1 0 1
4.21709e+08 1 0 1
4.24661e+08 1 0 1
4.27633e+08 1 0 1
4.30627e+08 1 0 1
4.33641e+08 1 0 1
4.36677e+08 1 0 1
4.39733e+08 1 0 1
4.42811e+08 1 0 1
4.45911e+08 1 0 1
4.49032e+08 1 0 1
4.52176e+08 1 0 1
4.55341e+08 1 0 1
4.58528e+08 1 0 1
4.61738e+08 1 0 1
4.6497e+08 1 0 1
4.68225e+08 1 0 1
4.71503e+08 1 0 1
4.74803e+08 1 0 1
4.78127e+08 1 0 1
4.81474e+08 1 0 1
4.84844e+08 1 0 1
4.88238e+08 1 0 1
4.91655e+08 1 0 1
4.95097e+08 1 0 1
4.98563e+08 1 0 1
5.02053e+08 1 0 1
5.05567e+08 1 0 1
5.09106e+08 1 0 1
5.1267e+08 1 0 1
5.16258e+08 1 0 1
5.19872e+08 1 0 1
5.23511e+08 1 0 1
5.27176e+08 1 0 1
5.30866e+08 1 0 1
5.34582e+08 1 0 1
5.38324e+08 1 0 1
5.42093e+08 1 0 1
5.45887e+08 1 0 1
5.49708e+08 1 0 1
5.53556e+08 1 0 1
5.57431e+08 1 0 1
5.61333e+08 1 0 1
5.65263e+08 1 0 1
5.69219e+08 1 0 1
5.73204e+08 1 0 1
5.77216e+08 1 0 1
5.81257e+08 1 0 1
5.85326e+08 1 0 1
5.89423e+08 1 0 1
5.93549e+08 1 0 1
5.97704e+08 1 0 1
6.01888e+08 1 0 1
6.06101e+08 1 0 1
6.10344e+08 1 0 1
6.14616e+08 1 0 1
6.18918e+08 1 0 1
6.23251e+08 1 0 1
6.27614e+08 1 0 1
6.32007e+08 1 0 1
6.36431e+08 1 0 1
6.40886e+08 1 0 1
6.45372e+08 1 0 1
6.4989e+08 1 0 1
6.54439e+08 1 0 1
6.5902e+08 1 0 1
6.63633e+08 1 0 1
6.68279e+08 1 0 1
6.72957e+08 1 0 1
6.77667e+08 1 0 1
6.82411e+08 1 0 1
6.87188e+08 1 0 1
6.91998e+08 1 0 1
6.96842e+08 1 0 1
7.0172e+08 1 0 1
7.06632e+08 1 0 1
7.11578e+08 1 0 1
7.1656e+08 1 0 1
7.21575e+08 1 0 1
7.26626e+08 1 0 1
7.31713e+08 1 0 1
7.36835e+08 1 0 1
7.41993e+08 1 0 1
7.47187e+08 1 0 1
7.52417e+08 1 0 1
7.57684e+08 1 0 1
7.62988e+08 1 0 1
7.68329e+08 1 0 1
7.73707e+08 1 0 1
7.79123e+08 1 0 1
7.84577e+08 1 0 1
7.90069e+08 1 0 1
7.95599e+08 1 0 1
8.01168e+08 1 0 1
8.06777e+08 1 0 1
8.12424e+08 1 0 1
8.18111e+08 1 0 1
8.23838e+08 1 0 1
8.29605e+08 1 0 1
8.35412e+08 1 0 1
8.4126e+08 1 0 1
8.47149e+08 1 0 1
8.53079e+08 1 0 1
8.5905e+08 1 0 1
8.65063e+08 1 0 1
8.71119e+08 1 0 1
8.77217e+08 1 0 1
8.83357e+08 1 0 1
8.89541e+08 1 0 1
8.95768e+08 1 0 1
9.02038e+08 1 0 1
9.08352e+08 1 0 1
9.14711e+08 1 0 1
9.21114e+08 1 0 1
9.27561e+08 1 0 1
9.34054e+08 1 0 1
9.40593e+08 1 0 1
9.47177e+08 1 0 1
9.53807e+08 1 0 1
9.60484e+08 1 0 1
9.67207e+08 1 0 1
9.73978e+08 1 0 1
9.80795e+08 1 0 1
9.87661e+08 1 0 1
9.94575e+08 1 0 1
1.00154e+09 1 0 1
1.00855e+09 1 0 1
1.01561e+09 1 0 1
1.02272e+09 1 0 1
1.02988e+09 1 0 1
1.03708e+09 1 0 1
1.04434e+09 1 0 1
1.05165e+09 1 0 1
1.05902e+09 1 0 1
1.06643e+09 1 0 1
1.07389e+09 1 0 1
1.08141e+09 1 0 1
1.08898e+09 1 0 1
1.0966e+09 1 0 1
1.10428e+09 1 0 1
1.11201e+09 1 0 1
1.11979e+09 1 0 1
1.12763e+09 1 0 1
1.13553e+09 1 0 1
1.14348e+09 1 0 1
1.15148e+09 1 0 1
1.15954e+09 1 0 1
1.16766e+09 1 0 1
1.17583e+09 1 0 1
1.18406e+09 1 0 1
1.19235e+09 1 0 1
1.2007e+09 1 0 1
1.2091e+09 1 0 1
1.21756e+09 1 0 1
1.22609e+09 1 0 1
1.23467e+09 1 0 1
1.24331e+09 1 0 1
1.25202e+09 1 0 1
1.26078e+09 1 0 1
1.26961e+09 1 0 1
1.27849e+09 1 0 1
1.28744e+09 1 0 1
1.29645e+09 1 0 1
1.30553e+09 1 0 1
1.31467e+09 1 0 1
1.32387e+09 1 0 1
1.33314e+09 1 0 1
1.34247e+09 1 0 1
1.35187e+09 1 0 1
1.36133e+09 1 0 1
1.37086e+09 1 0 1
1.38046e+09 1 0 1
1.39012e+09 1 0 1
1.39985e+09 1 0 1
1.40965e+09 1 0 1
1.41952e+09 1 0 1
1.42945e+09 1 0 1
1.43946e+09 1 0 1
1.44954e+09 1 0 1
1.45968e+09 1 0 1
1.4699e+09 1 0 1
1.48019e+09 1 0 1
1.49055e+09 1 0 1
1.50098e+09 1 0 1
1.51149e+09 1 0 1
1.52207e+09 1 0 1
1.53273e+09 1 0 1
1.54346e+09 1 0 1
1.55426e+09 1 0 1
1.56514e+09 1 0 1
1.5761e+09 1 0 1
1.58713e+09 1 0 1
1.59824e+09 1 0 1
1.60943e+09 1 0 1
1.62069e+09 1 0 1
1.63204e+09 1 0 1
1.64346e+09 1 0 1
1.65496e+09 1 0 1
1.66655e+09 1 0 1
1.67822e+09 1 0 1
1.68996e+09 1 0 1
1.70179e+09 1 0 1
1.71371e+09 1 0 1
1.7257e+09 1 0 1
1.73778e+09 1 0 1
1.74995e+09 1 0 1
1.7622e+09 1 0 1
1.77453e+09 1 0 1
1.78695e+09 1 0 1
1.79946e+09 1 0 1
1.81206e+09 1 0 1
1.82474e+09 1 0 1
1.83751e+09 1 0 1
1.85038e+09 0 0 0
