6.7469 1 113.054 7.9691e-50
6.79413 1 112.091 2.08653e-49
6.84169 1 111.11 5.56817e-49
6.88958 1 110.129 1.48398e-48
6.93781 1 109.137 4.00202e-48
6.98637 1 108.139 1.08554e-47
7.03528 1 107.132 2.97309e-47
7.08452 1 106.119 8.18393e-47
7.13411 1 105.099 2.2692e-46
7.18405 1 104.075 6.31958e-46
7.23434 1 103.045 1.77058e-45
7.28498 1 102.009 4.98888e-45
7.33598 1 100.969 1.41227e-44
7.38733 1 99.9225 4.01978e-44
7.43904 1 98.8703 1.15132e-43
7.49111 1 97.8109 3.32087e-43
7.54355 1 96.744 9.65147e-43
7.59636 1 95.6699 2.82549e-42
7.64953 1 94.5942 8.28441e-42
7.70308 1 93.5082 2.45425e-41
7.757 1 92.4201 7.2858e-41
7.8113 1 91.324 2.18014e-40
7.86598 1 90.2276 6.52579e-40
7.92104 1 89.1242 1.96721e-39
7.97649 1 88.0074 6.00979e-39
8.03232 1 86.9028 1.81375e-38
8.08855 1 85.773 5.61396e-38
8.14517 1 84.6563 1.71489e-37
8.20218 1 83.5247 5.31709e-37
8.2596 1 82.3905 1.65298e-36
8.31742 1 81.2544 5.14813e-36
8.37564 1 80.1111 1.61514e-35
8.43427 1 78.9726 5.04232e-35
8.49331 1 77.8133 1.60728e-34
8.55276 1 76.6663 5.0613e-34
8.61263 1 75.5089 1.61026e-33
8.67292 1 74.3532 5.11442e-33
8.73363 1 73.1862 1.643e-32
8.79476 1 72.0147 5.30166e-32
8.85633 1 70.8509 1.69763e-31
8.91832 1 69.678 5.48586e-31
8.98075 1 68.5051 1.77264e-30
9.04361 1 67.3314 5.73258e-30
9.10692 1 66.155 1.85882e-29
9.17067 1 64.9752 6.04852e-29
9.23486 1 63.7915 1.97567e-28
9.29951 1 62.6135 6.41648e-28
9.3646 1 61.434 2.08705e-27
9.43016 1 60.2552 6.78424e-27
9.49617 1 59.0675 2.2249e-26
9.56264 1 57.8856 7.25445e-26
9.62958 1 56.7054 2.36126e-25
9.69699 1 55.5224 7.70778e-25
9.76486 1 54.3396 2.51545e-24
9.83322 1 53.1621 8.16536e-24
9.90205 1 51.9758 2.67416e-23
9.97137 1 50.803 8.64027e-23
10.0412 1 49.6248 2.80683e-22
10.1115 1 48.4569 9.02452e-22
10.1822 1 47.2865 2.90897e-21
10.2535 1 46.1162 9.37568e-21
10.3253 1 44.9598 2.98005e-20
10.3976 1 43.8032 9.47371e-20
10.4703 1 42.6475 3.00893e-19
10.5436 1 41.4921 9.55438e-19
10.6174 1 40.3521 2.98762e-18
10.6918 1 39.2176 9.28954e-18
10.7666 1 38.086 2.88038e-17
10.842 1 36.9625 8.85924e-17
10.9179 1 35.8438 2.7116e-16
10.9943 1 34.7336 8.22939e-16
11.0713 1 33.6296 2.48221e-15
11.1487 1 32.5363 7.40723e-15
11.2268 1 31.4566 2.18064e-14
11.3054 1 30.3851 6.3667e-14
11.3845 1 29.3195 1.84798e-13
11.4642 1 28.2659 5.30011e-13
11.5445 1 27.228 1.49641e-12
11.6253 1 26.1956 4.20157e-12
11.7066 1 25.1837 1.15573e-11
11.7886 1 24.1782 3.15888e-11
11.8711 1 23.1925 8.46483e-11
11.9542 1 22.2151 2.24957e-10
12.0379 1 21.2602 5.84511e-10
12.1222 1 20.3183 1.49921e-09
12.207 1 19.3895 3.79515e-09
12.2925 1 18.4822 9.40378e-09
12.3785 1 17.592 2.29037e-08
12.4652 1 16.7217 5.46864e-08
12.5524 1 15.8693 1.28249e-07
12.6403 1 15.0356 2.95217e-07
12.7288 1 14.2224 6.65694e-07
12.8179 1 13.4341 1.46441e-06
12.9076 1 12.6653 3.15897e-06
12.9979 1 11.9188 6.6639e-06
13.0889 1 11.1967 1.37191e-05
13.1805 1 10.4972 2.76135e-05
13.2728 1 9.82028 5.43384e-05
13.3657 1 9.17139 0.000103972
13.4593 1 8.54699 0.000194129
13.5535 1 7.94636 0.000353947
13.6484 1 7.37237 0.000628378
13.7439 1 6.82461 0.0010867
13.8401 1 6.30164 0.0018333
13.937 1 5.80432 0.00301449
14.0346 1 5.33585 0.0048158
14.1328 1 4.89104 0.00751359
14.2317 1 4.47194 0.0114252
14.3313 1 4.07836 0.0169353
14.4317 1 3.70973 0.0244841
14.5327 1 3.36583 0.0345332
14.6344 1 3.04567 0.0475645
14.7369 1 2.7487 0.0640112
14.84 1 2.47394 0.0842524
14.9439 1 2.21939 0.108675
15.0485 1 1.98698 0.137109
15.1538 1 1.77364 0.169714
15.2599 1 1.57856 0.206272
15.3667 1 1.40085 0.246389
15.4743 1 1.24038 0.289274
15.5826 1 1.09475 0.334623
15.6917 1 0.963449 0.381575
15.8015 1 0.845664 0.429272
15.9122 1 0.740188 0.477024
16.0235 1 0.646153 0.524058
16.1357 1 0.56254 0.56976
16.2487 1 0.488352 0.613637
16.3624 1 0.422678 0.65529
16.4769 1 0.364705 0.694401
16.5923 1 0.313966 0.730544
16.7084 1 0.269315 0.763902
16.8254 1 0.230474 0.794157
16.9432 1 0.196601 0.821518
17.0618 1 0.167142 0.846079
17.1812 1 0.141666 0.867911
17.3015 1 0.119704 0.887183
17.4226 1 0.100821 0.904095
17.5445 1 0.0846516 0.918832
17.6673 1 0.0708292 0.931621
17.791 1 0.0590495 0.94266
17.9156 1 0.0490089 0.952173
18.041 1 0.0405737 0.960238
18.1672 1 0.0334195 0.967133
18.2944 1 0.0274522 0.972921
18.4225 1 0.0224403 0.97781
18.5514 1 0.0182632 0.981903
18.6813 1 0.014795 0.985314
18.8121 1 0.0119422 0.988129
18.9437 1 0.00959205 0.990454
19.0764 1 0.00767097 0.992358
19.2099 1 0.00610543 0.993913
19.3444 1 0.0048286 0.995183
19.4798 1 0.00380796 0.996199
19.6161 1 0.00298484 0.99702
19.7534 1 0.00232932 0.997673
19.8917 1 0.00180633 0.998195
20.031 1 0.00139623 0.998605
20.1712 1 0.00107277 0.998928
20.3124 1 0.000820163 0.99918
20.4546 1 0.000623674 0.999377
20.5977 1 0.000471418 0.999529
20.7419 1 0.000354833 0.999645
20.8871 1 0.000265233 0.999735
21.0333 1 0.00019712 0.999803
21.1806 1 0.000145308 0.999855
21.3288 1 0.000106235 0.999894
21.4781 1 7.71848e-05 0.999923
21.6285 1 5.54755e-05 0.999945
21.7799 1 3.94434e-05 0.999961
21.9323 1 2.76607e-05 0.999972
22.0859 1 1.91176e-05 0.999981
22.2405 1 1.29923e-05 0.999987
22.3961 1 8.59453e-06 0.999991
22.5529 1 5.51846e-06 0.999994
22.7108 1 3.38107e-06 0.999997
22.8698 1 1.96984e-06 0.999998
23.0298 1 1.04532e-06 0.999999
23.1911 1 4.67871e-07 1
23.3534 1 1.30577e-07 1
23.5169 1 0 1
