6.67037 0.00153906 110.447 1.66182e-51
6.71706 0.00170317 109.461 4.929e-51
6.76408 0.00188206 108.477 1.45832e-50
6.81143 0.00207679 107.482 4.35116e-50
6.85911 0.00228845 106.476 1.31132e-49
6.90712 0.00251819 105.465 3.96432e-49
6.95547 0.00276762 104.454 1.19804e-48
7.00416 0.0030372 103.441 3.62004e-48
7.05319 0.00332861 102.416 1.10531e-47
7.10256 0.00364322 101.385 3.3939e-47
7.15228 0.00398241 100.346 1.04818e-46
7.20235 0.00434763 99.301 3.2536e-46
7.25276 0.00474038 98.251 1.01379e-45
7.30353 0.00516221 97.1958 3.17141e-45
7.35466 0.00561469 96.1346 9.96784e-45
7.40614 0.00609946 95.0657 3.15342e-44
7.45798 0.00661819 93.9875 1.00569e-43
7.51019 0.00717259 92.9044 3.21963e-43
7.56276 0.00776441 91.8203 1.03056e-42
7.6157 0.00839544 90.7367 3.29314e-42
7.66901 0.0090675 89.6443 1.06039e-41
7.72269 0.00978243 88.5445 3.43613e-41
7.77675 0.0105433 87.441 1.11642e-40
7.83119 0.0113497 86.3254 3.66728e-40
7.88601 0.0122046 85.2173 1.19437e-39
7.94121 0.01311 84.0969 3.93337e-39
7.9968 0.0140678 82.9794 1.29048e-38
8.05277 0.0150801 81.8423 4.31269e-38
8.10914 0.0161487 80.7228 1.41475e-37
8.16591 0.0172756 79.5756 4.76657e-37
8.22307 0.0184628 78.4444 1.57876e-36
8.28063 0.0197122 77.3009 5.2891e-36
8.33859 0.0210258 76.1539 1.77631e-35
8.39696 0.0224054 75.0064 5.96324e-35
8.45574 0.0238531 73.8442 2.02961e-34
8.51493 0.0253705 72.6955 6.80855e-34
8.57454 0.0269596 71.5362 2.30632e-33
8.63456 0.0286221 70.3745 7.82449e-33
8.695 0.0303598 69.2083 2.6638e-32
8.75587 0.0321771 68.0343 9.1332e-32
8.81716 0.0340702 66.8747 3.08352e-31
8.87888 0.0360433 65.7039 1.05188e-30
8.94103 0.038098 64.5307 3.59409e-30
9.00362 0.0402358 63.3609 1.22269e-29
9.06664 0.0424579 62.188 4.16931e-29
9.13011 0.0447657 61.0069 1.43218e-28
9.19402 0.0471604 59.832 4.88495e-28
9.25838 0.0496431 58.6522 1.67311e-27
9.32319 0.0522148 57.4727 5.72448e-27
9.38845 0.0548764 56.3026 1.93854e-26
9.45417 0.0576287 55.1278 6.59068e-26
9.52035 0.0604725 53.9548 2.23514e-25
9.58699 0.0634082 52.7738 7.63435e-25
9.6541 0.0664365 51.6039 2.57699e-24
9.72168 0.0695575 50.4372 8.66497e-24
9.78973 0.0727767 49.2637 2.93117e-23
9.85826 0.076084 48.1005 9.80635e-23
9.92727 0.0794844 46.9296 3.30389e-22
9.99676 0.0829778 45.7728 1.09665e-21
10.0667 0.086564 44.6124 3.65102e-21
10.1372 0.0902425 43.4643 1.1998e-20
10.2082 0.0940127 42.3152 3.94399e-20
10.2796 0.0978741 41.1672 1.29407e-19
10.3516 0.101826 40.0348 4.17801e-19
10.424 0.105867 38.9033 1.34671e-18
10.497 0.109996 37.7743 4.32728e-18
10.5705 0.114212 36.6489 1.38445e-17
10.6445 0.118514 35.5363 4.37052e-17
10.719 0.1229 34.4318 1.36774e-16
10.794 0.127369 33.3344 4.24733e-16
10.8696 0.131918 32.2454 1.30711e-15
10.9457 0.136546 31.1631 3.99334e-15
11.0223 0.141258 30.0895 1.20864e-14
11.0994 0.146038 29.0328 3.5949e-14
11.1771 0.15089 27.9831 1.06108e-13
11.2554 0.155812 26.9428 3.10108e-13
11.3342 0.160802 25.9176 8.92095e-13
11.4135 0.165857 24.901 2.54313e-12
11.4934 0.170973 23.902 7.11879e-12
11.5739 0.17615 22.9134 1.9711e-11
11.6549 0.181382 21.9394 5.37548e-11
11.7365 0.186669 20.981 1.44261e-10
11.8186 0.192005 20.0347 3.8225e-10
11.9013 0.197389 19.1101 9.90681e-10
11.9846 0.202817 18.2021 2.52368e-09
12.0685 0.208285 17.309 6.33073e-09
12.153 0.213791 16.4352 1.5569e-08
12.2381 0.21933 15.5828 3.74607e-08
12.3238 0.224908 14.7459 8.87007e-08
12.41 0.230503 13.9333 2.04894e-07
12.4969 0.236122 13.1397 4.64127e-07
12.5844 0.24176 12.367 1.02913e-06
12.6725 0.247413 11.6211 2.2205e-06
12.7612 0.253078 10.896 4.69023e-06
12.8505 0.258751 10.1945 9.67064e-06
12.9405 0.264429 9.51747 1.94503e-05
13.031 0.270107 8.86548 3.81333e-05
13.1223 0.275781 8.2388 7.28615e-05
13.2141 0.281449 7.63782 0.000135624
13.3066 0.287106 7.06328 0.000245753
13.3998 0.292748 6.51323 0.000434345
13.4936 0.298371 5.99325 0.000744596
13.588 0.303973 5.4992 0.00124327
13.6831 0.309549 5.03027 0.00202354
13.7789 0.315095 4.5902 0.00319846
13.8754 0.320616 4.17522 0.00492847
13.9725 0.326092 3.7871 0.00738962
14.0703 0.331528 3.42516 0.0107893
14.1688 0.33692 3.08782 0.015364
14.268 0.342265 2.77494 0.0213414
14.3678 0.34756 2.4864 0.02892
14.4684 0.352801 2.22096 0.0382805
14.5697 0.357984 1.97769 0.0495411
14.6717 0.363108 1.75568 0.0627411
14.7744 0.368168 1.55378 0.0778483
14.8778 0.373162 1.37057 0.0947694
14.982 0.378087 1.2048 0.113332
15.0868 0.38294 1.0565 0.133136
15.1924 0.387718 0.922792 0.154082
15.2988 0.392419 0.80434 0.175561
15.4059 0.397039 0.698355 0.197488
15.5137 0.401584 0.604584 0.219386
15.6223 0.406037 0.52212 0.240886
15.7317 0.410403 0.44933 0.26186
15.8418 0.41468 0.385478 0.282034
15.9527 0.418865 0.32976 0.301204
16.0643 0.422957 0.28127 0.319259
16.1768 0.426954 0.239145 0.336141
16.29 0.430854 0.202625 0.351829
16.4041 0.434656 0.171342 0.366212
16.5189 0.438357 0.144404 0.379415
16.6345 0.441957 0.12127 0.391483
16.751 0.445454 0.101588 0.402424
16.8682 0.448847 0.0848053 0.412351
16.9863 0.452134 0.0705449 0.421337
17.1052 0.455315 0.0584847 0.42945
17.2249 0.458389 0.0483682 0.436745
17.3455 0.461354 0.0398484 0.443332
17.4669 0.464215 0.0326991 0.449281
17.5892 0.466962 0.0267258 0.454647
17.7123 0.469599 0.0217808 0.459481
17.8363 0.472125 0.017677 0.463853
17.9612 0.474541 0.0142706 0.467817
18.0869 0.476845 0.0114917 0.471397
18.2135 0.479038 0.00920043 0.474651
18.341 0.48112 0.00734343 0.4776
18.4694 0.483091 0.00582913 0.480283
18.5987 0.48495 0.00460448 0.482722
18.7289 0.486698 0.00361795 0.484941
18.86 0.488336 0.00283247 0.486954
18.992 0.489862 0.00220364 0.488784
19.1249 0.491279 0.00170724 0.490441
19.2588 0.492587 0.00131569 0.491939
19.3936 0.493785 0.00100767 0.493288
19.5294 0.494876 0.00076894 0.494496
19.6661 0.495859 0.000583476 0.495569
19.8037 0.496734 0.000440039 0.496515
19.9424 0.497503 0.000330533 0.497338
20.082 0.498167 0.000247241 0.498044
20.2225 0.498727 0.000183835 0.498635
20.3641 0.499183 0.00013597 0.499115
20.5066 0.499538 9.99441e-05 0.499488
20.6502 0.499791 7.29487e-05 0.499755
20.7947 0.499945 5.2999e-05 0.499918
20.9403 0.5 3.82863e-05 0.499981
21.0869 0.499957 2.74698e-05 0.499944
21.2345 0.499819 1.95191e-05 0.499809
21.3831 0.499585 1.37759e-05 0.499579
21.5328 0.499259 9.61372e-06 0.499254
21.6835 0.49884 6.62957e-06 0.498837
21.8353 0.498331 4.51466e-06 0.498328
21.9882 0.497731 3.02096e-06 0.49773
22.1421 0.497045 1.9831e-06 0.497044
22.2971 0.496273 1.26721e-06 0.496273
22.4532 0.495416 7.77798e-07 0.495416
22.6103 0.494477 4.6126e-07 0.494477
22.7686 0.493456 2.54846e-07 0.493456
22.928 0.492355 1.26647e-07 0.492355
23.0885 0.491176 5.02208e-08 0.491176
23.2501 0.489921 9.01303e-09 0.489921
23.4129 0.488591 0 0.488591
23.5768 0.487187 0 0.487187
23.7418 0.485712 0 0.485712
23.908 0.484168 0 0.484168
24.0753 0.482555 0 0.482555
24.2439 0.480875 0 0.480875
24.4136 0.479131 0 0.479131
24.5845 0.477321 0 0.477321
24.7566 0.475452 0 0.475452
24.9299 0.473523 0 0.473523
25.1044 0.471537 0 0.471537
25.2801 0.469494 0 0.469494
25.4571 0.467396 0 0.467396
25.6353 0.465245 0 0.465245
25.8147 0.463043 0 0.463043
25.9954 0.460791 0 0.460791
26.1774 0.458491 0 0.458491
26.3606 0.456144 0 0.456144
26.5451 0.453753 0 0.453753
26.731 0.451318 0 0.451318
26.9181 0.448842 0 0.448842
27.1065 0.446325 0 0.446325
27.2962 0.443769 0 0.443769
27.4873 0.441177 0 0.441177
27.6797 0.438545 0 0.438545
27.8735 0.435883 0 0.435883
28.0686 0.433189 0 0.433189
28.2651 0.430463 0 0.430463
28.4629 0.427708 0 0.427708
28.6622 0.424924 0 0.424924
28.8628 0.422113 0 0.422113
29.0648 0.419278 0 0.419278
29.2683 0.416417 0 0.416417
29.4732 0.413535 0 0.413535
29.6795 0.41063 0 0.41063
29.8873 0.407706 0 0.407706
30.0965 0.404762 0 0.404762
30.3071 0.401801 0 0.401801
30.5193 0.398824 0 0.398824
30.7329 0.395831 0 0.395831
30.9481 0.39282 0 0.39282
31.1647 0.3898 0 0.3898
31.3828 0.386769 0 0.386769
31.6025 0.383727 0 0.383727
31.8237 0.380676 0 0.380676
32.0465 0.377616 0 0.377616
32.2708 0.374548 0 0.374548
32.4967 0.371474 0 0.371474
32.7242 0.368395 0 0.368395
32.9533 0.365311 0 0.365311
33.1839 0.362224 0 0.362224
33.4162 0.359134 0 0.359134
33.6501 0.356043 0 0.356043
33.8857 0.352951 0 0.352951
34.1229 0.349858 0 0.349858
34.3618 0.346767 0 0.346767
34.6023 0.343677 0 0.343677
34.8445 0.340585 0 0.340585
35.0884 0.337502 0 0.337502
35.334 0.334422 0 0.334422
35.5814 0.331347 0 0.331347
35.8304 0.328277 0 0.328277
36.0813 0.325214 0 0.325214
36.3338 0.322157 0 0.322157
36.5882 0.319108 0 0.319108
36.8443 0.316067 0 0.316067
37.1022 0.313035 0 0.313035
37.3619 0.310011 0 0.310011
37.6234 0.306998 0 0.306998
37.8868 0.303995 0 0.303995
38.152 0.301003 0 0.301003
38.4191 0.298022 0 0.298022
38.688 0.295054 0 0.295054
38.9588 0.292093 0 0.292093
39.2315 0.28915 0 0.28915
39.5062 0.286219 0 0.286219
39.7827 0.283303 0 0.283303
40.0612 0.280401 0 0.280401
40.3416 0.277513 0 0.277513
40.624 0.27464 0 0.27464
40.9084 0.271782 0 0.271782
41.1947 0.26894 0 0.26894
41.4831 0.266114 0 0.266114
41.7735 0.263304 0 0.263304
42.0659 0.260511 0 0.260511
42.3603 0.257734 0 0.257734
42.6569 0.254974 0 0.254974
42.9555 0.252232 0 0.252232
43.2562 0.249507 0 0.249507
43.5589 0.246801 0 0.246801
43.8639 0.244108 0 0.244108
44.1709 0.241438 0 0.241438
44.4801 0.238786 0 0.238786
44.7915 0.236152 0 0.236152
45.105 0.233538 0 0.233538
45.4207 0.230942 0 0.230942
45.7387 0.228366 0 0.228366
46.0589 0.225808 0 0.225808
46.3813 0.22327 0 0.22327
46.7059 0.220752 0 0.220752
47.0329 0.218253 0 0.218253
47.3621 0.215774 0 0.215774
47.6936 0.213315 0 0.213315
48.0275 0.210875 0 0.210875
48.3637 0.208456 0 0.208456
48.7022 0.206056 0 0.206056
49.0432 0.203673 0 0.203673
49.3865 0.201314 0 0.201314
49.7322 0.198975 0 0.198975
50.0803 0.196656 0 0.196656
50.4308 0.194358 0 0.194358
50.7839 0.192079 0 0.192079
51.1393 0.189821 0 0.189821
51.4973 0.187583 0 0.187583
51.8578 0.185366 0 0.185366
52.2208 0.183168 0 0.183168
52.5864 0.180991 0 0.180991
52.9545 0.178834 0 0.178834
53.3251 0.176697 0 0.176697
53.6984 0.17458 0 0.17458
54.0743 0.172484 0 0.172484
54.4528 0.170407 0 0.170407
54.834 0.16835 0 0.16835
55.2178 0.166311 0 0.166311
55.6044 0.164295 0 0.164295
55.9936 0.162298 0 0.162298
56.3855 0.160321 0 0.160321
56.7802 0.158364 0 0.158364
57.1777 0.156426 0 0.156426
57.5779 0.154508 0 0.154508
57.981 0.15261 0 0.15261
58.3869 0.15073 0 0.15073
58.7956 0.148871 0 0.148871
59.2071 0.14703 0 0.14703
59.6216 0.145209 0 0.145209
60.0389 0.143406 0 0.143406
60.4592 0.141623 0 0.141623
60.8824 0.139858 0 0.139858
61.3086 0.138112 0 0.138112
61.7378 0.136382 0 0.136382
62.1699 0.134673 0 0.134673
62.6051 0.132983 0 0.132983
63.0434 0.131311 0 0.131311
63.4847 0.129657 0 0.129657
63.9291 0.128021 0 0.128021
64.3766 0.126403 0 0.126403
64.8272 0.124803 0 0.124803
65.281 0.123221 0 0.123221
65.7379 0.121656 0 0.121656
66.1981 0.120109 0 0.120109
66.6615 0.118579 0 0.118579
67.1281 0.117066 0 0.117066
67.598 0.11557 0 0.11557
68.0712 0.114091 0 0.114091
68.5477 0.112629 0 0.112629
69.0275 0.111184 0 0.111184
69.5107 0.109753 0 0.109753
69.9973 0.10834 0 0.10834
70.4873 0.106944 0 0.106944
70.9807 0.105564 0 0.105564
71.4776 0.1042 0 0.1042
71.9779 0.102852 0 0.102852
72.4818 0.10152 0 0.10152
72.9891 0.100203 0 0.100203
73.5001 0.0989018 0 0.0989018
74.0146 0.0976158 0 0.0976158
74.5327 0.096345 0 0.096345
75.0544 0.0950893 0 0.0950893
75.5798 0.0938485 0 0.0938485
76.1088 0.0926224 0 0.0926224
76.6416 0.091411 0 0.091411
77.1781 0.0902141 0 0.0902141
77.7183 0.0890299 0 0.0890299
78.2624 0.0878617 0 0.0878617
78.8102 0.0867076 0 0.0867076
79.3619 0.0855675 0 0.0855675
79.9174 0.0844412 0 0.0844412
80.4768 0.0833286 0 0.0833286
81.0402 0.0822295 0 0.0822295
81.6074 0.0811439 0 0.0811439
82.1787 0.0800715 0 0.0800715
82.7539 0.0790123 0 0.0790123
83.3332 0.0779661 0 0.0779661
83.9165 0.0769328 0 0.0769328
84.504 0.0759123 0 0.0759123
85.0955 0.0749044 0 0.0749044
85.6912 0.073909 0 0.073909
86.291 0.072926 0 0.072926
86.895 0.0719552 0 0.0719552
87.5033 0.0709952 0 0.0709952
88.1158 0.0700485 0 0.0700485
88.7326 0.0691137 0 0.0691137
89.3538 0.0681907 0 0.0681907
89.9792 0.0672792 0 0.0672792
90.6091 0.0663792 0 0.0663792
91.2434 0.0654906 0 0.0654906
91.8821 0.0646132 0 0.0646132
92.5252 0.0637468 0 0.0637468
93.1729 0.0628915 0 0.0628915
93.8251 0.062047 0 0.062047
94.4819 0.0612133 0 0.0612133
95.1433 0.0603902 0 0.0603902
95.8093 0.0595775 0 0.0595775
96.4799 0.0587753 0 0.0587753
97.1553 0.0579833 0 0.0579833
97.8354 0.0572004 0 0.0572004
98.5202 0.0564287 0 0.0564287
99.2099 0.0556669 0 0.0556669
99.9043 0.0549148 0 0.0549148
100.604 0.0541725 0 0.0541725
101.308 0.0534398 0 0.0534398
102.017 0.0527165 0 0.0527165
102.731 0.0520026 0 0.0520026
103.45 0.0512979 0 0.0512979
104.174 0.0506024 0 0.0506024
104.904 0.0499159 0 0.0499159
105.638 0.0492383 0 0.0492383
106.377 0.0485696 0 0.0485696
107.122 0.0479096 0 0.0479096
107.872 0.0472582 0 0.0472582
108.627 0.0466153 0 0.0466153
109.387 0.0459808 0 0.0459808
110.153 0.0453537 0 0.0453537
110.924 0.0447358 0 0.0447358
111.701 0.044126 0 0.044126
112.483 0.0435242 0 0.0435242
113.27 0.0429304 0 0.0429304
114.063 0.0423443 0 0.0423443
114.861 0.041766 0 0.041766
115.665 0.0411953 0 0.0411953
116.475 0.0406321 0 0.0406321
117.29 0.0400764 0 0.0400764
118.111 0.039528 0 0.039528
118.938 0.0389869 0 0.0389869
119.771 0.038453 0 0.038453
120.609 0.0379262 0 0.0379262
121.453 0.0374063 0 0.0374063
122.304 0.0368934 0 0.0368934
123.16 0.0363866 0 0.0363866
124.022 0.0358872 0 0.0358872
124.89 0.0353946 0 0.0353946
125.764 0.0349085 0 0.0349085
126.645 0.0344289 0 0.0344289
127.531 0.0339557 0 0.0339557
128.424 0.0334888 0 0.0334888
129.323 0.0330282 0 0.0330282
130.228 0.0325737 0 0.0325737
131.14 0.0321254 0 0.0321254
132.058 0.031683 0 0.031683
132.982 0.0312466 0 0.0312466
133.913 0.030816 0 0.030816
134.85 0.0303913 0 0.0303913
135.794 0.0299722 0 0.0299722
136.745 0.0295588 0 0.0295588
137.702 0.029151 0 0.029151
138.666 0.0287481 0 0.0287481
139.637 0.0283512 0 0.0283512
140.614 0.0279597 0 0.0279597
141.598 0.0275735 0 0.0275735
142.589 0.0271925 0 0.0271925
143.588 0.0268166 0 0.0268166
144.593 0.0264458 0 0.0264458
145.605 0.0260801 0 0.0260801
146.624 0.0257193 0 0.0257193
147.65 0.0253634 0 0.0253634
148.684 0.0250123 0 0.0250123
149.725 0.024666 0 0.024666
150.773 0.0243244 0 0.0243244
151.828 0.0239874 0 0.0239874
152.891 0.023655 0 0.023655
153.961 0.0233271 0 0.0233271
155.039 0.0230033 0 0.0230033
156.124 0.0226843 0 0.0226843
157.217 0.0223697 0 0.0223697
158.318 0.0220593 0 0.0220593
159.426 0.0217532 0 0.0217532
160.542 0.0214513 0 0.0214513
161.666 0.0211535 0 0.0211535
162.797 0.0208597 0 0.0208597
163.937 0.02057 0 0.02057
165.084 0.0202842 0 0.0202842
166.24 0.0200024 0 0.0200024
167.404 0.0197243 0 0.0197243
168.576 0.0194501 0 0.0194501
169.756 0.0191797 0 0.0191797
170.944 0.018913 0 0.018913
172.141 0.0186499 0 0.0186499
173.345 0.0183904 0 0.0183904
174.559 0.0181341 0 0.0181341
175.781 0.0178817 0 0.0178817
177.011 0.0176328 0 0.0176328
178.25 0.0173873 0 0.0173873
179.498 0.0171452 0 0.0171452
180.755 0.0169064 0 0.0169064
182.02 0.0166709 0 0.0166709
183.294 0.0164386 0 0.0164386
184.577 0.0162095 0 0.0162095
185.869 0.0159835 0 0.0159835
187.17 0.0157607 0 0.0157607
188.48 0.015541 0 0.015541
189.8 0.0153242 0 0.0153242
191.128 0.0151105 0 0.0151105
192.466 0.0148997 0 0.0148997
193.814 0.0146918 0 0.0146918
195.17 0.0144868 0 0.0144868
196.536 0.0142844 0 0.0142844
197.912 0.014085 0 0.014085
199.298 0.0138884 0 0.0138884
200.693 0.0136945 0 0.0136945
202.097 0.0135032 0 0.0135032
203.512 0.0133146 0 0.0133146
204.937 0.0131287 0 0.0131287
206.371 0.0129452 0 0.0129452
207.816 0.0127644 0 0.0127644
209.271 0.012586 0 0.012586
210.736 0.0124101 0 0.0124101
212.211 0.0122366 0 0.0122366
213.696 0.0120656 0 0.0120656
215.192 0.0118969 0 0.0118969
216.698 0.0117305 0 0.0117305
218.215 0.0115665 0 0.0115665
219.743 0.0114045 0 0.0114045
221.281 0.011245 0 0.011245
222.83 0.0110877 0 0.0110877
224.39 0.0109325 0 0.0109325
225.96 0.0107796 0 0.0107796
227.542 0.0106287 0 0.0106287
229.135 0.01048 0 0.01048
230.739 0.0103333 0 0.0103333
232.354 0.0101886 0 0.0101886
233.981 0.010046 0 0.010046
235.618 0.00990532 0 0.00990532
237.268 0.00976661 0 0.00976661
238.929 0.00962984 0 0.00962984
240.601 0.00949496 0 0.00949496
242.285 0.00936196 0 0.00936196
243.981 0.00923081 0 0.00923081
245.689 0.00910148 0 0.00910148
247.409 0.00897379 0 0.00897379
249.141 0.00884805 0 0.00884805
250.885 0.00872406 0 0.00872406
252.641 0.0086018 0 0.0086018
254.41 0.00848123 0 0.00848123
256.19 0.00836235 0 0.00836235
257.984 0.00824512 0 0.00824512
259.79 0.00812953 0 0.00812953
261.608 0.00801555 0 0.00801555
263.439 0.00790315 0 0.00790315
265.284 0.00779232 0 0.00779232
267.14 0.00768304 0 0.00768304
269.01 0.00757528 0 0.00757528
270.894 0.00746903 0 0.00746903
272.79 0.00736425 0 0.00736425
274.699 0.00726094 0 0.00726094
276.622 0.00715894 0 0.00715894
278.559 0.0070585 0 0.0070585
280.508 0.00695946 0 0.00695946
282.472 0.0068618 0 0.0068618
284.449 0.00676551 0 0.00676551
286.44 0.00667056 0 0.00667056
288.446 0.00657693 0 0.00657693
290.465 0.00648462 0 0.00648462
292.498 0.00639359 0 0.00639359
294.545 0.00630384 0 0.00630384
296.607 0.00621534 0 0.00621534
298.684 0.00612808 0 0.00612808
300.774 0.00604203 0 0.00604203
302.88 0.00595719 0 0.00595719
305 0.00587354 0 0.00587354
307.135 0.00579105 0 0.00579105
309.285 0.00570972 0 0.00570972
311.45 0.00562942 0 0.00562942
313.63 0.00555036 0 0.00555036
315.825 0.0054724 0 0.0054724
318.036 0.00539553 0 0.00539553
320.262 0.00531973 0 0.00531973
322.504 0.005245 0 0.005245
324.762 0.00517131 0 0.00517131
327.035 0.00509866 0 0.00509866
329.324 0.00502702 0 0.00502702
331.63 0.00495638 0 0.00495638
333.951 0.00488673 0 0.00488673
336.289 0.00481806 0 0.00481806
338.643 0.00475035 0 0.00475035
341.013 0.00468359 0 0.00468359
343.4 0.00461776 0 0.00461776
345.804 0.00455285 0 0.00455285
348.225 0.00448877 0 0.00448877
350.662 0.00442568 0 0.00442568
353.117 0.00436347 0 0.00436347
355.589 0.00430213 0 0.00430213
358.078 0.00424165 0 0.00424165
360.584 0.00418202 0 0.00418202
363.109 0.00412322 0 0.00412322
365.65 0.00406525 0 0.00406525
368.21 0.00400809 0 0.00400809
370.787 0.00395173 0 0.00395173
373.383 0.00389616 0 0.00389616
375.996 0.00384137 0 0.00384137
378.628 0.00378735 0 0.00378735
381.279 0.00373409 0 0.00373409
383.948 0.00368158 0 0.00368158
386.635 0.0036298 0 0.0036298
389.342 0.00357874 0 0.00357874
392.067 0.00352834 0 0.00352834
394.812 0.00347872 0 0.00347872
397.575 0.00342979 0 0.00342979
400.358 0.00338154 0 0.00338154
403.161 0.00333397 0 0.00333397
405.983 0.00328708 0 0.00328708
408.825 0.00324083 0 0.00324083
411.687 0.00319524 0 0.00319524
414.569 0.00315029 0 0.00315029
417.471 0.00310597 0 0.00310597
420.393 0.00306227 0 0.00306227
423.336 0.00301918 0 0.00301918
426.299 0.0029767 0 0.0029767
429.283 0.00293482 0 0.00293482
432.288 0.00289352 0 0.00289352
435.314 0.0028528 0 0.0028528
438.361 0.00281261 0 0.00281261
441.43 0.00277303 0 0.00277303
444.52 0.00273401 0 0.00273401
447.631 0.00269553 0 0.00269553
450.765 0.0026576 0 0.0026576
453.92 0.0026202 0 0.0026202
457.098 0.00258332 0 0.00258332
460.297 0.00254696 0 0.00254696
463.519 0.00251112 0 0.00251112
466.764 0.00247577 0 0.00247577
470.031 0.00244093 0 0.00244093
473.322 0.00240657 0 0.00240657
476.635 0.0023727 0 0.0023727
479.971 0.0023393 0 0.0023393
483.331 0.00230637 0 0.00230637
486.714 0.0022739 0 0.0022739
490.121 0.00224189 0 0.00224189
493.552 0.00221029 0 0.00221029
497.007 0.00217918 0 0.00217918
500.486 0.0021485 0 0.0021485
503.99 0.00211826 0 0.00211826
507.517 0.00208844 0 0.00208844
511.07 0.00205903 0 0.00205903
514.648 0.00203005 0 0.00203005
518.25 0.00200147 0 0.00200147
521.878 0.00197329 0 0.00197329
525.531 0.0019455 0 0.0019455
529.21 0.00191811 0 0.00191811
532.914 0.00189111 0 0.00189111
536.645 0.00186448 0 0.00186448
540.401 0.00183823 0 0.00183823
544.184 0.00181234 0 0.00181234
547.993 0.00178682 0 0.00178682
551.829 0.00176163 0 0.00176163
555.692 0.00173683 0 0.00173683
559.582 0.00171237 0 0.00171237
563.499 0.00168826 0 0.00168826
567.443 0.00166448 0 0.00166448
571.415 0.00164105 0 0.00164105
575.415 0.00161794 0 0.00161794
579.443 0.00159515 0 0.00159515
583.499 0.00157269 0 0.00157269
587.584 0.00155054 0 0.00155054
591.697 0.00152871 0 0.00152871
595.839 0.00150718 0 0.00150718
600.01 0.00148595 0 0.00148595
604.21 0.00146502 0 0.00146502
608.439 0.00144439 0 0.00144439
612.698 0.00142405 0 0.00142405
616.987 0.00140399 0 0.00140399
621.306 0.00138419 0 0.00138419
625.655 0.0013647 0 0.0013647
630.035 0.00134548 0 0.00134548
634.445 0.00132653 0 0.00132653
638.886 0.00130785 0 0.00130785
643.358 0.00128943 0 0.00128943
647.862 0.00127127 0 0.00127127
652.397 0.00125336 0 0.00125336
656.964 0.00123571 0 0.00123571
661.563 0.0012183 0 0.0012183
666.193 0.00120114 0 0.00120114
670.857 0.00118422 0 0.00118422
675.553 0.00116754 0 0.00116754
680.282 0.0011511 0 0.0011511
685.044 0.00113488 0 0.00113488
689.839 0.0011189 0 0.0011189
694.668 0.00110312 0 0.00110312
699.53 0.00108758 0 0.00108758
704.427 0.00107226 0 0.00107226
709.358 0.00105715 0 0.00105715
714.324 0.00104226 0 0.00104226
719.324 0.00102758 0 0.00102758
724.359 0.00101311 0 0.00101311
729.43 0.000998836 0 0.000998836
734.536 0.000984765 0 0.000984765
739.678 0.000970893 0 0.000970893
744.855 0.000957216 0 0.000957216
750.069 0.000943732 0 0.000943732
755.32 0.000930437 0 0.000930437
760.607 0.00091733 0 0.00091733
765.931 0.000904407 0 0.000904407
771.293 0.000891666 0 0.000891666
776.692 0.000879105 0 0.000879105
782.129 0.000866705 0 0.000866705
787.604 0.000854496 0 0.000854496
793.117 0.000842458 0 0.000842458
798.669 0.00083059 0 0.00083059
804.259 0.000818889 0 0.000818889
809.889 0.000807353 0 0.000807353
815.558 0.000795979 0 0.000795979
821.267 0.000784766 0 0.000784766
827.016 0.00077371 0 0.00077371
832.805 0.00076281 0 0.00076281
838.635 0.000752063 0 0.000752063
844.505 0.000741468 0 0.000741468
850.417 0.000731022 0 0.000731022
856.37 0.000720723 0 0.000720723
862.364 0.000710569 0 0.000710569
868.401 0.000700558 0 0.000700558
874.48 0.000690676 0 0.000690676
880.601 0.000680946 0 0.000680946
886.765 0.000671352 0 0.000671352
892.973 0.000661894 0 0.000661894
899.223 0.000652569 0 0.000652569
905.518 0.000643376 0 0.000643376
911.857 0.000634311 0 0.000634311
918.24 0.000625375 0 0.000625375
924.667 0.000616564 0 0.000616564
931.14 0.000607877 0 0.000607877
937.658 0.000599313 0 0.000599313
944.222 0.00059087 0 0.00059087
950.831 0.000582545 0 0.000582545
957.487 0.000574337 0 0.000574337
964.189 0.000566245 0 0.000566245
970.939 0.000558267 0 0.000558267
977.735 0.000550402 0 0.000550402
984.579 0.000542637 0 0.000542637
991.471 0.000534992 0 0.000534992
998.412 0.000527455 0 0.000527455
1005.4 0.000520024 0 0.000520024
1012.44 0.000512697 0 0.000512697
1019.53 0.000505474 0 0.000505474
1026.66 0.000498352 0 0.000498352
1033.85 0.000491331 0 0.000491331
1041.09 0.000484408 0 0.000484408
1048.37 0.000477583 0 0.000477583
1055.71 0.000470855 0 0.000470855
1063.1 0.000464221 0 0.000464221
1070.54 0.00045768 0 0.00045768
1078.04 0.000451232 0 0.000451232
1085.58 0.000444874 0 0.000444874
1093.18 0.000438606 0 0.000438606
1100.84 0.000432418 0 0.000432418
1108.54 0.000426326 0 0.000426326
1116.3 0.000420319 0 0.000420319
1124.11 0.000414398 0 0.000414398
1131.98 0.000408559 0 0.000408559
1139.91 0.000402803 0 0.000402803
1147.89 0.000397128 0 0.000397128
1155.92 0.000391532 0 0.000391532
1164.01 0.000386016 0 0.000386016
1172.16 0.000380577 0 0.000380577
1180.37 0.000375215 0 0.000375215
1188.63 0.000369928 0 0.000369928
1196.95 0.000364716 0 0.000364716
1205.33 0.000359578 0 0.000359578
1213.77 0.000354511 0 0.000354511
1222.26 0.000349516 0 0.000349516
1230.82 0.000344592 0 0.000344592
1239.43 0.000339731 0 0.000339731
1248.11 0.000334944 0 0.000334944
1256.85 0.000330225 0 0.000330225
1265.64 0.000325572 0 0.000325572
1274.5 0.000320985 0 0.000320985
1283.43 0.000316463 0 0.000316463
1292.41 0.000312004 0 0.000312004
1301.46 0.000307608 0 0.000307608
1310.57 0.000303274 0 0.000303274
1319.74 0.000299001 0 0.000299001
1328.98 0.000294789 0 0.000294789
1338.28 0.000290635 0 0.000290635
1347.65 0.00028654 0 0.00028654
1357.08 0.000282503 0 0.000282503
1366.58 0.000278523 0 0.000278523
1376.15 0.000274598 0 0.000274598
1385.78 0.000270725 0 0.000270725
1395.48 0.00026691 0 0.00026691
1405.25 0.00026315 0 0.00026315
1415.09 0.000259442 0 0.000259442
1424.99 0.000255787 0 0.000255787
1434.97 0.000252183 0 0.000252183
1445.01 0.00024863 0 0.00024863
1455.13 0.000245127 0 0.000245127
1465.31 0.000241673 0 0.000241673
1475.57 0.000238268 0 0.000238268
1485.9 0.000234911 0 0.000234911
1496.3 0.000231602 0 0.000231602
1506.78 0.000228339 0 0.000228339
1517.32 0.000225121 0 0.000225121
1527.94 0.00022195 0 0.00022195
1538.64 0.000218822 0 0.000218822
1549.41 0.000215739 0 0.000215739
1560.26 0.000212696 0 0.000212696
1571.18 0.000209699 0 0.000209699
1582.18 0.000206745 0 0.000206745
1593.25 0.000203832 0 0.000203832
1604.4 0.00020096 0 0.00020096
1615.63 0.000198129 0 0.000198129
1626.94 0.000195338 0 0.000195338
1638.33 0.000192586 0 0.000192586
1649.8 0.000189872 0 0.000189872
1661.35 0.000187197 0 0.000187197
1672.98 0.00018456 0 0.00018456
1684.69 0.000181959 0 0.000181959
1696.48 0.000179396 0 0.000179396
1708.36 0.000176868 0 0.000176868
1720.32 0.000174376 0 0.000174376
1732.36 0.00017192 0 0.00017192
1744.49 0.000169494 0 0.000169494
1756.7 0.000167107 0 0.000167107
1768.99 0.000164752 0 0.000164752
1781.38 0.000162431 0 0.000162431
1793.85 0.000160143 0 0.000160143
1806.4 0.000157887 0 0.000157887
1819.05 0.000155662 0 0.000155662
1831.78 0.000153469 0 0.000153469
1844.6 0.000151307 0 0.000151307
1857.52 0.000149175 0 0.000149175
1870.52 0.000147074 0 0.000147074
1883.61 0.000145001 0 0.000145001
1896.8 0.000142959 0 0.000142959
1910.07 0.000140944 0 0.000140944
1923.45 0.000138959 0 0.000138959
1936.91 0.000137001 0 0.000137001
1950.47 0.000135071 0 0.000135071
1964.12 0.000133166 0 0.000133166
1977.87 0.000131289 0 0.000131289
1991.72 0.00012944 0 0.00012944
2005.66 0.000127616 0 0.000127616
2019.7 0.000125818 0 0.000125818
2033.83 0.000124046 0 0.000124046
2048.07 0.000122298 0 0.000122298
2062.41 0.000120575 0 0.000120575
2076.84 0.000118877 0 0.000118877
2091.38 0.000117202 0 0.000117202
2106.02 0.000115551 0 0.000115551
2120.76 0.000113923 0 0.000113923
2135.61 0.000112318 0 0.000112318
2150.56 0.000110735 0 0.000110735
2165.61 0.000109175 0 0.000109175
2180.77 0.000107637 0 0.000107637
2196.04 0.000106119 0 0.000106119
2211.41 0.000104624 0 0.000104624
2226.89 0.00010315 0 0.00010315
2242.48 0.000101697 0 0.000101697
2258.18 0.000100264 0 0.000100264
2273.98 9.88518e-05 0 9.88518e-05
2289.9 9.74592e-05 0 9.74592e-05
2305.93 9.60862e-05 0 9.60862e-05
2322.07 9.47326e-05 0 9.47326e-05
2338.33 9.3398e-05 0 9.3398e-05
2354.69 9.20823e-05 0 9.20823e-05
2371.18 9.0785e-05 0 9.0785e-05
2387.78 8.9506e-05 0 8.9506e-05
2404.49 8.82451e-05 0 8.82451e-05
2421.32 8.70019e-05 0 8.70019e-05
2438.27 8.57762e-05 0 8.57762e-05
2455.34 8.45678e-05 0 8.45678e-05
2472.53 8.3375e-05 0 8.3375e-05
2489.83 8.22005e-05 0 8.22005e-05
2507.26 8.10425e-05 0 8.10425e-05
2524.81 7.99009e-05 0 7.99009e-05
2542.49 7.87753e-05 0 7.87753e-05
2560.28 7.76656e-05 0 7.76656e-05
2578.21 7.65715e-05 0 7.65715e-05
2596.25 7.54928e-05 0 7.54928e-05
2614.43 7.44293e-05 0 7.44293e-05
2632.73 7.33808e-05 0 7.33808e-05
2651.16 7.2347e-05 0 7.2347e-05
2669.72 7.13279e-05 0 7.13279e-05
2688.4 7.0323e-05 0 7.0323e-05
2707.22 6.93324e-05 0 6.93324e-05
2726.17 6.83557e-05 0 6.83557e-05
2745.26 6.73927e-05 0 6.73927e-05
2764.47 6.64422e-05 0 6.64422e-05
2783.82 6.55062e-05 0 6.55062e-05
2803.31 6.45835e-05 0 6.45835e-05
2822.93 6.36737e-05 0 6.36737e-05
2842.69 6.27767e-05 0 6.27767e-05
2862.59 6.18924e-05 0 6.18924e-05
2882.63 6.10205e-05 0 6.10205e-05
2902.81 6.0161e-05 0 6.0161e-05
2923.13 5.93135e-05 0 5.93135e-05
2943.59 5.84779e-05 0 5.84779e-05
2964.2 5.76542e-05 0 5.76542e-05
2984.95 5.6842e-05 0 5.6842e-05
3005.84 5.60413e-05 0 5.60413e-05
3026.88 5.52518e-05 0 5.52518e-05
3048.07 5.44735e-05 0 5.44735e-05
3069.41 5.37061e-05 0 5.37061e-05
3090.89 5.29496e-05 0 5.29496e-05
3112.53 5.22028e-05 0 5.22028e-05
3134.32 5.14675e-05 0 5.14675e-05
3156.26 5.07425e-05 0 5.07425e-05
3178.35 5.00277e-05 0 5.00277e-05
3200.6 4.9323e-05 0 4.9323e-05
3223 4.86282e-05 0 4.86282e-05
3245.56 4.79432e-05 0 4.79432e-05
3268.28 4.72679e-05 0 4.72679e-05
3291.16 4.6602e-05 0 4.6602e-05
3314.2 4.59456e-05 0 4.59456e-05
3337.4 4.52984e-05 0 4.52984e-05
3360.76 4.46603e-05 0 4.46603e-05
3384.29 4.40312e-05 0 4.40312e-05
3407.98 4.34109e-05 0 4.34109e-05
3431.83 4.27994e-05 0 4.27994e-05
3455.85 4.21965e-05 0 4.21965e-05
3480.05 4.16014e-05 0 4.16014e-05
3504.41 4.10154e-05 0 4.10154e-05
3528.94 4.04377e-05 0 4.04377e-05
3553.64 3.98681e-05 0 3.98681e-05
3578.51 3.93065e-05 0 3.93065e-05
3603.56 3.87529e-05 0 3.87529e-05
3628.79 3.8207e-05 0 3.8207e-05
3654.19 3.76688e-05 0 3.76688e-05
3679.77 3.71382e-05 0 3.71382e-05
3705.53 3.66151e-05 0 3.66151e-05
3731.47 3.60993e-05 0 3.60993e-05
3757.59 3.55908e-05 0 3.55908e-05
3783.89 3.50895e-05 0 3.50895e-05
3810.38 3.45952e-05 0 3.45952e-05
3837.05 3.41079e-05 0 3.41079e-05
3863.91 3.36275e-05 0 3.36275e-05
3890.96 3.31538e-05 0 3.31538e-05
3918.19 3.26863e-05 0 3.26863e-05
3945.62 3.22259e-05 0 3.22259e-05
3973.24 3.17719e-05 0 3.17719e-05
4001.05 3.13244e-05 0 3.13244e-05
4029.06 3.08832e-05 0 3.08832e-05
4057.26 3.04482e-05 0 3.04482e-05
4085.66 3.00193e-05 0 3.00193e-05
4114.26 2.95965e-05 0 2.95965e-05
4143.06 2.91796e-05 0 2.91796e-05
4172.07 2.87686e-05 0 2.87686e-05
4201.27 2.83634e-05 0 2.83634e-05
4230.68 2.79639e-05 0 2.79639e-05
4260.29 2.757e-05 0 2.757e-05
4290.12 2.71816e-05 0 2.71816e-05
4320.15 2.67988e-05 0 2.67988e-05
4350.39 2.64213e-05 0 2.64213e-05
4380.84 2.60487e-05 0 2.60487e-05
4411.51 2.56818e-05 0 2.56818e-05
4442.39 2.53201e-05 0 2.53201e-05
4473.48 2.49634e-05 0 2.49634e-05
4504.8 2.46118e-05 0 2.46118e-05
4536.33 2.42652e-05 0 2.42652e-05
4568.09 2.39234e-05 0 2.39234e-05
4600.06 2.35864e-05 0 2.35864e-05
4632.26 2.32542e-05 0 2.32542e-05
4664.69 2.29267e-05 0 2.29267e-05
4697.34 2.26038e-05 0 2.26038e-05
4730.22 2.22854e-05 0 2.22854e-05
4763.33 2.19715e-05 0 2.19715e-05
4796.68 2.1662e-05 0 2.1662e-05
4830.25 2.13569e-05 0 2.13569e-05
4864.07 2.10561e-05 0 2.10561e-05
4898.11 2.07595e-05 0 2.07595e-05
4932.4 2.04668e-05 0 2.04668e-05
4966.93 2.01785e-05 0 2.01785e-05
5001.7 1.98943e-05 0 1.98943e-05
5036.71 1.96141e-05 0 1.96141e-05
5071.97 1.93378e-05 0 1.93378e-05
5107.47 1.90655e-05 0 1.90655e-05
5143.22 1.87969e-05 0 1.87969e-05
5179.22 1.85322e-05 0 1.85322e-05
5215.48 1.82712e-05 0 1.82712e-05
5251.99 1.80138e-05 0 1.80138e-05
5288.75 1.77601e-05 0 1.77601e-05
5325.77 1.751e-05 0 1.751e-05
5363.05 1.72633e-05 0 1.72633e-05
5400.59 1.70202e-05 0 1.70202e-05
5438.4 1.67805e-05 0 1.67805e-05
5476.47 1.65441e-05 0 1.65441e-05
5514.8 1.63108e-05 0 1.63108e-05
5553.41 1.60811e-05 0 1.60811e-05
5592.28 1.58546e-05 0 1.58546e-05
5631.43 1.56313e-05 0 1.56313e-05
5670.85 1.54112e-05 0 1.54112e-05
5710.54 1.51941e-05 0 1.51941e-05
5750.52 1.49801e-05 0 1.49801e-05
5790.77 1.47691e-05 0 1.47691e-05
5831.3 1.45611e-05 0 1.45611e-05
5872.12 1.4356e-05 0 1.4356e-05
5913.23 1.41538e-05 0 1.41538e-05
5954.62 1.39545e-05 0 1.39545e-05
5996.3 1.37579e-05 0 1.37579e-05
6038.28 1.35642e-05 0 1.35642e-05
6080.55 1.33731e-05 0 1.33731e-05
6123.11 1.31848e-05 0 1.31848e-05
6165.97 1.29991e-05 0 1.29991e-05
6209.13 1.28158e-05 0 1.28158e-05
6252.6 1.26353e-05 0 1.26353e-05
6296.36 1.24573e-05 0 1.24573e-05
6340.44 1.22819e-05 0 1.22819e-05
6384.82 1.21089e-05 0 1.21089e-05
6429.52 1.19384e-05 0 1.19384e-05
6474.52 1.17702e-05 0 1.17702e-05
6519.84 1.16044e-05 0 1.16044e-05
6565.48 1.1441e-05 0 1.1441e-05
6611.44 1.12799e-05 0 1.12799e-05
6657.72 1.1121e-05 0 1.1121e-05
6704.33 1.09644e-05 0 1.09644e-05
6751.26 1.08099e-05 0 1.08099e-05
6798.51 1.06577e-05 0 1.06577e-05
6846.1 1.05076e-05 0 1.05076e-05
6894.03 1.03596e-05 0 1.03596e-05
6942.29 1.02135e-05 0 1.02135e-05
6990.88 1.00697e-05 0 1.00697e-05
7039.82 9.92787e-06 0 9.92787e-06
7089.1 9.78805e-06 0 9.78805e-06
7138.72 9.65019e-06 0 9.65019e-06
7188.69 9.51428e-06 0 9.51428e-06
7239.01 9.38029e-06 0 9.38029e-06
7289.68 9.24818e-06 0 9.24818e-06
7340.71 9.11793e-06 0 9.11793e-06
7392.1 8.98951e-06 0 8.98951e-06
7443.84 8.86291e-06 0 8.86291e-06
7495.95 8.73808e-06 0 8.73808e-06
7548.42 8.61502e-06 0 8.61502e-06
7601.26 8.49368e-06 0 8.49368e-06
7654.47 8.37406e-06 0 8.37406e-06
7708.05 8.25612e-06 0 8.25612e-06
7762.01 8.13984e-06 0 8.13984e-06
7816.34 8.02507e-06 0 8.02507e-06
7871.05 7.91205e-06 0 7.91205e-06
7926.15 7.80062e-06 0 7.80062e-06
7981.64 7.69076e-06 0 7.69076e-06
8037.51 7.58245e-06 0 7.58245e-06
8093.77 7.47566e-06 0 7.47566e-06
8150.43 7.37038e-06 0 7.37038e-06
8207.48 7.26658e-06 0 7.26658e-06
8264.93 7.16424e-06 0 7.16424e-06
8322.79 7.06334e-06 0 7.06334e-06
8381.04 6.96386e-06 0 6.96386e-06
8439.71 6.86578e-06 0 6.86578e-06
8498.79 6.76909e-06 0 6.76909e-06
8558.28 6.67375e-06 0 6.67375e-06
8618.19 6.57976e-06 0 6.57976e-06
8678.52 6.4871e-06 0 6.4871e-06
8739.27 6.39563e-06 0 6.39563e-06
8800.44 6.30556e-06 0 6.30556e-06
8862.04 6.21675e-06 0 6.21675e-06
8924.08 6.1292e-06 0 6.1292e-06
8986.55 6.04288e-06 0 6.04288e-06
9049.45 5.95778e-06 0 5.95778e-06
9112.8 5.87387e-06 0 5.87387e-06
9176.59 5.79115e-06 0 5.79115e-06
9240.83 5.70959e-06 0 5.70959e-06
9305.51 5.62918e-06 0 5.62918e-06
9370.65 5.5499e-06 0 5.5499e-06
9436.24 5.47174e-06 0 5.47174e-06
9502.3 5.39468e-06 0 5.39468e-06
9568.81 5.3187e-06 0 5.3187e-06
9635.8 5.24379e-06 0 5.24379e-06
9703.25 5.16994e-06 0 5.16994e-06
9771.17 5.09713e-06 0 5.09713e-06
9839.57 5.02526e-06 0 5.02526e-06
9908.44 4.95449e-06 0 4.95449e-06
9977.8 4.88472e-06 0 4.88472e-06
10047.6 4.81593e-06 0 4.81593e-06
10118 4.7481e-06 0 4.7481e-06
10188.8 4.68123e-06 0 4.68123e-06
10260.1 4.61531e-06 0 4.61531e-06
10331.9 4.55031e-06 0 4.55031e-06
10404.3 4.48622e-06 0 4.48622e-06
10477.1 4.42304e-06 0 4.42304e-06
10550.4 4.36075e-06 0 4.36075e-06
10624.3 4.29934e-06 0 4.29934e-06
10698.7 4.23879e-06 0 4.23879e-06
10773.6 4.17909e-06 0 4.17909e-06
10849 4.12023e-06 0 4.12023e-06
10924.9 4.06221e-06 0 4.06221e-06
11001.4 4.00493e-06 0 4.00493e-06
11078.4 3.94853e-06 0 3.94853e-06
11155.9 3.89292e-06 0 3.89292e-06
11234 3.8381e-06 0 3.8381e-06
11312.7 3.78404e-06 0 3.78404e-06
11391.9 3.73075e-06 0 3.73075e-06
11471.6 3.67821e-06 0 3.67821e-06
11551.9 3.62641e-06 0 3.62641e-06
11632.8 3.57534e-06 0 3.57534e-06
11714.2 3.52499e-06 0 3.52499e-06
11796.2 3.47534e-06 0 3.47534e-06
11878.8 3.4264e-06 0 3.4264e-06
11961.9 3.37814e-06 0 3.37814e-06
12045.7 3.33057e-06 0 3.33057e-06
12130 3.28366e-06 0 3.28366e-06
12214.9 3.23741e-06 0 3.23741e-06
12300.4 3.19182e-06 0 3.19182e-06
12386.5 3.14682e-06 0 3.14682e-06
12473.2 3.1025e-06 0 3.1025e-06
12560.5 3.05881e-06 0 3.05881e-06
12648.4 3.01573e-06 0 3.01573e-06
12737 2.97326e-06 0 2.97326e-06
12826.1 2.93139e-06 0 2.93139e-06
12915.9 2.8901e-06 0 2.8901e-06
13006.3 2.8494e-06 0 2.8494e-06
13097.4 2.80927e-06 0 2.80927e-06
13189.1 2.76971e-06 0 2.76971e-06
13281.4 2.7307e-06 0 2.7307e-06
13374.4 2.69224e-06 0 2.69224e-06
13468 2.65433e-06 0 2.65433e-06
13562.2 2.61694e-06 0 2.61694e-06
13657.2 2.58009e-06 0 2.58009e-06
13752.8 2.54375e-06 0 2.54375e-06
13849.1 2.50788e-06 0 2.50788e-06
13946 2.47257e-06 0 2.47257e-06
14043.6 2.43774e-06 0 2.43774e-06
14141.9 2.40341e-06 0 2.40341e-06
14240.9 2.36956e-06 0 2.36956e-06
14340.6 2.33619e-06 0 2.33619e-06
14441 2.30329e-06 0 2.30329e-06
14542.1 2.27085e-06 0 2.27085e-06
14643.9 2.23887e-06 0 2.23887e-06
14746.4 2.20734e-06 0 2.20734e-06
14849.6 2.17625e-06 0 2.17625e-06
14953.5 2.1456e-06 0 2.1456e-06
15058.2 2.11539e-06 0 2.11539e-06
15163.6 2.08559e-06 0 2.08559e-06
15269.8 2.05622e-06 0 2.05622e-06
15376.7 2.02726e-06 0 2.02726e-06
15484.3 1.99871e-06 0 1.99871e-06
15592.7 1.97053e-06 0 1.97053e-06
15701.8 1.94278e-06 0 1.94278e-06
15811.8 1.91542e-06 0 1.91542e-06
15922.4 1.88844e-06 0 1.88844e-06
16033.9 1.86185e-06 0 1.86185e-06
16146.1 1.83562e-06 0 1.83562e-06
16259.2 1.80977e-06 0 1.80977e-06
16373 1.78428e-06 0 1.78428e-06
16487.6 1.75915e-06 0 1.75915e-06
16603 1.73438e-06 0 1.73438e-06
16719.2 1.70995e-06 0 1.70995e-06
16836.2 1.68587e-06 0 1.68587e-06
16954.1 1.66213e-06 0 1.66213e-06
17072.8 1.63872e-06 0 1.63872e-06
17192.3 1.61564e-06 0 1.61564e-06
17312.6 1.59288e-06 0 1.59288e-06
17433.8 1.57042e-06 0 1.57042e-06
17555.9 1.54831e-06 0 1.54831e-06
17678.7 1.5265e-06 0 1.5265e-06
17802.5 1.505e-06 0 1.505e-06
17927.1 1.48381e-06 0 1.48381e-06
18052.6 1.46291e-06 0 1.46291e-06
18179 1.44231e-06 0 1.44231e-06
18306.2 1.42199e-06 0 1.42199e-06
18434.4 1.40196e-06 0 1.40196e-06
18563.4 1.38222e-06 0 1.38222e-06
18693.4 1.36275e-06 0 1.36275e-06
18824.2 1.34356e-06 0 1.34356e-06
18956 1.32464e-06 0 1.32464e-06
19088.7 1.30598e-06 0 1.30598e-06
19222.3 1.28759e-06 0 1.28759e-06
19356.8 1.26945e-06 0 1.26945e-06
19492.3 1.25157e-06 0 1.25157e-06
19628.8 1.23392e-06 0 1.23392e-06
19766.2 1.21655e-06 0 1.21655e-06
19904.6 1.19941e-06 0 1.19941e-06
20043.9 1.18252e-06 0 1.18252e-06
20184.2 1.16587e-06 0 1.16587e-06
20325.5 1.14944e-06 0 1.14944e-06
20467.8 1.13326e-06 0 1.13326e-06
20611 1.11729e-06 0 1.11729e-06
20755.3 1.10156e-06 0 1.10156e-06
20900.6 1.08604e-06 0 1.08604e-06
21046.9 1.07075e-06 0 1.07075e-06
21194.2 1.05567e-06 0 1.05567e-06
21342.6 1.0408e-06 0 1.0408e-06
21492 1.02614e-06 0 1.02614e-06
21642.4 1.01169e-06 0 1.01169e-06
21793.9 9.97436e-07 0 9.97436e-07
21946.5 9.83372e-07 0 9.83372e-07
22100.1 9.69522e-07 0 9.69522e-07
22254.8 9.55867e-07 0 9.55867e-07
22410.6 9.42404e-07 0 9.42404e-07
22567.5 9.29131e-07 0 9.29131e-07
22725.4 9.16044e-07 0 9.16044e-07
22884.5 9.03142e-07 0 9.03142e-07
23044.7 8.90422e-07 0 8.90422e-07
23206 8.7788e-07 0 8.7788e-07
23368.5 8.65516e-07 0 8.65516e-07
23532.1 8.53325e-07 0 8.53325e-07
23696.8 8.41306e-07 0 8.41306e-07
23862.7 8.29456e-07 0 8.29456e-07
24029.7 8.17773e-07 0 8.17773e-07
24197.9 8.06255e-07 0 8.06255e-07
24367.3 7.94898e-07 0 7.94898e-07
24537.9 7.83702e-07 0 7.83702e-07
24709.6 7.72651e-07 0 7.72651e-07
24882.6 7.61768e-07 0 7.61768e-07
25056.8 7.51039e-07 0 7.51039e-07
25232.2 7.40461e-07 0 7.40461e-07
25408.8 7.30031e-07 0 7.30031e-07
25586.7 7.19749e-07 0 7.19749e-07
25765.8 7.09611e-07 0 7.09611e-07
25946.1 6.99616e-07 0 6.99616e-07
26127.7 6.89762e-07 0 6.89762e-07
26310.6 6.80046e-07 0 6.80046e-07
26494.8 6.70467e-07 0 6.70467e-07
26680.3 6.61023e-07 0 6.61023e-07
26867 6.51712e-07 0 6.51712e-07
27055.1 6.42532e-07 0 6.42532e-07
27244.5 6.33482e-07 0 6.33482e-07
27435.2 6.24559e-07 0 6.24559e-07
27627.2 6.15751e-07 0 6.15751e-07
27820.6 6.07078e-07 0 6.07078e-07
28015.4 5.98527e-07 0 5.98527e-07
28211.5 5.90097e-07 0 5.90097e-07
28409 5.81785e-07 0 5.81785e-07
28607.8 5.7359e-07 0 5.7359e-07
28808.1 5.6551e-07 0 5.6551e-07
29009.7 5.57545e-07 0 5.57545e-07
29212.8 5.49691e-07 0 5.49691e-07
29417.3 5.41948e-07 0 5.41948e-07
29623.2 5.34314e-07 0 5.34314e-07
29830.6 5.26788e-07 0 5.26788e-07
30039.4 5.19367e-07 0 5.19367e-07
30249.7 5.12051e-07 0 5.12051e-07
30461.4 5.04838e-07 0 5.04838e-07
30674.7 4.97727e-07 0 4.97727e-07
30889.4 4.90715e-07 0 4.90715e-07
31105.6 4.83795e-07 0 4.83795e-07
31323.3 4.7698e-07 0 4.7698e-07
31542.6 4.70261e-07 0 4.70261e-07
31763.4 4.63637e-07 0 4.63637e-07
31985.7 4.57106e-07 0 4.57106e-07
32209.6 4.50667e-07 0 4.50667e-07
32435.1 4.44319e-07 0 4.44319e-07
32662.2 4.3806e-07 0 4.3806e-07
32890.8 4.31889e-07 0 4.31889e-07
33121 4.25805e-07 0 4.25805e-07
33352.9 4.19807e-07 0 4.19807e-07
33586.4 4.13893e-07 0 4.13893e-07
33821.5 4.08062e-07 0 4.08062e-07
34058.2 4.02314e-07 0 4.02314e-07
34296.6 3.96646e-07 0 3.96646e-07
34536.7 3.91058e-07 0 3.91058e-07
34778.4 3.85543e-07 0 3.85543e-07
35021.9 3.80112e-07 0 3.80112e-07
35267 3.74757e-07 0 3.74757e-07
35513.9 3.69478e-07 0 3.69478e-07
35762.5 3.64273e-07 0 3.64273e-07
36012.9 3.59141e-07 0 3.59141e-07
36264.9 3.54082e-07 0 3.54082e-07
36518.8 3.49094e-07 0 3.49094e-07
36774.4 3.44176e-07 0 3.44176e-07
37031.8 3.39327e-07 0 3.39327e-07
37291.1 3.34547e-07 0 3.34547e-07
37552.1 3.29834e-07 0 3.29834e-07
37815 3.25187e-07 0 3.25187e-07
38079.7 3.20606e-07 0 3.20606e-07
38346.2 3.16089e-07 0 3.16089e-07
38614.7 3.11636e-07 0 3.11636e-07
38885 3.07245e-07 0 3.07245e-07
39157.2 3.02912e-07 0 3.02912e-07
39431.3 2.98644e-07 0 2.98644e-07
39707.3 2.94437e-07 0 2.94437e-07
39985.2 2.90289e-07 0 2.90289e-07
40265.1 2.86199e-07 0 2.86199e-07
40547 2.82167e-07 0 2.82167e-07
40830.8 2.78192e-07 0 2.78192e-07
41116.6 2.74272e-07 0 2.74272e-07
41404.4 2.70408e-07 0 2.70408e-07
41694.3 2.66598e-07 0 2.66598e-07
41986.1 2.62842e-07 0 2.62842e-07
42280 2.59139e-07 0 2.59139e-07
42576 2.55488e-07 0 2.55488e-07
42874 2.51888e-07 0 2.51888e-07
43174.1 2.48339e-07 0 2.48339e-07
43476.4 2.4484e-07 0 2.4484e-07
43780.7 2.41386e-07 0 2.41386e-07
44087.2 2.37986e-07 0 2.37986e-07
44395.8 2.34633e-07 0 2.34633e-07
44706.5 2.31327e-07 0 2.31327e-07
45019.5 2.28067e-07 0 2.28067e-07
45334.6 2.24854e-07 0 2.24854e-07
45652 2.21686e-07 0 2.21686e-07
45971.5 2.18562e-07 0 2.18562e-07
46293.3 2.15483e-07 0 2.15483e-07
46617.4 2.12447e-07 0 2.12447e-07
46943.7 2.09453e-07 0 2.09453e-07
47272.3 2.06502e-07 0 2.06502e-07
47603.2 2.03592e-07 0 2.03592e-07
47936.4 2.00723e-07 0 2.00723e-07
48272 1.97895e-07 0 1.97895e-07
48609.9 1.95107e-07 0 1.95107e-07
48950.2 1.92357e-07 0 1.92357e-07
49292.8 1.89644e-07 0 1.89644e-07
49637.9 1.86972e-07 0 1.86972e-07
49985.3 1.84337e-07 0 1.84337e-07
50335.2 1.81739e-07 0 1.81739e-07
50687.6 1.79179e-07 0 1.79179e-07
51042.4 1.76654e-07 0 1.76654e-07
51399.7 1.74165e-07 0 1.74165e-07
51759.5 1.7171e-07 0 1.7171e-07
52121.8 1.69291e-07 0 1.69291e-07
52486.7 1.66905e-07 0 1.66905e-07
52854.1 1.64553e-07 0 1.64553e-07
53224 1.62234e-07 0 1.62234e-07
53596.6 1.59948e-07 0 1.59948e-07
53971.8 1.57694e-07 0 1.57694e-07
54349.6 1.55472e-07 0 1.55472e-07
54730 1.53281e-07 0 1.53281e-07
55113.1 1.51121e-07 0 1.51121e-07
55498.9 1.48988e-07 0 1.48988e-07
55887.4 1.46889e-07 0 1.46889e-07
56278.6 1.44819e-07 0 1.44819e-07
56672.6 1.42778e-07 0 1.42778e-07
57069.3 1.40766e-07 0 1.40766e-07
57468.8 1.38782e-07 0 1.38782e-07
57871.1 1.36826e-07 0 1.36826e-07
58276.2 1.34898e-07 0 1.34898e-07
58684.1 1.32997e-07 0 1.32997e-07
59094.9 1.31122e-07 0 1.31122e-07
59508.6 1.29274e-07 0 1.29274e-07
59925.1 1.27453e-07 0 1.27453e-07
60344.6 1.25656e-07 0 1.25656e-07
60767 1.23885e-07 0 1.23885e-07
61192.4 1.22139e-07 0 1.22139e-07
61620.7 1.20418e-07 0 1.20418e-07
62052.1 1.18719e-07 0 1.18719e-07
62486.4 1.17045e-07 0 1.17045e-07
62923.8 1.15396e-07 0 1.15396e-07
63364.3 1.13769e-07 0 1.13769e-07
63807.8 1.12166e-07 0 1.12166e-07
64254.5 1.10585e-07 0 1.10585e-07
64704.3 1.09026e-07 0 1.09026e-07
65157.2 1.07489e-07 0 1.07489e-07
65613.3 1.05974e-07 0 1.05974e-07
66072.6 1.04481e-07 0 1.04481e-07
66535.1 1.03008e-07 0 1.03008e-07
67000.9 1.01556e-07 0 1.01556e-07
67469.9 1.00125e-07 0 1.00125e-07
67942.2 9.87132e-08 0 9.87132e-08
68417.8 9.73217e-08 0 9.73217e-08
68896.7 9.59498e-08 0 9.59498e-08
69379 9.45973e-08 0 9.45973e-08
69864.6 9.32623e-08 0 9.32623e-08
70353.7 9.19477e-08 0 9.19477e-08
70846.1 9.06516e-08 0 9.06516e-08
71342.1 8.93737e-08 0 8.93737e-08
71841.5 8.81139e-08 0 8.81139e-08
72344.3 8.68718e-08 0 8.68718e-08
72850.8 8.56471e-08 0 8.56471e-08
73360.7 8.44398e-08 0 8.44398e-08
73874.2 8.32494e-08 0 8.32494e-08
74391.4 8.20758e-08 0 8.20758e-08
74912.1 8.09187e-08 0 8.09187e-08
75436.5 7.97779e-08 0 7.97779e-08
75964.5 7.86532e-08 0 7.86532e-08
76496.3 7.75443e-08 0 7.75443e-08
77031.8 7.64511e-08 0 7.64511e-08
77571 7.53732e-08 0 7.53732e-08
78114 7.43094e-08 0 7.43094e-08
78660.8 7.32617e-08 0 7.32617e-08
79211.4 7.22289e-08 0 7.22289e-08
79765.9 7.12105e-08 0 7.12105e-08
80324.2 7.02065e-08 0 7.02065e-08
80886.5 6.92167e-08 0 6.92167e-08
81452.7 6.82408e-08 0 6.82408e-08
82022.9 6.72786e-08 0 6.72786e-08
82597 6.633e-08 0 6.633e-08
83175.2 6.53948e-08 0 6.53948e-08
83757.5 6.44727e-08 0 6.44727e-08
84343.8 6.35636e-08 0 6.35636e-08
84934.2 6.26673e-08 0 6.26673e-08
85528.7 6.17837e-08 0 6.17837e-08
86127.4 6.09125e-08 0 6.09125e-08
86730.3 6.00535e-08 0 6.00535e-08
87337.4 5.92067e-08 0 5.92067e-08
87948.8 5.83709e-08 0 5.83709e-08
88564.4 5.75478e-08 0 5.75478e-08
89184.4 5.67363e-08 0 5.67363e-08
89808.6 5.59362e-08 0 5.59362e-08
90437.3 5.51474e-08 0 5.51474e-08
91070.4 5.43698e-08 0 5.43698e-08
91707.9 5.3603e-08 0 5.3603e-08
92349.8 5.28471e-08 0 5.28471e-08
92996.3 5.21018e-08 0 5.21018e-08
93647.2 5.1367e-08 0 5.1367e-08
94302.8 5.06426e-08 0 5.06426e-08
94962.9 4.99284e-08 0 4.99284e-08
95627.6 4.92242e-08 0 4.92242e-08
96297 4.853e-08 0 4.853e-08
96971.1 4.78455e-08 0 4.78455e-08
97649.9 4.71707e-08 0 4.71707e-08
98333.4 4.65046e-08 0 4.65046e-08
99021.8 4.58487e-08 0 4.58487e-08
99714.9 4.5202e-08 0 4.5202e-08
100413 4.45645e-08 0 4.45645e-08
101116 4.39359e-08 0 4.39359e-08
101824 4.33162e-08 0 4.33162e-08
102536 4.27052e-08 0 4.27052e-08
103254 4.21028e-08 0 4.21028e-08
103977 4.1509e-08 0 4.1509e-08
104705 4.09234e-08 0 4.09234e-08
105438 4.03462e-08 0 4.03462e-08
106176 3.9777e-08 0 3.9777e-08
106919 3.92159e-08 0 3.92159e-08
107667 3.86627e-08 0 3.86627e-08
108421 3.81172e-08 0 3.81172e-08
109180 3.75795e-08 0 3.75795e-08
109944 3.70493e-08 0 3.70493e-08
110714 3.65261e-08 0 3.65261e-08
111489 3.60108e-08 0 3.60108e-08
112269 3.55027e-08 0 3.55027e-08
113055 3.50019e-08 0 3.50019e-08
113847 3.4508e-08 0 3.4508e-08
114644 3.40212e-08 0 3.40212e-08
115446 3.35412e-08 0 3.35412e-08
116254 3.30679e-08 0 3.30679e-08
117068 3.26013e-08 0 3.26013e-08
117887 3.21413e-08 0 3.21413e-08
118713 3.16878e-08 0 3.16878e-08
119544 3.12407e-08 0 3.12407e-08
120380 3.07999e-08 0 3.07999e-08
121223 3.03652e-08 0 3.03652e-08
122072 2.99368e-08 0 2.99368e-08
122926 2.95143e-08 0 2.95143e-08
123787 2.90973e-08 0 2.90973e-08
124653 2.86867e-08 0 2.86867e-08
125526 2.82819e-08 0 2.82819e-08
126404 2.78828e-08 0 2.78828e-08
127289 2.74893e-08 0 2.74893e-08
128180 2.71013e-08 0 2.71013e-08
129078 2.67188e-08 0 2.67188e-08
129981 2.63418e-08 0 2.63418e-08
130891 2.597e-08 0 2.597e-08
131807 2.56034e-08 0 2.56034e-08
132730 2.52421e-08 0 2.52421e-08
133659 2.48858e-08 0 2.48858e-08
134595 2.45345e-08 0 2.45345e-08
135537 2.41882e-08 0 2.41882e-08
136485 2.38468e-08 0 2.38468e-08
137441 2.35101e-08 0 2.35101e-08
138403 2.31783e-08 0 2.31783e-08
139372 2.28507e-08 0 2.28507e-08
140347 2.25281e-08 0 2.25281e-08
141330 2.22101e-08 0 2.22101e-08
142319 2.18966e-08 0 2.18966e-08
143315 2.15874e-08 0 2.15874e-08
144319 2.12827e-08 0 2.12827e-08
145329 2.09822e-08 0 2.09822e-08
146346 2.0686e-08 0 2.0686e-08
147371 2.03939e-08 0 2.03939e-08
148402 2.0106e-08 0 2.0106e-08
149441 1.98221e-08 0 1.98221e-08
150487 1.95422e-08 0 1.95422e-08
151540 1.92662e-08 0 1.92662e-08
152601 1.89942e-08 0 1.89942e-08
153669 1.8726e-08 0 1.8726e-08
154745 1.84615e-08 0 1.84615e-08
155828 1.82008e-08 0 1.82008e-08
156919 1.79435e-08 0 1.79435e-08
158018 1.76901e-08 0 1.76901e-08
159124 1.74403e-08 0 1.74403e-08
160238 1.7194e-08 0 1.7194e-08
161359 1.69512e-08 0 1.69512e-08
162489 1.67117e-08 0 1.67117e-08
163626 1.64757e-08 0 1.64757e-08
164772 1.6243e-08 0 1.6243e-08
165925 1.60136e-08 0 1.60136e-08
167086 1.57874e-08 0 1.57874e-08
168256 1.55644e-08 0 1.55644e-08
169434 1.53445e-08 0 1.53445e-08
170620 1.51277e-08 0 1.51277e-08
171814 1.4914e-08 0 1.4914e-08
173017 1.47033e-08 0 1.47033e-08
174228 1.44956e-08 0 1.44956e-08
175448 1.42906e-08 0 1.42906e-08
176676 1.40887e-08 0 1.40887e-08
177912 1.38896e-08 0 1.38896e-08
179158 1.36934e-08 0 1.36934e-08
180412 1.34999e-08 0 1.34999e-08
181675 1.33092e-08 0 1.33092e-08
182947 1.31211e-08 0 1.31211e-08
184227 1.29357e-08 0 1.29357e-08
185517 1.27529e-08 0 1.27529e-08
186815 1.25727e-08 0 1.25727e-08
188123 1.2395e-08 0 1.2395e-08
189440 1.22198e-08 0 1.22198e-08
190766 1.20471e-08 0 1.20471e-08
192101 1.18769e-08 0 1.18769e-08
193446 1.1709e-08 0 1.1709e-08
194800 1.15435e-08 0 1.15435e-08
196164 1.13803e-08 0 1.13803e-08
197537 1.12193e-08 0 1.12193e-08
198920 1.10607e-08 0 1.10607e-08
200312 1.09044e-08 0 1.09044e-08
201714 1.07502e-08 0 1.07502e-08
203126 1.05982e-08 0 1.05982e-08
204548 1.04484e-08 0 1.04484e-08
205980 1.03007e-08 0 1.03007e-08
207422 1.01551e-08 0 1.01551e-08
208874 1.00115e-08 0 1.00115e-08
210336 9.86993e-09 0 9.86993e-09
211808 9.73037e-09 0 9.73037e-09
213291 9.59278e-09 0 9.59278e-09
214784 9.45713e-09 0 9.45713e-09
216288 9.32339e-09 0 9.32339e-09
217802 9.19154e-09 0 9.19154e-09
219326 9.06155e-09 0 9.06155e-09
220861 8.93339e-09 0 8.93339e-09
222407 8.8069e-09 0 8.8069e-09
223964 8.68234e-09 0 8.68234e-09
225532 8.55954e-09 0 8.55954e-09
227111 8.43846e-09 0 8.43846e-09
228701 8.3191e-09 0 8.3191e-09
230301 8.20142e-09 0 8.20142e-09
231914 8.0854e-09 0 8.0854e-09
233537 7.97102e-09 0 7.97102e-09
235172 7.85824e-09 0 7.85824e-09
236818 7.74706e-09 0 7.74706e-09
238476 7.63745e-09 0 7.63745e-09
240145 7.52939e-09 0 7.52939e-09
241826 7.42285e-09 0 7.42285e-09
243519 7.31781e-09 0 7.31781e-09
245223 7.21425e-09 0 7.21425e-09
246940 7.11216e-09 0 7.11216e-09
248669 7.01139e-09 0 7.01139e-09
250409 6.91216e-09 0 6.91216e-09
252162 6.81433e-09 0 6.81433e-09
253927 6.71788e-09 0 6.71788e-09
255705 6.6228e-09 0 6.6228e-09
257495 6.52905e-09 0 6.52905e-09
259297 6.43663e-09 0 6.43663e-09
261112 6.34551e-09 0 6.34551e-09
262940 6.25568e-09 0 6.25568e-09
264781 6.16711e-09 0 6.16711e-09
266634 6.0798e-09 0 6.0798e-09
268500 5.99371e-09 0 5.99371e-09
270380 5.90885e-09 0 5.90885e-09
272273 5.82518e-09 0 5.82518e-09
274179 5.74269e-09 0 5.74269e-09
276098 5.66136e-09 0 5.66136e-09
278030 5.58118e-09 0 5.58118e-09
279977 5.50204e-09 0 5.50204e-09
281937 5.42412e-09 0 5.42412e-09
283910 5.34729e-09 0 5.34729e-09
285897 5.27155e-09 0 5.27155e-09
287899 5.19688e-09 0 5.19688e-09
289914 5.12326e-09 0 5.12326e-09
291943 5.05068e-09 0 5.05068e-09
293987 4.97913e-09 0 4.97913e-09
296045 4.90858e-09 0 4.90858e-09
298117 4.83903e-09 0 4.83903e-09
300204 4.77047e-09 0 4.77047e-09
302305 4.70287e-09 0 4.70287e-09
304422 4.63622e-09 0 4.63622e-09
306553 4.57052e-09 0 4.57052e-09
308698 4.50574e-09 0 4.50574e-09
310859 4.44188e-09 0 4.44188e-09
313035 4.37892e-09 0 4.37892e-09
315227 4.31678e-09 0 4.31678e-09
317433 4.25559e-09 0 4.25559e-09
319655 4.19526e-09 0 4.19526e-09
321893 4.13579e-09 0 4.13579e-09
324146 4.07716e-09 0 4.07716e-09
326415 4.01935e-09 0 4.01935e-09
328700 3.96236e-09 0 3.96236e-09
331001 3.90617e-09 0 3.90617e-09
333318 3.85078e-09 0 3.85078e-09
335651 3.79617e-09 0 3.79617e-09
338001 3.74234e-09 0 3.74234e-09
340367 3.68926e-09 0 3.68926e-09
342749 3.63693e-09 0 3.63693e-09
345148 3.58534e-09 0 3.58534e-09
347565 3.53448e-09 0 3.53448e-09
349997 3.48434e-09 0 3.48434e-09
352447 3.43485e-09 0 3.43485e-09
354915 3.38612e-09 0 3.38612e-09
357399 3.33807e-09 0 3.33807e-09
359901 3.29071e-09 0 3.29071e-09
362420 3.24402e-09 0 3.24402e-09
364957 3.19798e-09 0 3.19798e-09
367512 3.1526e-09 0 3.1526e-09
370084 3.10785e-09 0 3.10785e-09
372675 3.06374e-09 0 3.06374e-09
375284 3.02025e-09 0 3.02025e-09
377911 2.97738e-09 0 2.97738e-09
380556 2.93511e-09 0 2.93511e-09
383220 2.89344e-09 0 2.89344e-09
385902 2.85236e-09 0 2.85236e-09
388604 2.81186e-09 0 2.81186e-09
391324 2.77194e-09 0 2.77194e-09
394063 2.73257e-09 0 2.73257e-09
396822 2.69372e-09 0 2.69372e-09
399599 2.65546e-09 0 2.65546e-09
402397 2.61775e-09 0 2.61775e-09
405213 2.58057e-09 0 2.58057e-09
408050 2.54391e-09 0 2.54391e-09
410906 2.50778e-09 0 2.50778e-09
413783 2.47215e-09 0 2.47215e-09
416679 2.43703e-09 0 2.43703e-09
419596 2.4024e-09 0 2.4024e-09
422533 2.36826e-09 0 2.36826e-09
425491 2.33461e-09 0 2.33461e-09
428469 2.30143e-09 0 2.30143e-09
431468 2.26872e-09 0 2.26872e-09
434489 2.23648e-09 0 2.23648e-09
437530 2.20469e-09 0 2.20469e-09
440593 2.17335e-09 0 2.17335e-09
443677 2.14245e-09 0 2.14245e-09
446783 2.11196e-09 0 2.11196e-09
449910 2.08193e-09 0 2.08193e-09
453060 2.05233e-09 0 2.05233e-09
456231 2.02314e-09 0 2.02314e-09
459425 1.99437e-09 0 1.99437e-09
462641 1.96601e-09 0 1.96601e-09
465879 1.93805e-09 0 1.93805e-09
469140 1.91048e-09 0 1.91048e-09
472424 1.88331e-09 0 1.88331e-09
475731 1.85652e-09 0 1.85652e-09
479061 1.8301e-09 0 1.8301e-09
482415 1.80407e-09 0 1.80407e-09
485792 1.7784e-09 0 1.7784e-09
489192 1.75309e-09 0 1.75309e-09
492617 1.72814e-09 0 1.72814e-09
496065 1.70355e-09 0 1.70355e-09
499537 1.6793e-09 0 1.6793e-09
503034 1.65537e-09 0 1.65537e-09
506555 1.63181e-09 0 1.63181e-09
510101 1.60858e-09 0 1.60858e-09
513672 1.58568e-09 0 1.58568e-09
517268 1.5631e-09 0 1.5631e-09
520888 1.54084e-09 0 1.54084e-09
524535 1.5189e-09 0 1.5189e-09
528206 1.49727e-09 0 1.49727e-09
531904 1.47595e-09 0 1.47595e-09
535627 1.45492e-09 0 1.45492e-09
539377 1.4342e-09 0 1.4342e-09
543152 1.41377e-09 0 1.41377e-09
546954 1.39363e-09 0 1.39363e-09
550783 1.37377e-09 0 1.37377e-09
554638 1.3542e-09 0 1.3542e-09
558521 1.3349e-09 0 1.3349e-09
562431 1.31588e-09 0 1.31588e-09
566368 1.2971e-09 0 1.2971e-09
570332 1.27861e-09 0 1.27861e-09
574324 1.26039e-09 0 1.26039e-09
578345 1.24242e-09 0 1.24242e-09
582393 1.22471e-09 0 1.22471e-09
586470 1.20725e-09 0 1.20725e-09
590575 1.19003e-09 0 1.19003e-09
594709 1.17306e-09 0 1.17306e-09
598872 1.15634e-09 0 1.15634e-09
603064 1.13984e-09 0 1.13984e-09
607286 1.12359e-09 0 1.12359e-09
611537 1.10756e-09 0 1.10756e-09
615818 1.09176e-09 0 1.09176e-09
620128 1.07618e-09 0 1.07618e-09
624469 1.06083e-09 0 1.06083e-09
628840 1.04569e-09 0 1.04569e-09
633242 1.03077e-09 0 1.03077e-09
637675 1.01604e-09 0 1.01604e-09
642139 1.00154e-09 0 1.00154e-09
646634 9.87248e-10 0 9.87248e-10
