6.67037 1 110.447 1.07976e-48
6.71706 1 109.461 2.89401e-48
6.76408 1 108.477 7.74853e-48
6.81143 1 107.482 2.09514e-47
6.85911 1 106.476 5.73018e-47
6.90712 1 105.465 1.57427e-46
6.95547 1 104.454 4.32879e-46
7.00416 1 103.441 1.1919e-45
7.05319 1 102.416 3.32063e-45
7.10256 1 101.385 9.31567e-45
7.15228 1 100.346 2.63204e-44
7.20235 1 99.301 7.48362e-44
7.25276 1 98.251 2.13863e-43
7.30353 1 97.1958 6.14352e-43
7.35466 1 96.1346 1.77531e-42
7.40614 1 95.0657 5.17e-42
7.45798 1 93.9875 1.51959e-41
7.51019 1 92.9044 4.4888e-41
7.56276 1 91.8203 1.32729e-40
7.6157 1 90.7367 3.92253e-40
7.66901 1 89.6443 1.16944e-39
7.72269 1 88.5445 3.51255e-39
7.77675 1 87.441 1.05889e-38
7.83119 1 86.3254 3.23118e-38
7.88601 1 85.2173 9.78623e-38
7.94121 1 84.0969 3.00029e-37
7.9968 1 82.9794 9.17325e-37
8.05277 1 81.8423 2.85986e-36
8.10914 1 80.7228 8.76081e-36
8.16591 1 79.5756 2.75914e-35
8.22307 1 78.4444 8.55104e-35
8.28063 1 77.3009 2.68316e-34
8.33859 1 76.1539 8.44826e-34
8.39696 1 75.0064 2.66151e-33
8.45574 1 73.8442 8.50882e-33
8.51493 1 72.6955 2.68365e-32
8.57454 1 71.5362 8.55473e-32
8.63456 1 70.3745 2.73373e-31
8.695 1 69.2083 8.77412e-31
8.75587 1 68.0343 2.83842e-30
8.81716 1 66.8747 9.0505e-30
8.87888 1 65.7039 2.91839e-29
8.94103 1 64.5307 9.4338e-29
9.00362 1 63.3609 3.03882e-28
9.06664 1 62.188 9.81987e-28
9.13011 1 61.0069 3.19927e-27
9.19402 1 59.832 1.03582e-26
9.25838 1 58.6522 3.37027e-26
9.32319 1 57.4727 1.09633e-25
9.38845 1 56.3026 3.53256e-25
9.45417 1 55.1278 1.14365e-24
9.52035 1 53.9548 3.69613e-24
9.58699 1 52.7738 1.204e-23
9.6541 1 51.6039 3.87888e-23
9.72168 1 50.4372 1.24573e-22
9.78973 1 49.2637 4.02762e-22
9.85826 1 48.1005 1.28889e-21
9.92727 1 46.9296 4.15666e-21
9.99676 1 45.7728 1.32162e-20
10.0667 1 44.6124 4.21771e-20
10.1372 1 43.4643 1.32953e-19
10.2082 1 42.3152 4.19517e-19
10.2796 1 41.1672 1.32218e-18
10.3516 1 40.0348 4.1031e-18
10.424 1 38.9033 1.27208e-17
10.497 1 37.7743 3.93403e-17
10.5705 1 36.6489 1.21217e-16
10.6445 1 35.5363 3.68776e-16
10.719 1 34.4318 1.11289e-15
10.794 1 33.3344 3.33468e-15
10.8696 1 32.2454 9.90848e-15
10.9457 1 31.1631 2.92453e-14
11.0223 1 30.0895 8.55625e-14
11.0994 1 29.0328 2.46162e-13
11.1771 1 27.9831 7.03213e-13
11.2554 1 26.9428 1.99026e-12
11.3342 1 25.9176 5.54779e-12
11.4135 1 24.901 1.53333e-11
11.4934 1 23.902 4.16368e-11
11.5739 1 22.9134 1.11899e-10
11.6549 1 21.9394 2.96362e-10
11.7365 1 20.981 7.72817e-10
11.8186 1 20.0347 1.99083e-09
11.9013 1 19.1101 5.01892e-09
11.9846 1 18.2021 1.24431e-08
12.0685 1 17.309 3.03945e-08
12.153 1 16.4352 7.28236e-08
12.2381 1 15.5828 1.70796e-07
12.3238 1 14.7459 3.94387e-07
12.41 1 13.9333 8.88899e-07
12.4969 1 13.1397 1.96563e-06
12.5844 1 12.367 4.25684e-06
12.6725 1 11.6211 8.97488e-06
12.7612 1 10.896 1.85328e-05
12.8505 1 10.1945 3.73743e-05
12.9405 1 9.51747 7.35558e-05
13.031 1 8.86548 0.000141179
13.1223 1 8.2388 0.0002642
13.2141 1 7.63782 0.000481878
13.3066 1 7.06328 0.000855966
13.3998 1 6.51323 0.00148368
13.4936 1 5.99325 0.00249553
13.588 1 5.4992 0.00409006
13.6831 1 5.03027 0.00653706
13.7789 1 4.5902 0.0101508
13.8754 1 4.17522 0.0153719
13.9725 1 3.7871 0.0226611
14.0703 1 3.42516 0.0325441
14.1688 1 3.08782 0.0456011
14.268 1 2.77494 0.0623535
14.3678 1 2.4864 0.0832088
14.4684 1 2.22096 0.108505
14.5697 1 1.97769 0.138389
14.6717 1 1.75568 0.172789
14.7744 1 1.55378 0.211448
14.8778 1 1.37057 0.253963
14.982 1 1.2048 0.299751
15.0868 1 1.0565 0.347669
15.1924 1 0.922792 0.397408
15.2988 1 0.80434 0.447383
15.4059 1 0.698355 0.497403
15.5137 1 0.604584 0.546301
15.6223 1 0.52212 0.593262
15.7317 1 0.44933 0.638056
15.8418 1 0.385478 0.680125
15.9527 1 0.32976 0.719096
16.0643 1 0.28127 0.754825
16.1768 1 0.239145 0.787301
16.29 1 0.202625 0.816584
16.4041 1 0.171342 0.842534
16.5189 1 0.144404 0.865538
16.6345 1 0.12127 0.885795
16.751 1 0.101588 0.903402
16.8682 1 0.0848053 0.918691
16.9863 1 0.0705449 0.931886
17.1052 1 0.0584847 0.943193
17.2249 1 0.0483682 0.952783
17.3455 1 0.0398484 0.960935
17.4669 1 0.0326991 0.96783
17.5892 1 0.0267258 0.973628
17.7123 1 0.0217808 0.978455
17.8363 1 0.017677 0.982478
17.9612 1 0.0142706 0.985831
18.0869 1 0.0114917 0.988574
18.2135 1 0.00920043 0.990842
18.341 1 0.00734343 0.992683
18.4694 1 0.00582913 0.994188
18.5987 1 0.00460448 0.995406
18.7289 1 0.00361795 0.996389
18.86 1 0.00283247 0.997172
18.992 1 0.00220364 0.997799
19.1249 1 0.00170724 0.998294
19.2588 1 0.00131569 0.998685
19.3936 1 0.00100767 0.998993
19.5294 1 0.00076894 0.999231
19.6661 1 0.000583476 0.999417
19.8037 1 0.000440039 0.99956
19.9424 1 0.000330533 0.99967
20.082 1 0.000247241 0.999753
20.2225 1 0.000183835 0.999816
20.3641 1 0.00013597 0.999864
20.5066 1 9.99441e-05 0.9999
20.6502 1 7.29487e-05 0.999927
20.7947 1 5.2999e-05 0.999947
20.9403 1 3.82863e-05 0.999962
21.0869 1 2.74698e-05 0.999973
21.2345 1 1.95191e-05 0.99998
21.3831 1 1.37759e-05 0.999986
21.5328 1 9.61372e-06 0.99999
21.6835 1 6.62957e-06 0.999993
21.8353 1 4.51466e-06 0.999995
21.9882 1 3.02096e-06 0.999997
22.1421 1 1.9831e-06 0.999998
22.2971 1 1.26721e-06 0.999999
22.4532 1 7.77798e-07 0.999999
22.6103 1 4.6126e-07 1
22.7686 1 2.54846e-07 1
22.928 1 1.26647e-07 1
23.0885 1 5.02208e-08 1
23.2501 1 9.01303e-09 1
23.4129 1 0 1
