6.68648 6.36393e-07 106.806 2.6214e-53
6.73329 7.78695e-07 105.835 8.4659e-53
6.78042 9.50101e-07 104.848 2.77208e-52
6.82788 1.15598e-06 103.851 9.13938e-52
6.87568 1.40257e-06 102.86 2.98662e-51
6.92381 1.69712e-06 101.866 9.77348e-51
6.97227 2.04856e-06 100.86 3.22337e-50
7.02108 2.46549e-06 99.8467 1.0691e-49
7.07023 2.95951e-06 98.827 3.55785e-49
7.11972 3.54336e-06 97.8012 1.18821e-48
7.16956 4.23159e-06 96.7717 3.97258e-48
7.21974 5.04083e-06 95.7364 1.33261e-47
7.27028 5.98998e-06 94.6957 4.48325e-47
7.32117 7.1005e-06 93.6489 1.51387e-46
7.37242 8.39668e-06 92.599 5.11544e-46
7.42403 9.90596e-06 91.5442 1.7328e-45
7.476 1.16592e-05 90.4827 5.89539e-45
7.52833 1.36912e-05 89.4136 2.01664e-44
7.58103 1.60409e-05 88.335 6.94756e-44
7.63409 1.87517e-05 87.2573 2.386e-43
7.68753 2.18723e-05 86.1825 8.15293e-43
7.74135 2.54567e-05 85.1004 2.79994e-42
7.79553 2.95717e-05 83.997 9.80445e-42
7.8501 3.4271e-05 82.9055 3.38466e-41
7.90505 3.96343e-05 81.8084 1.17254e-40
7.96039 4.57429e-05 80.7031 4.0872e-40
8.01611 5.26859e-05 79.5902 1.43255e-39
8.07222 6.05617e-05 78.4822 4.98662e-39
8.12873 6.94778e-05 77.3707 1.73858e-38
8.18563 7.95519e-05 76.242 6.15396e-38
8.24293 9.09124e-05 75.131 2.13628e-37
8.30063 0.000103699 73.9948 7.58999e-37
8.35874 0.000118065 72.8713 2.65789e-36
8.41725 0.000134174 71.7401 9.36153e-36
8.47617 0.000152205 70.6016 3.31538e-35
8.5355 0.000172352 69.4685 1.16578e-34
8.59525 0.000194823 68.331 4.11007e-34
8.65542 0.000219842 67.1827 1.46226e-33
8.716 0.000247651 66.0399 5.16521e-33
8.77702 0.000278556 64.8938 1.82758e-32
8.83846 0.00031274 63.7468 6.46096e-32
8.90032 0.000350546 62.6033 2.27233e-31
8.96263 0.000392287 61.4494 8.06257e-31
9.02537 0.000438301 60.2983 2.84802e-30
9.08854 0.000488946 59.1504 1.00131e-29
9.15216 0.000544599 57.9996 3.52503e-29
9.21623 0.000605662 56.8447 1.24423e-28
9.28074 0.000672561 55.6889 4.38893e-28
9.34571 0.000745744 54.535 1.54297e-27
9.41113 0.000825683 53.3897 5.36973e-27
9.477 0.000912875 52.2388 1.87669e-26
9.54334 0.00100784 51.0934 6.51347e-26
9.61015 0.00111113 49.9415 2.27231e-25
9.67742 0.00122332 48.7988 7.84291e-25
9.74516 0.00134501 47.6601 2.69286e-24
9.81338 0.00147702 46.5196 9.25077e-24
9.88207 0.00161961 45.3847 3.15547e-23
9.95124 0.00177365 44.2482 1.07679e-22
10.0209 0.00193984 43.122 3.63194e-22
10.091 0.00211893 41.9955 1.22381e-21
10.1617 0.00231166 40.8722 4.10541e-21
10.2328 0.00251881 39.7599 1.36041e-20
10.3044 0.00274121 38.649 4.49666e-20
10.3766 0.00297967 37.5421 1.47856e-19
10.4492 0.00323505 36.4488 4.79019e-19
10.5224 0.00350825 35.3573 1.54746e-18
10.596 0.00380015 34.2715 4.96471e-18
10.6702 0.00411169 33.1951 1.57609e-17
10.7449 0.00444382 32.1229 4.97695e-17
10.8201 0.00479751 31.065 1.54767e-16
10.8958 0.00517374 30.0117 4.785e-16
10.9721 0.00557352 28.9743 1.45467e-15
11.0489 0.00599852 27.9418 4.39595e-15
11.1263 0.0064485 26.9232 1.30874e-14
11.2041 0.00692515 25.9149 3.8523e-14
11.2826 0.00742953 24.914 1.12448e-13
11.3615 0.00796273 23.9309 3.22115e-13
11.4411 0.00852584 22.9598 9.10757e-13
11.5212 0.00911996 22.0001 2.54385e-12
11.6018 0.00974619 21.0583 6.97186e-12
11.683 0.0104056 20.1312 1.88107e-11
11.7648 0.0110994 19.2185 4.99836e-11
11.8472 0.0118287 18.3233 1.3039e-10
11.9301 0.0125945 17.4444 3.34334e-10
12.0136 0.0133981 16.5778 8.46069e-10
12.0977 0.0142404 15.7384 2.08171e-09
12.1824 0.0151226 14.9149 5.03674e-09
12.2677 0.0160459 14.1079 1.19782e-08
12.3535 0.0170127 13.3242 2.78061e-08
12.44 0.0180213 12.5606 6.32112e-08
12.5271 0.0190741 11.8168 1.40758e-07
12.6148 0.0201722 11.1004 3.04737e-07
12.7031 0.0213166 10.4027 6.46971e-07
12.792 0.0225084 9.72821 1.34102e-06
12.8815 0.0237486 9.0778 2.71145e-06
12.9717 0.0250381 8.45269 5.34126e-06
13.0625 0.0263779 7.85226 1.02576e-05
13.154 0.0277689 7.27781 1.91799e-05
13.246 0.0292121 6.72808 3.49619e-05
13.3388 0.0307082 6.20485 6.20186e-05
13.4321 0.0322582 5.70642 0.000107244
13.5261 0.0338628 5.23314 0.000180718
13.6208 0.0355228 4.78809 0.000295847
13.7162 0.0372391 4.36626 0.000472887
13.8122 0.0390122 3.97264 0.000734352
13.9089 0.0408456 3.6022 0.00111361
14.0062 0.0427344 3.25781 0.0016441
14.1043 0.044682 2.93738 0.00236835
14.203 0.0466889 2.64001 0.00333173
14.3024 0.0487557 2.3654 0.00457873
14.4025 0.0508828 2.11312 0.00614971
14.5034 0.0530707 1.88196 0.00808221
14.6049 0.0553197 1.67101 0.0104033
14.7071 0.0576302 1.47915 0.01313
14.8101 0.0600024 1.3053 0.0162661
14.9137 0.0624368 1.1476 0.0198172
15.0181 0.0649333 1.00685 0.0237244
15.1233 0.0674923 0.880346 0.027985
15.2291 0.0701137 0.767259 0.0325527
15.3357 0.0727978 0.666734 0.0373731
15.4431 0.0755445 0.57778 0.0423912
15.5512 0.078358 0.498954 0.0475763
15.66 0.0812297 0.4296 0.0528618
15.7697 0.0841639 0.368832 0.0582028
15.8801 0.0871602 0.315867 0.0635535
15.9912 0.0902187 0.269548 0.0689022
16.1032 0.0933389 0.229486 0.074199
16.2159 0.0965207 0.19481 0.0794357
16.3294 0.0997636 0.164891 0.0845981
16.4437 0.103067 0.139085 0.0896845
16.5588 0.106432 0.116997 0.0946802
16.6747 0.109856 0.0981267 0.0995878
16.7914 0.113339 0.082038 0.104412
16.909 0.116881 0.0683392 0.109161
17.0273 0.120482 0.056799 0.113829
17.1465 0.12414 0.0470426 0.118436
17.2665 0.127855 0.0388197 0.122987
17.3874 0.131627 0.0319274 0.127491
17.5091 0.13546 0.0261634 0.131962
17.6317 0.139342 0.0213516 0.136398
17.7551 0.143277 0.0173601 0.140812
17.8794 0.147266 0.0140667 0.145209
18.0046 0.151308 0.0113463 0.149601
18.1306 0.1554 0.00911314 0.153991
18.2575 0.159544 0.00728246 0.158386
18.3853 0.163737 0.0058003 0.16279
18.514 0.167978 0.00459663 0.167208
18.6436 0.172267 0.00362148 0.171644
18.7741 0.176602 0.00284174 0.176101
18.9055 0.180984 0.00221834 0.180582
19.0379 0.185409 0.00172174 0.18509
19.1711 0.189878 0.00133166 0.189625
19.3053 0.194389 0.00102271 0.19419
19.4405 0.198941 0.00078216 0.198786
19.5765 0.20354 0.000595372 0.203419
19.7136 0.208171 0.000451451 0.208077
19.8516 0.21284 0.000339885 0.212768
19.9905 0.217545 0.000254542 0.21749
20.1305 0.222285 0.000190217 0.222243
20.2714 0.22706 0.000141216 0.227028
20.4133 0.231867 0.000104322 0.231843
20.5562 0.236706 7.65855e-05 0.236688
20.7001 0.241576 5.5874e-05 0.241562
20.845 0.246474 4.04882e-05 0.246465
20.9909 0.251401 2.93038e-05 0.251394
21.1378 0.256355 2.09553e-05 0.256349
21.2858 0.261334 1.49088e-05 0.26133
21.4348 0.266337 1.04985e-05 0.266334
21.5848 0.271363 7.31796e-06 0.271361
21.7359 0.276412 5.04174e-06 0.27641
21.8881 0.28148 3.42323e-06 0.281479
22.0413 0.286576 2.29049e-06 0.286575
22.1956 0.291682 1.4984e-06 0.291681
22.3509 0.296804 9.5544e-07 0.296804
22.5074 0.301943 5.853e-07 0.301943
22.665 0.307096 3.46238e-07 0.307096
22.8236 0.312262 1.90865e-07 0.312262
22.9834 0.31744 9.45004e-08 0.31744
23.1443 0.322629 3.68368e-08 0.322629
23.3063 0.327828 6.58093e-09 0.327828
23.4694 0.333035 0 0.333035
23.6337 0.33825 0 0.33825
23.7991 0.343471 0 0.343471
23.9657 0.348697 0 0.348697
24.1335 0.353927 0 0.353927
24.3024 0.35916 0 0.35916
24.4725 0.364395 0 0.364395
24.6438 0.369638 0 0.369638
24.8164 0.374872 0 0.374872
24.9901 0.380106 0 0.380106
25.165 0.385336 0 0.385336
25.3412 0.390564 0 0.390564
25.5185 0.395787 0 0.395787
25.6972 0.401004 0 0.401004
25.8771 0.406215 0 0.406215
26.0582 0.411419 0 0.411419
26.2406 0.416614 0 0.416614
26.4243 0.421801 0 0.421801
26.6093 0.426977 0 0.426977
26.7955 0.432142 0 0.432142
26.9831 0.437295 0 0.437295
27.172 0.442436 0 0.442436
27.3622 0.447563 0 0.447563
27.5537 0.452676 0 0.452676
27.7466 0.457781 0 0.457781
27.9408 0.462863 0 0.462863
28.1364 0.467928 0 0.467928
28.3334 0.472976 0 0.472976
28.5317 0.478005 0 0.478005
28.7314 0.483016 0 0.483016
28.9325 0.488008 0 0.488008
29.1351 0.492979 0 0.492979
29.339 0.49793 0 0.49793
29.5444 0.50286 0 0.50286
29.7512 0.507768 0 0.507768
29.9594 0.512653 0 0.512653
30.1692 0.517515 0 0.517515
30.3803 0.522354 0 0.522354
30.593 0.527169 0 0.527169
30.8072 0.531959 0 0.531959
31.0228 0.536731 0 0.536731
31.24 0.54147 0 0.54147
31.4586 0.546183 0 0.546183
31.6789 0.550869 0 0.550869
31.9006 0.555529 0 0.555529
32.1239 0.560162 0 0.560162
32.3488 0.564767 0 0.564767
32.5752 0.569344 0 0.569344
32.8032 0.573892 0 0.573892
33.0329 0.578412 0 0.578412
33.2641 0.582903 0 0.582903
33.4969 0.587364 0 0.587364
33.7314 0.591796 0 0.591796
33.9675 0.596198 0 0.596198
34.2053 0.60057 0 0.60057
34.4448 0.604912 0 0.604912
34.6859 0.609223 0 0.609223
34.9287 0.613509 0 0.613509
35.1732 0.617757 0 0.617757
35.4194 0.621975 0 0.621975
35.6673 0.626161 0 0.626161
35.917 0.630315 0 0.630315
36.1684 0.634438 0 0.634438
36.4216 0.638529 0 0.638529
36.6765 0.642588 0 0.642588
36.9333 0.646615 0 0.646615
37.1918 0.65061 0 0.65061
37.4522 0.654572 0 0.654572
37.7143 0.658503 0 0.658503
37.9783 0.6624 0 0.6624
38.2442 0.666265 0 0.666265
38.5119 0.670098 0 0.670098
38.7815 0.673898 0 0.673898
39.0529 0.677671 0 0.677671
39.3263 0.681406 0 0.681406
39.6016 0.685108 0 0.685108
39.8788 0.688777 0 0.688777
40.1579 0.692414 0 0.692414
40.4391 0.696018 0 0.696018
40.7221 0.69959 0 0.69959
41.0072 0.703129 0 0.703129
41.2942 0.706636 0 0.706636
41.5833 0.71011 0 0.71011
41.8744 0.713552 0 0.713552
42.1675 0.716962 0 0.716962
42.4627 0.720339 0 0.720339
42.7599 0.723684 0 0.723684
43.0592 0.726998 0 0.726998
43.3606 0.730279 0 0.730279
43.6642 0.733528 0 0.733528
43.9698 0.736751 0 0.736751
44.2776 0.739937 0 0.739937
44.5875 0.743091 0 0.743091
44.8997 0.746214 0 0.746214
45.214 0.749305 0 0.749305
45.5305 0.752366 0 0.752366
45.8492 0.755395 0 0.755395
46.1701 0.758394 0 0.758394
46.4933 0.761362 0 0.761362
46.8188 0.7643 0 0.7643
47.1465 0.767207 0 0.767207
47.4765 0.770083 0 0.770083
47.8088 0.77293 0 0.77293
48.1435 0.775747 0 0.775747
48.4805 0.778534 0 0.778534
48.8199 0.781291 0 0.781291
49.1616 0.784023 0 0.784023
49.5057 0.786722 0 0.786722
49.8523 0.789392 0 0.789392
50.2013 0.792033 0 0.792033
50.5527 0.794645 0 0.794645
50.9065 0.797229 0 0.797229
51.2629 0.799784 0 0.799784
51.6217 0.802311 0 0.802311
51.9831 0.804811 0 0.804811
52.3469 0.807283 0 0.807283
52.7134 0.809727 0 0.809727
53.0824 0.812144 0 0.812144
53.4539 0.814534 0 0.814534
53.8281 0.816897 0 0.816897
54.2049 0.819234 0 0.819234
54.5844 0.821544 0 0.821544
54.9664 0.823827 0 0.823827
55.3512 0.826088 0 0.826088
55.7387 0.82832 0 0.82832
56.1288 0.830526 0 0.830526
56.5217 0.832707 0 0.832707
56.9174 0.834862 0 0.834862
57.3158 0.836993 0 0.836993
57.717 0.839099 0 0.839099
58.121 0.84118 0 0.84118
58.5279 0.843237 0 0.843237
58.9376 0.845269 0 0.845269
59.3502 0.847278 0 0.847278
59.7656 0.849263 0 0.849263
60.184 0.851225 0 0.851225
60.6052 0.853163 0 0.853163
61.0295 0.855079 0 0.855079
61.4567 0.856971 0 0.856971
61.8869 0.858844 0 0.858844
62.3201 0.860691 0 0.860691
62.7563 0.862516 0 0.862516
63.1956 0.864319 0 0.864319
63.638 0.866101 0 0.866101
64.0835 0.86786 0 0.86786
64.5321 0.869599 0 0.869599
64.9838 0.871316 0 0.871316
65.4387 0.873013 0 0.873013
65.8967 0.874688 0 0.874688
66.358 0.876343 0 0.876343
66.8225 0.877978 0 0.877978
67.2903 0.879593 0 0.879593
67.7613 0.881188 0 0.881188
68.2356 0.882763 0 0.882763
68.7133 0.884319 0 0.884319
69.1943 0.885855 0 0.885855
69.6786 0.887374 0 0.887374
70.1664 0.888873 0 0.888873
70.6576 0.890352 0 0.890352
71.1522 0.891813 0 0.891813
71.6502 0.893256 0 0.893256
72.1518 0.894681 0 0.894681
72.6568 0.896088 0 0.896088
73.1654 0.897477 0 0.897477
73.6776 0.898849 0 0.898849
74.1933 0.900203 0 0.900203
74.7127 0.90154 0 0.90154
75.2357 0.90286 0 0.90286
75.7623 0.904164 0 0.904164
76.2927 0.905451 0 0.905451
76.8267 0.906722 0 0.906722
77.3645 0.907976 0 0.907976
77.906 0.909216 0 0.909216
78.4514 0.910439 0 0.910439
79.0006 0.911645 0 0.911645
79.5536 0.912837 0 0.912837
80.1104 0.914013 0 0.914013
80.6712 0.915174 0 0.915174
81.2359 0.91632 0 0.91632
81.8046 0.917451 0 0.917451
82.3772 0.918567 0 0.918567
82.9538 0.919669 0 0.919669
83.5345 0.920757 0 0.920757
84.1192 0.921831 0 0.921831
84.7081 0.922891 0 0.922891
85.301 0.923937 0 0.923937
85.8981 0.92497 0 0.92497
86.4994 0.925989 0 0.925989
87.1049 0.926994 0 0.926994
87.7147 0.927988 0 0.927988
88.3287 0.928968 0 0.928968
88.947 0.929935 0 0.929935
89.5696 0.930889 0 0.930889
90.1966 0.93183 0 0.93183
90.828 0.932759 0 0.932759
91.4638 0.933676 0 0.933676
92.104 0.934581 0 0.934581
92.7487 0.935474 0 0.935474
93.398 0.936356 0 0.936356
94.0518 0.937225 0 0.937225
94.7101 0.938083 0 0.938083
95.3731 0.93893 0 0.93893
96.0407 0.939766 0 0.939766
96.713 0.94059 0 0.94059
97.39 0.941404 0 0.941404
98.0717 0.942208 0 0.942208
98.7582 0.943 0 0.943
99.4495 0.943781 0 0.943781
100.146 0.944552 0 0.944552
100.847 0.945313 0 0.945313
101.553 0.946064 0 0.946064
102.263 0.946805 0 0.946805
102.979 0.947535 0 0.947535
103.7 0.948256 0 0.948256
104.426 0.948968 0 0.948968
105.157 0.94967 0 0.94967
105.893 0.950362 0 0.950362
106.634 0.951045 0 0.951045
107.381 0.951719 0 0.951719
108.133 0.952384 0 0.952384
108.889 0.95304 0 0.95304
109.652 0.953688 0 0.953688
110.419 0.954327 0 0.954327
111.192 0.954957 0 0.954957
111.971 0.955578 0 0.955578
112.754 0.956191 0 0.956191
113.544 0.956796 0 0.956796
114.338 0.957393 0 0.957393
115.139 0.957981 0 0.957981
115.945 0.958562 0 0.958562
116.756 0.959135 0 0.959135
117.574 0.9597 0 0.9597
118.397 0.960257 0 0.960257
119.225 0.960807 0 0.960807
120.06 0.961349 0 0.961349
120.9 0.961884 0 0.961884
121.747 0.962412 0 0.962412
122.599 0.962932 0 0.962932
123.457 0.963447 0 0.963447
124.321 0.963953 0 0.963953
125.192 0.964453 0 0.964453
126.068 0.964945 0 0.964945
126.95 0.965431 0 0.965431
127.839 0.965911 0 0.965911
128.734 0.966384 0 0.966384
129.635 0.96685 0 0.96685
130.543 0.96731 0 0.96731
131.456 0.967764 0 0.967764
132.377 0.968212 0 0.968212
133.303 0.968653 0 0.968653
134.236 0.969089 0 0.969089
135.176 0.969518 0 0.969518
136.122 0.969942 0 0.969942
137.075 0.97036 0 0.97036
138.035 0.970772 0 0.970772
139.001 0.971179 0 0.971179
139.974 0.97158 0 0.97158
140.954 0.971975 0 0.971975
141.94 0.972365 0 0.972365
142.934 0.97275 0 0.97275
143.934 0.973129 0 0.973129
144.942 0.973503 0 0.973503
145.957 0.973872 0 0.973872
146.978 0.974236 0 0.974236
148.007 0.974595 0 0.974595
149.043 0.974949 0 0.974949
150.086 0.975298 0 0.975298
151.137 0.975643 0 0.975643
152.195 0.975982 0 0.975982
153.26 0.976317 0 0.976317
154.333 0.976647 0 0.976647
155.414 0.976973 0 0.976973
156.501 0.977295 0 0.977295
157.597 0.977611 0 0.977611
158.7 0.977924 0 0.977924
159.811 0.978232 0 0.978232
160.93 0.978536 0 0.978536
162.056 0.978835 0 0.978835
163.191 0.979131 0 0.979131
164.333 0.979422 0 0.979422
165.483 0.97971 0 0.97971
166.642 0.979993 0 0.979993
167.808 0.980273 0 0.980273
168.983 0.980548 0 0.980548
170.166 0.98082 0 0.98082
171.357 0.981088 0 0.981088
172.556 0.981353 0 0.981353
173.764 0.981613 0 0.981613
174.981 0.981871 0 0.981871
176.205 0.982124 0 0.982124
177.439 0.982374 0 0.982374
178.681 0.982621 0 0.982621
179.932 0.982864 0 0.982864
181.191 0.983103 0 0.983103
182.46 0.98334 0 0.98334
183.737 0.983573 0 0.983573
185.023 0.983803 0 0.983803
186.318 0.98403 0 0.98403
187.622 0.984253 0 0.984253
188.936 0.984474 0 0.984474
190.258 0.984691 0 0.984691
191.59 0.984905 0 0.984905
192.931 0.985117 0 0.985117
194.282 0.985325 0 0.985325
195.642 0.985531 0 0.985531
197.011 0.985734 0 0.985734
198.39 0.985934 0 0.985934
199.779 0.986131 0 0.986131
201.177 0.986325 0 0.986325
202.586 0.986517 0 0.986517
204.004 0.986705 0 0.986705
205.432 0.986892 0 0.986892
206.87 0.987076 0 0.987076
208.318 0.987257 0 0.987257
209.776 0.987435 0 0.987435
211.245 0.987612 0 0.987612
212.723 0.987785 0 0.987785
214.212 0.987957 0 0.987957
215.712 0.988125 0 0.988125
217.222 0.988292 0 0.988292
218.742 0.988456 0 0.988456
220.274 0.988618 0 0.988618
221.815 0.988778 0 0.988778
223.368 0.988935 0 0.988935
224.932 0.989091 0 0.989091
226.506 0.989244 0 0.989244
228.092 0.989395 0 0.989395
229.688 0.989544 0 0.989544
231.296 0.98969 0 0.98969
232.915 0.989835 0 0.989835
234.546 0.989978 0 0.989978
236.188 0.990118 0 0.990118
237.841 0.990257 0 0.990257
239.506 0.990394 0 0.990394
241.182 0.990529 0 0.990529
242.871 0.990662 0 0.990662
244.571 0.990793 0 0.990793
246.283 0.990922 0 0.990922
248.007 0.99105 0 0.99105
249.743 0.991175 0 0.991175
251.491 0.991299 0 0.991299
253.251 0.991422 0 0.991422
255.024 0.991542 0 0.991542
256.809 0.991661 0 0.991661
258.607 0.991778 0 0.991778
260.417 0.991894 0 0.991894
262.24 0.992007 0 0.992007
264.076 0.99212 0 0.99212
265.924 0.99223 0 0.99223
267.786 0.99234 0 0.99234
269.66 0.992447 0 0.992447
271.548 0.992553 0 0.992553
273.449 0.992658 0 0.992658
275.363 0.992761 0 0.992761
277.29 0.992863 0 0.992863
279.231 0.992963 0 0.992963
281.186 0.993062 0 0.993062
283.154 0.99316 0 0.99316
285.136 0.993256 0 0.993256
287.132 0.993351 0 0.993351
289.142 0.993444 0 0.993444
291.166 0.993537 0 0.993537
293.204 0.993627 0 0.993627
295.257 0.993717 0 0.993717
297.324 0.993805 0 0.993805
299.405 0.993892 0 0.993892
301.501 0.993978 0 0.993978
303.611 0.994063 0 0.994063
305.737 0.994147 0 0.994147
307.877 0.994229 0 0.994229
310.032 0.99431 0 0.99431
312.202 0.99439 0 0.99439
314.388 0.994469 0 0.994469
316.588 0.994547 0 0.994547
318.804 0.994624 0 0.994624
321.036 0.994699 0 0.994699
323.283 0.994774 0 0.994774
325.546 0.994847 0 0.994847
327.825 0.99492 0 0.99492
330.12 0.994991 0 0.994991
332.431 0.995062 0 0.995062
334.758 0.995131 0 0.995131
337.101 0.9952 0 0.9952
339.461 0.995267 0 0.995267
341.837 0.995334 0 0.995334
344.23 0.995399 0 0.995399
346.639 0.995464 0 0.995464
349.066 0.995528 0 0.995528
351.509 0.995591 0 0.995591
353.97 0.995653 0 0.995653
356.448 0.995714 0 0.995714
358.943 0.995775 0 0.995775
361.455 0.995834 0 0.995834
363.986 0.995893 0 0.995893
366.533 0.995951 0 0.995951
369.099 0.996007 0 0.996007
371.683 0.996064 0 0.996064
374.285 0.996119 0 0.996119
376.905 0.996174 0 0.996174
379.543 0.996228 0 0.996228
382.2 0.996281 0 0.996281
384.875 0.996333 0 0.996333
387.569 0.996385 0 0.996385
390.282 0.996436 0 0.996436
393.014 0.996486 0 0.996486
395.765 0.996535 0 0.996535
398.536 0.996584 0 0.996584
401.326 0.996632 0 0.996632
404.135 0.99668 0 0.99668
406.964 0.996726 0 0.996726
409.812 0.996772 0 0.996772
412.681 0.996818 0 0.996818
415.57 0.996863 0 0.996863
418.479 0.996907 0 0.996907
421.408 0.99695 0 0.99695
424.358 0.996993 0 0.996993
427.329 0.997036 0 0.997036
430.32 0.997077 0 0.997077
433.332 0.997119 0 0.997119
436.366 0.997159 0 0.997159
439.42 0.997199 0 0.997199
442.496 0.997239 0 0.997239
445.593 0.997278 0 0.997278
448.713 0.997316 0 0.997316
451.854 0.997354 0 0.997354
455.017 0.997391 0 0.997391
458.202 0.997428 0 0.997428
461.409 0.997464 0 0.997464
464.639 0.9975 0 0.9975
467.891 0.997535 0 0.997535
471.167 0.99757 0 0.99757
474.465 0.997604 0 0.997604
477.786 0.997638 0 0.997638
481.131 0.997671 0 0.997671
484.499 0.997704 0 0.997704
487.89 0.997736 0 0.997736
491.305 0.997768 0 0.997768
494.744 0.997799 0 0.997799
498.208 0.99783 0 0.99783
501.695 0.997861 0 0.997861
505.207 0.997891 0 0.997891
508.743 0.997921 0 0.997921
512.305 0.99795 0 0.99795
515.891 0.997979 0 0.997979
519.502 0.998007 0 0.998007
523.138 0.998035 0 0.998035
526.8 0.998063 0 0.998063
530.488 0.99809 0 0.99809
534.201 0.998117 0 0.998117
537.941 0.998144 0 0.998144
541.706 0.99817 0 0.99817
545.498 0.998196 0 0.998196
549.317 0.998221 0 0.998221
553.162 0.998246 0 0.998246
557.034 0.998271 0 0.998271
560.933 0.998295 0 0.998295
564.86 0.998319 0 0.998319
568.814 0.998343 0 0.998343
572.796 0.998366 0 0.998366
576.805 0.998389 0 0.998389
580.843 0.998412 0 0.998412
584.909 0.998434 0 0.998434
589.003 0.998456 0 0.998456
593.126 0.998478 0 0.998478
597.278 0.9985 0 0.9985
601.459 0.998521 0 0.998521
605.669 0.998542 0 0.998542
609.909 0.998562 0 0.998562
614.178 0.998582 0 0.998582
618.478 0.998602 0 0.998602
622.807 0.998622 0 0.998622
627.167 0.998642 0 0.998642
631.557 0.998661 0 0.998661
635.978 0.99868 0 0.99868
640.429 0.998698 0 0.998698
644.912 0.998716 0 0.998716
649.427 0.998735 0 0.998735
653.973 0.998752 0 0.998752
658.551 0.99877 0 0.99877
663.16 0.998787 0 0.998787
667.803 0.998804 0 0.998804
672.477 0.998821 0 0.998821
677.185 0.998838 0 0.998838
681.925 0.998854 0 0.998854
686.698 0.99887 0 0.99887
691.505 0.998886 0 0.998886
696.346 0.998902 0 0.998902
701.22 0.998917 0 0.998917
706.129 0.998933 0 0.998933
711.072 0.998948 0 0.998948
716.049 0.998963 0 0.998963
721.061 0.998977 0 0.998977
726.109 0.998992 0 0.998992
731.192 0.999006 0 0.999006
736.31 0.99902 0 0.99902
741.464 0.999034 0 0.999034
746.654 0.999047 0 0.999047
751.881 0.999061 0 0.999061
757.144 0.999074 0 0.999074
762.444 0.999087 0 0.999087
767.781 0.9991 0 0.9991
773.156 0.999113 0 0.999113
778.568 0.999125 0 0.999125
784.018 0.999137 0 0.999137
789.506 0.99915 0 0.99915
795.032 0.999161 0 0.999161
800.598 0.999173 0 0.999173
806.202 0.999185 0 0.999185
811.845 0.999196 0 0.999196
817.528 0.999208 0 0.999208
823.251 0.999219 0 0.999219
829.014 0.99923 0 0.99923
834.817 0.999241 0 0.999241
840.661 0.999251 0 0.999251
846.545 0.999262 0 0.999262
852.471 0.999272 0 0.999272
858.438 0.999283 0 0.999283
864.447 0.999293 0 0.999293
870.498 0.999303 0 0.999303
876.592 0.999313 0 0.999313
882.728 0.999322 0 0.999322
888.907 0.999332 0 0.999332
895.13 0.999341 0 0.999341
901.395 0.999351 0 0.999351
907.705 0.99936 0 0.99936
914.059 0.999369 0 0.999369
920.458 0.999378 0 0.999378
926.901 0.999386 0 0.999386
933.389 0.999395 0 0.999395
939.923 0.999404 0 0.999404
946.502 0.999412 0 0.999412
953.128 0.99942 0 0.99942
959.8 0.999428 0 0.999428
966.518 0.999436 0 0.999436
973.284 0.999444 0 0.999444
980.097 0.999452 0 0.999452
986.958 0.99946 0 0.99946
993.866 0.999468 0 0.999468
1000.82 0.999475 0 0.999475
1007.83 0.999482 0 0.999482
1014.88 0.99949 0 0.99949
1021.99 0.999497 0 0.999497
1029.14 0.999504 0 0.999504
1036.35 0.999511 0 0.999511
1043.6 0.999518 0 0.999518
1050.91 0.999525 0 0.999525
1058.26 0.999531 0 0.999531
1065.67 0.999538 0 0.999538
1073.13 0.999545 0 0.999545
1080.64 0.999551 0 0.999551
1088.21 0.999557 0 0.999557
1095.82 0.999563 0 0.999563
1103.49 0.99957 0 0.99957
1111.22 0.999576 0 0.999576
1119 0.999582 0 0.999582
1126.83 0.999588 0 0.999588
1134.72 0.999593 0 0.999593
1142.66 0.999599 0 0.999599
1150.66 0.999605 0 0.999605
1158.71 0.99961 0 0.99961
1166.83 0.999616 0 0.999616
1174.99 0.999621 0 0.999621
1183.22 0.999627 0 0.999627
1191.5 0.999632 0 0.999632
1199.84 0.999637 0 0.999637
1208.24 0.999642 0 0.999642
1216.7 0.999647 0 0.999647
1225.21 0.999652 0 0.999652
1233.79 0.999657 0 0.999657
1242.43 0.999662 0 0.999662
1251.12 0.999667 0 0.999667
1259.88 0.999671 0 0.999671
1268.7 0.999676 0 0.999676
1277.58 0.999681 0 0.999681
1286.53 0.999685 0 0.999685
1295.53 0.999689 0 0.999689
1304.6 0.999694 0 0.999694
1313.73 0.999698 0 0.999698
1322.93 0.999702 0 0.999702
1332.19 0.999707 0 0.999707
1341.51 0.999711 0 0.999711
1350.9 0.999715 0 0.999715
1360.36 0.999719 0 0.999719
1369.88 0.999723 0 0.999723
1379.47 0.999727 0 0.999727
1389.13 0.999731 0 0.999731
1398.85 0.999734 0 0.999734
1408.64 0.999738 0 0.999738
1418.51 0.999742 0 0.999742
1428.43 0.999745 0 0.999745
1438.43 0.999749 0 0.999749
1448.5 0.999753 0 0.999753
1458.64 0.999756 0 0.999756
1468.85 0.999759 0 0.999759
1479.13 0.999763 0 0.999763
1489.49 0.999766 0 0.999766
1499.92 0.99977 0 0.99977
1510.41 0.999773 0 0.999773
1520.99 0.999776 0 0.999776
1531.63 0.999779 0 0.999779
1542.36 0.999782 0 0.999782
1553.15 0.999785 0 0.999785
1564.02 0.999788 0 0.999788
1574.97 0.999791 0 0.999791
1586 0.999794 0 0.999794
1597.1 0.999797 0 0.999797
1608.28 0.9998 0 0.9998
1619.54 0.999803 0 0.999803
1630.87 0.999806 0 0.999806
1642.29 0.999808 0 0.999808
1653.79 0.999811 0 0.999811
1665.36 0.999814 0 0.999814
1677.02 0.999816 0 0.999816
1688.76 0.999819 0 0.999819
1700.58 0.999821 0 0.999821
1712.48 0.999824 0 0.999824
1724.47 0.999826 0 0.999826
1736.54 0.999829 0 0.999829
1748.7 0.999831 0 0.999831
1760.94 0.999834 0 0.999834
1773.27 0.999836 0 0.999836
1785.68 0.999838 0 0.999838
1798.18 0.999841 0 0.999841
1810.77 0.999843 0 0.999843
1823.44 0.999845 0 0.999845
1836.21 0.999847 0 0.999847
1849.06 0.999849 0 0.999849
1862 0.999852 0 0.999852
1875.04 0.999854 0 0.999854
1888.16 0.999856 0 0.999856
1901.38 0.999858 0 0.999858
1914.69 0.99986 0 0.99986
1928.09 0.999862 0 0.999862
1941.59 0.999864 0 0.999864
1955.18 0.999866 0 0.999866
1968.87 0.999867 0 0.999867
1982.65 0.999869 0 0.999869
1996.53 0.999871 0 0.999871
2010.5 0.999873 0 0.999873
2024.58 0.999875 0 0.999875
2038.75 0.999877 0 0.999877
2053.02 0.999878 0 0.999878
2067.39 0.99988 0 0.99988
2081.86 0.999882 0 0.999882
2096.43 0.999883 0 0.999883
2111.11 0.999885 0 0.999885
2125.89 0.999887 0 0.999887
2140.77 0.999888 0 0.999888
2155.75 0.99989 0 0.99989
2170.84 0.999891 0 0.999891
2186.04 0.999893 0 0.999893
2201.34 0.999894 0 0.999894
2216.75 0.999896 0 0.999896
2232.27 0.999897 0 0.999897
2247.89 0.999899 0 0.999899
2263.63 0.9999 0 0.9999
2279.48 0.999902 0 0.999902
2295.43 0.999903 0 0.999903
2311.5 0.999904 0 0.999904
2327.68 0.999906 0 0.999906
2343.97 0.999907 0 0.999907
2360.38 0.999908 0 0.999908
2376.9 0.99991 0 0.99991
2393.54 0.999911 0 0.999911
2410.3 0.999912 0 0.999912
2427.17 0.999913 0 0.999913
2444.16 0.999915 0 0.999915
2461.27 0.999916 0 0.999916
2478.5 0.999917 0 0.999917
2495.85 0.999918 0 0.999918
2513.32 0.999919 0 0.999919
2530.91 0.99992 0 0.99992
2548.63 0.999922 0 0.999922
2566.47 0.999923 0 0.999923
2584.43 0.999924 0 0.999924
2602.52 0.999925 0 0.999925
2620.74 0.999926 0 0.999926
2639.09 0.999927 0 0.999927
2657.56 0.999928 0 0.999928
2676.16 0.999929 0 0.999929
2694.9 0.99993 0 0.99993
2713.76 0.999931 0 0.999931
2732.76 0.999932 0 0.999932
2751.89 0.999933 0 0.999933
2771.15 0.999934 0 0.999934
2790.55 0.999935 0 0.999935
2810.08 0.999936 0 0.999936
2829.75 0.999937 0 0.999937
2849.56 0.999938 0 0.999938
2869.51 0.999938 0 0.999938
2889.59 0.999939 0 0.999939
2909.82 0.99994 0 0.99994
2930.19 0.999941 0 0.999941
2950.7 0.999942 0 0.999942
2971.36 0.999943 0 0.999943
2992.16 0.999943 0 0.999943
3013.1 0.999944 0 0.999944
3034.19 0.999945 0 0.999945
3055.43 0.999946 0 0.999946
3076.82 0.999947 0 0.999947
3098.36 0.999947 0 0.999947
3120.05 0.999948 0 0.999948
3141.89 0.999949 0 0.999949
3163.88 0.99995 0 0.99995
3186.03 0.99995 0 0.99995
3208.33 0.999951 0 0.999951
3230.79 0.999952 0 0.999952
3253.4 0.999952 0 0.999952
3276.18 0.999953 0 0.999953
3299.11 0.999954 0 0.999954
3322.2 0.999954 0 0.999954
3345.46 0.999955 0 0.999955
3368.88 0.999956 0 0.999956
3392.46 0.999956 0 0.999956
3416.21 0.999957 0 0.999957
3440.12 0.999957 0 0.999957
3464.2 0.999958 0 0.999958
3488.45 0.999959 0 0.999959
3512.87 0.999959 0 0.999959
3537.46 0.99996 0 0.99996
3562.22 0.99996 0 0.99996
3587.16 0.999961 0 0.999961
3612.27 0.999961 0 0.999961
3637.55 0.999962 0 0.999962
3663.02 0.999963 0 0.999963
3688.66 0.999963 0 0.999963
3714.48 0.999964 0 0.999964
3740.48 0.999964 0 0.999964
3766.66 0.999965 0 0.999965
3793.03 0.999965 0 0.999965
3819.58 0.999966 0 0.999966
3846.32 0.999966 0 0.999966
3873.24 0.999967 0 0.999967
3900.36 0.999967 0 0.999967
3927.66 0.999967 0 0.999967
3955.15 0.999968 0 0.999968
3982.84 0.999968 0 0.999968
4010.72 0.999969 0 0.999969
4038.79 0.999969 0 0.999969
4067.06 0.99997 0 0.99997
4095.53 0.99997 0 0.99997
4124.2 0.999971 0 0.999971
4153.07 0.999971 0 0.999971
4182.14 0.999971 0 0.999971
4211.42 0.999972 0 0.999972
4240.9 0.999972 0 0.999972
4270.58 0.999973 0 0.999973
4300.48 0.999973 0 0.999973
4330.58 0.999973 0 0.999973
4360.9 0.999974 0 0.999974
4391.42 0.999974 0 0.999974
4422.16 0.999974 0 0.999974
4453.12 0.999975 0 0.999975
4484.29 0.999975 0 0.999975
4515.68 0.999976 0 0.999976
4547.29 0.999976 0 0.999976
4579.12 0.999976 0 0.999976
4611.17 0.999977 0 0.999977
4643.45 0.999977 0 0.999977
4675.96 0.999977 0 0.999977
4708.69 0.999978 0 0.999978
4741.65 0.999978 0 0.999978
4774.84 0.999978 0 0.999978
4808.26 0.999978 0 0.999978
4841.92 0.999979 0 0.999979
4875.82 0.999979 0 0.999979
4909.95 0.999979 0 0.999979
4944.32 0.99998 0 0.99998
4978.93 0.99998 0 0.99998
5013.78 0.99998 0 0.99998
5048.87 0.99998 0 0.99998
5084.22 0.999981 0 0.999981
5119.81 0.999981 0 0.999981
5155.64 0.999981 0 0.999981
5191.73 0.999982 0 0.999982
5228.08 0.999982 0 0.999982
5264.67 0.999982 0 0.999982
5301.53 0.999982 0 0.999982
5338.64 0.999983 0 0.999983
5376.01 0.999983 0 0.999983
5413.64 0.999983 0 0.999983
5451.53 0.999983 0 0.999983
5489.7 0.999984 0 0.999984
5528.12 0.999984 0 0.999984
5566.82 0.999984 0 0.999984
5605.79 0.999984 0 0.999984
5645.03 0.999984 0 0.999984
5684.54 0.999985 0 0.999985
5724.34 0.999985 0 0.999985
5764.41 0.999985 0 0.999985
5804.76 0.999985 0 0.999985
5845.39 0.999986 0 0.999986
5886.31 0.999986 0 0.999986
5927.51 0.999986 0 0.999986
5969 0.999986 0 0.999986
6010.79 0.999986 0 0.999986
6052.86 0.999987 0 0.999987
6095.23 0.999987 0 0.999987
6137.9 0.999987 0 0.999987
6180.86 0.999987 0 0.999987
6224.13 0.999987 0 0.999987
6267.7 0.999987 0 0.999987
6311.57 0.999988 0 0.999988
6355.75 0.999988 0 0.999988
6400.24 0.999988 0 0.999988
6445.05 0.999988 0 0.999988
6490.16 0.999988 0 0.999988
6535.59 0.999988 0 0.999988
6581.34 0.999989 0 0.999989
6627.41 0.999989 0 0.999989
6673.8 0.999989 0 0.999989
6720.52 0.999989 0 0.999989
6767.56 0.999989 0 0.999989
6814.94 0.999989 0 0.999989
6862.64 0.99999 0 0.99999
6910.68 0.99999 0 0.99999
6959.05 0.99999 0 0.99999
7007.77 0.99999 0 0.99999
7056.82 0.99999 0 0.99999
7106.22 0.99999 0 0.99999
7155.96 0.99999 0 0.99999
7206.06 0.999991 0 0.999991
7256.5 0.999991 0 0.999991
7307.29 0.999991 0 0.999991
7358.44 0.999991 0 0.999991
7409.95 0.999991 0 0.999991
7461.82 0.999991 0 0.999991
7514.06 0.999991 0 0.999991
7566.65 0.999991 0 0.999991
7619.62 0.999992 0 0.999992
7672.96 0.999992 0 0.999992
7726.67 0.999992 0 0.999992
7780.76 0.999992 0 0.999992
7835.22 0.999992 0 0.999992
7890.07 0.999992 0 0.999992
7945.3 0.999992 0 0.999992
8000.91 0.999992 0 0.999992
8056.92 0.999992 0 0.999992
8113.32 0.999993 0 0.999993
8170.11 0.999993 0 0.999993
8227.3 0.999993 0 0.999993
8284.89 0.999993 0 0.999993
8342.89 0.999993 0 0.999993
8401.29 0.999993 0 0.999993
8460.1 0.999993 0 0.999993
8519.32 0.999993 0 0.999993
8578.95 0.999993 0 0.999993
8639.01 0.999993 0 0.999993
8699.48 0.999994 0 0.999994
8760.38 0.999994 0 0.999994
8821.7 0.999994 0 0.999994
8883.45 0.999994 0 0.999994
8945.63 0.999994 0 0.999994
9008.25 0.999994 0 0.999994
9071.31 0.999994 0 0.999994
9134.81 0.999994 0 0.999994
9198.75 0.999994 0 0.999994
9263.15 0.999994 0 0.999994
9327.99 0.999994 0 0.999994
9393.28 0.999994 0 0.999994
9459.04 0.999995 0 0.999995
9525.25 0.999995 0 0.999995
9591.93 0.999995 0 0.999995
9659.07 0.999995 0 0.999995
9726.68 0.999995 0 0.999995
9794.77 0.999995 0 0.999995
9863.33 0.999995 0 0.999995
9932.38 0.999995 0 0.999995
10001.9 0.999995 0 0.999995
10071.9 0.999995 0 0.999995
10142.4 0.999995 0 0.999995
10213.4 0.999995 0 0.999995
10284.9 0.999995 0 0.999995
10356.9 0.999995 0 0.999995
10429.4 0.999996 0 0.999996
10502.4 0.999996 0 0.999996
10575.9 0.999996 0 0.999996
10650 0.999996 0 0.999996
10724.5 0.999996 0 0.999996
10799.6 0.999996 0 0.999996
10875.2 0.999996 0 0.999996
10951.3 0.999996 0 0.999996
11028 0.999996 0 0.999996
11105.2 0.999996 0 0.999996
11182.9 0.999996 0 0.999996
11261.2 0.999996 0 0.999996
11340 0.999996 0 0.999996
11419.4 0.999996 0 0.999996
11499.3 0.999996 0 0.999996
11579.8 0.999996 0 0.999996
11660.9 0.999996 0 0.999996
11742.5 0.999996 0 0.999996
11824.7 0.999997 0 0.999997
11907.5 0.999997 0 0.999997
11990.8 0.999997 0 0.999997
12074.8 0.999997 0 0.999997
12159.3 0.999997 0 0.999997
12244.4 0.999997 0 0.999997
12330.1 0.999997 0 0.999997
12416.4 0.999997 0 0.999997
12503.3 0.999997 0 0.999997
12590.9 0.999997 0 0.999997
12679 0.999997 0 0.999997
12767.7 0.999997 0 0.999997
12857.1 0.999997 0 0.999997
12947.1 0.999997 0 0.999997
13037.7 0.999997 0 0.999997
13129 0.999997 0 0.999997
13220.9 0.999997 0 0.999997
13313.5 0.999997 0 0.999997
13406.7 0.999997 0 0.999997
13500.5 0.999997 0 0.999997
13595 0.999997 0 0.999997
13690.2 0.999997 0 0.999997
13786 0.999997 0 0.999997
13882.5 0.999998 0 0.999998
13979.7 0.999998 0 0.999998
14077.5 0.999998 0 0.999998
14176.1 0.999998 0 0.999998
14275.3 0.999998 0 0.999998
14375.2 0.999998 0 0.999998
14475.9 0.999998 0 0.999998
14577.2 0.999998 0 0.999998
14679.2 0.999998 0 0.999998
14782 0.999998 0 0.999998
14885.5 0.999998 0 0.999998
14989.7 0.999998 0 0.999998
15094.6 0.999998 0 0.999998
15200.3 0.999998 0 0.999998
15306.7 0.999998 0 0.999998
15413.8 0.999998 0 0.999998
15521.7 0.999998 0 0.999998
15630.4 0.999998 0 0.999998
15739.8 0.999998 0 0.999998
15849.9 0.999998 0 0.999998
15960.9 0.999998 0 0.999998
16072.6 0.999998 0 0.999998
16185.1 0.999998 0 0.999998
16298.4 0.999998 0 0.999998
16412.5 0.999998 0 0.999998
16527.4 0.999998 0 0.999998
16643.1 0.999998 0 0.999998
16759.6 0.999998 0 0.999998
16876.9 0.999998 0 0.999998
16995.1 0.999998 0 0.999998
17114 0.999998 0 0.999998
17233.8 0.999998 0 0.999998
17354.5 0.999998 0 0.999998
17475.9 0.999998 0 0.999998
17598.3 0.999998 0 0.999998
17721.5 0.999998 0 0.999998
17845.5 0.999999 0 0.999999
17970.4 0.999999 0 0.999999
18096.2 0.999999 0 0.999999
18222.9 0.999999 0 0.999999
18350.4 0.999999 0 0.999999
18478.9 0.999999 0 0.999999
18608.3 0.999999 0 0.999999
18738.5 0.999999 0 0.999999
18869.7 0.999999 0 0.999999
19001.8 0.999999 0 0.999999
19134.8 0.999999 0 0.999999
19268.7 0.999999 0 0.999999
19403.6 0.999999 0 0.999999
19539.4 0.999999 0 0.999999
19676.2 0.999999 0 0.999999
19813.9 0.999999 0 0.999999
19952.6 0.999999 0 0.999999
20092.3 0.999999 0 0.999999
20233 0.999999 0 0.999999
20374.6 0.999999 0 0.999999
20517.2 0.999999 0 0.999999
20660.8 0.999999 0 0.999999
20805.4 0.999999 0 0.999999
20951.1 0.999999 0 0.999999
21097.7 0.999999 0 0.999999
21245.4 0.999999 0 0.999999
21394.1 0.999999 0 0.999999
21543.9 0.999999 0 0.999999
21694.7 0.999999 0 0.999999
21846.6 0.999999 0 0.999999
21999.5 0.999999 0 0.999999
22153.5 0.999999 0 0.999999
22308.6 0.999999 0 0.999999
22464.7 0.999999 0 0.999999
22622 0.999999 0 0.999999
22780.3 0.999999 0 0.999999
22939.8 0.999999 0 0.999999
23100.4 0.999999 0 0.999999
23262.1 0.999999 0 0.999999
23424.9 0.999999 0 0.999999
23588.9 0.999999 0 0.999999
23754 0.999999 0 0.999999
23920.3 0.999999 0 0.999999
24087.7 0.999999 0 0.999999
24256.3 0.999999 0 0.999999
24426.1 0.999999 0 0.999999
24597.1 0.999999 0 0.999999
24769.3 0.999999 0 0.999999
24942.7 0.999999 0 0.999999
25117.3 0.999999 0 0.999999
25293.1 0.999999 0 0.999999
25470.2 0.999999 0 0.999999
25648.5 0.999999 0 0.999999
25828 0.999999 0 0.999999
26008.8 0.999999 0 0.999999
26190.9 0.999999 0 0.999999
26374.2 0.999999 0 0.999999
26558.8 0.999999 0 0.999999
26744.7 0.999999 0 0.999999
26931.9 0.999999 0 0.999999
27120.5 0.999999 0 0.999999
27310.3 0.999999 0 0.999999
27501.5 0.999999 0 0.999999
27694 0.999999 0 0.999999
27887.8 0.999999 0 0.999999
28083.1 0.999999 0 0.999999
28279.6 0.999999 0 0.999999
28477.6 0.999999 0 0.999999
28676.9 0.999999 0 0.999999
28877.7 0.999999 0 0.999999
29079.8 0.999999 0 0.999999
29283.4 0.999999 0 0.999999
29488.4 0.999999 0 0.999999
29694.8 0.999999 0 0.999999
29902.6 0.999999 0 0.999999
30112 0.999999 0 0.999999
30322.7 0.999999 0 0.999999
30535 0.999999 0 0.999999
30748.7 1 0 1
30964 1 0 1
31180.7 1 0 1
31399 1 0 1
31618.8 1 0 1
31840.1 1 0 1
32063 1 0 1
32287.4 1 0 1
32513.5 1 0 1
32741.1 1 0 1
32970.2 1 0 1
33201 1 0 1
33433.4 1 0 1
33667.5 1 0 1
33903.1 1 0 1
34140.5 1 0 1
34379.5 1 0 1
34620.1 1 0 1
34862.5 1 0 1
35106.5 1 0 1
35352.2 1 0 1
35599.7 1 0 1
35848.9 1 0 1
36099.8 1 0 1
36352.5 1 0 1
36607 1 0 1
36863.3 1 0 1
37121.3 1 0 1
37381.1 1 0 1
37642.8 1 0 1
37906.3 1 0 1
38171.7 1 0 1
38438.9 1 0 1
38707.9 1 0 1
38978.9 1 0 1
39251.7 1 0 1
39526.5 1 0 1
39803.2 1 0 1
40081.8 1 0 1
40362.4 1 0 1
40644.9 1 0 1
40929.4 1 0 1
41215.9 1 0 1
41504.5 1 0 1
41795 1 0 1
42087.5 1 0 1
42382.2 1 0 1
42678.8 1 0 1
42977.6 1 0 1
43278.4 1 0 1
43581.4 1 0 1
43886.4 1 0 1
44193.7 1 0 1
44503 1 0 1
44814.5 1 0 1
45128.2 1 0 1
45444.1 1 0 1
45762.2 1 0 1
46082.6 1 0 1
46405.2 1 0 1
46730 1 0 1
47057.1 1 0 1
47386.5 1 0 1
47718.2 1 0 1
48052.2 1 0 1
48388.6 1 0 1
48727.3 1 0 1
49068.4 1 0 1
49411.9 1 0 1
49757.8 1 0 1
50106.1 1 0 1
50456.8 1 0 1
50810 1 0 1
51165.7 1 0 1
51523.8 1 0 1
51884.5 1 0 1
52247.7 1 0 1
52613.4 1 0 1
52981.7 1 0 1
53352.6 1 0 1
53726.1 1 0 1
54102.2 1 0 1
54480.9 1 0 1
54862.2 1 0 1
55246.3 1 0 1
55633 1 0 1
56022.4 1 0 1
56414.6 1 0 1
56809.5 1 0 1
57207.2 1 0 1
57607.6 1 0 1
58010.9 1 0 1
58416.9 1 0 1
58825.8 1 0 1
59237.6 1 0 1
59652.3 1 0 1
60069.9 1 0 1
60490.3 1 0 1
60913.8 1 0 1
61340.2 1 0 1
61769.6 1 0 1
62201.9 1 0 1
62637.4 1 0 1
63075.8 1 0 1
63517.4 1 0 1
63962 1 0 1
64409.7 1 0 1
64860.6 1 0 1
65314.6 1 0 1
65771.8 1 0 1
66232.2 1 0 1
66695.8 1 0 1
67162.7 1 0 1
67632.8 1 0 1
68106.3 1 0 1
68583 1 0 1
69063.1 1 0 1
69546.5 1 0 1
70033.4 1 0 1
70523.6 1 0 1
71017.3 1 0 1
71514.4 1 0 1
72015 1 0 1
72519.1 1 0 1
73026.7 1 0 1
73537.9 1 0 1
74052.7 1 0 1
74571 1 0 1
75093 1 0 1
75618.7 1 0 1
76148 1 0 1
76681.1 1 0 1
77217.8 1 0 1
77758.3 1 0 1
78302.7 1 0 1
78850.8 1 0 1
79402.7 1 0 1
79958.6 1 0 1
80518.3 1 0 1
81081.9 1 0 1
81649.5 1 0 1
82221 1 0 1
82796.6 1 0 1
83376.1 1 0 1
83959.8 1 0 1
84547.5 1 0 1
85139.3 1 0 1
85735.3 1 0 1
86335.4 1 0 1
86939.8 1 0 1
87548.4 1 0 1
88161.2 1 0 1
88778.3 1 0 1
89399.8 1 0 1
90025.6 1 0 1
90655.8 1 0 1
91290.3 1 0 1
91929.4 1 0 1
92572.9 1 0 1
93220.9 1 0 1
93873.4 1 0 1
94530.6 1 0 1
95192.3 1 0 1
95858.6 1 0 1
96529.6 1 0 1
97205.3 1 0 1
97885.8 1 0 1
98571 1 0 1
99261 1 0 1
99955.8 1 0 1
100655 1 0 1
101360 1 0 1
102070 1 0 1
102784 1 0 1
103504 1 0 1
104228 1 0 1
104958 1 0 1
105692 1 0 1
106432 1 0 1
107177 1 0 1
107928 1 0 1
108683 1 0 1
109444 1 0 1
110210 1 0 1
110981 1 0 1
111758 1 0 1
112541 1 0 1
113328 1 0 1
114122 1 0 1
114920 1 0 1
115725 1 0 1
116535 1 0 1
117351 1 0 1
118172 1 0 1
118999 1 0 1
119832 1 0 1
120671 1 0 1
121516 1 0 1
122367 1 0 1
123223 1 0 1
124086 1 0 1
124954 1 0 1
125829 1 0 1
126710 1 0 1
127597 1 0 1
128490 1 0 1
129389 1 0 1
130295 1 0 1
131207 1 0 1
132126 1 0 1
133050 1 0 1
133982 1 0 1
134920 1 0 1
135864 1 0 1
136815 1 0 1
137773 1 0 1
138737 1 0 1
139708 1 0 1
140686 1 0 1
141671 1 0 1
142663 1 0 1
143662 1 0 1
144667 1 0 1
145680 1 0 1
146700 1 0 1
147726 1 0 1
148761 1 0 1
149802 1 0 1
150850 1 0 1
151906 1 0 1
152970 1 0 1
154041 1 0 1
155119 1 0 1
156205 1 0 1
157298 1 0 1
158399 1 0 1
159508 1 0 1
160625 1 0 1
161749 1 0 1
162881 1 0 1
164021 1 0 1
165169 1 0 1
166326 1 0 1
167490 1 0 1
168662 1 0 1
169843 1 0 1
171032 1 0 1
172229 1 0 1
173435 1 0 1
174649 1 0 1
175871 1 0 1
177102 1 0 1
178342 1 0 1
179591 1 0 1
180848 1 0 1
182114 1 0 1
183388 1 0 1
184672 1 0 1
185965 1 0 1
187267 1 0 1
188577 1 0 1
189898 1 0 1
191227 1 0 1
192565 1 0 1
193913 1 0 1
195271 1 0 1
196638 1 0 1
198014 1 0 1
199400 1 0 1
200796 1 0 1
202202 1 0 1
203617 1 0 1
205042 1 0 1
206478 1 0 1
207923 1 0 1
209378 1 0 1
210844 1 0 1
212320 1 0 1
213806 1 0 1
215303 1 0 1
216810 1 0 1
218328 1 0 1
219856 1 0 1
221395 1 0 1
222945 1 0 1
224505 1 0 1
226077 1 0 1
227659 1 0 1
229253 1 0 1
230858 1 0 1
232474 1 0 1
234101 1 0 1
235740 1 0 1
237390 1 0 1
239052 1 0 1
240725 1 0 1
242410 1 0 1
244107 1 0 1
245816 1 0 1
247536 1 0 1
249269 1 0 1
251014 1 0 1
252771 1 0 1
254541 1 0 1
256322 1 0 1
258117 1 0 1
259923 1 0 1
261743 1 0 1
263575 1 0 1
265420 1 0 1
267278 1 0 1
269149 1 0 1
271033 1 0 1
272930 1 0 1
274841 1 0 1
276765 1 0 1
278702 1 0 1
280653 1 0 1
282618 1 0 1
284596 1 0 1
286588 1 0 1
288594 1 0 1
290614 1 0 1
292649 1 0 1
294697 1 0 1
296760 1 0 1
298837 1 0 1
300929 1 0 1
303036 1 0 1
305157 1 0 1
307293 1 0 1
309444 1 0 1
311610 1 0 1
313791 1 0 1
315988 1 0 1
318200 1 0 1
320427 1 0 1
322670 1 0 1
324929 1 0 1
327204 1 0 1
329494 1 0 1
331800 1 0 1
334123 1 0 1
336462 1 0 1
338817 1 0 1
341189 1 0 1
343577 1 0 1
345982 1 0 1
348404 1 0 1
350843 1 0 1
353299 1 0 1
355772 1 0 1
358262 1 0 1
360770 1 0 1
363296 1 0 1
365839 1 0 1
368399 1 0 1
370978 1 0 1
373575 1 0 1
376190 1 0 1
378823 1 0 1
381475 1 0 1
384146 1 0 1
386835 1 0 1
389542 1 0 1
392269 1 0 1
395015 1 0 1
397780 1 0 1
400565 1 0 1
403369 1 0 1
406192 1 0 1
409036 1 0 1
411899 1 0 1
414782 1 0 1
417686 1 0 1
420609 1 0 1
423554 1 0 1
426518 1 0 1
429504 1 0 1
432511 1 0 1
435538 1 0 1
438587 1 0 1
441657 1 0 1
444749 1 0 1
447862 1 0 1
450997 1 0 1
454154 1 0 1
457333 1 0 1
460534 1 0 1
463758 1 0 1
467004 1 0 1
470273 1 0 1
473565 1 0 1
476880 1 0 1
480218 1 0 1
483580 1 0 1
486965 1 0 1
490374 1 0 1
493806 1 0 1
497263 1 0 1
500744 1 0 1
504249 1 0 1
507779 1 0 1
511333 1 0 1
514913 1 0 1
518517 1 0 1
522147 1 0 1
525802 1 0 1
529482 1 0 1
533189 1 0 1
536921 1 0 1
540679 1 0 1
544464 1 0 1
548275 1 0 1
552113 1 0 1
555978 1 0 1
559870 1 0 1
563789 1 0 1
567736 1 0 1
571710 1 0 1
575712 1 0 1
579742 1 0 1
583800 1 0 1
587887 1 0 1
592002 1 0 1
596146 1 0 1
600319 1 0 1
604521 1 0 1
608753 1 0 1
613014 1 0 1
617305 1 0 1
621626 1 0 1
625978 1 0 1
630359 1 0 1
634772 1 0 1
639215 1 0 1
643690 1 0 1
648196 1 0 1
652733 1 0 1
657302 1 0 1
661903 1 0 1
666537 1 0 1
671202 1 0 1
675901 1 0 1
680632 1 0 1
685396 1 0 1
690194 1 0 1
695026 1 0 1
699891 1 0 1
704790 1 0 1
709724 1 0 1
714692 1 0 1
719694 1 0 1
724732 1 0 1
729805 1 0 1
734914 1 0 1
740058 1 0 1
745239 1 0 1
750456 1 0 1
755709 1 0 1
760999 1 0 1
766326 1 0 1
771690 1 0 1
777092 1 0 1
782531 1 0 1
788009 1 0 1
793525 1 0 1
799080 1 0 1
804673 1 0 1
810306 1 0 1
815978 1 0 1
821690 1 0 1
827442 1 0 1
833234 1 0 1
839067 1 0 1
844940 1 0 1
850855 1 0 1
856811 1 0 1
862808 1 0 1
868848 1 0 1
874930 1 0 1
881055 1 0 1
887222 1 0 1
893432 1 0 1
899686 1 0 1
905984 1 0 1
912326 1 0 1
918712 1 0 1
925143 1 0 1
931619 1 0 1
938141 1 0 1
944708 1 0 1
951321 1 0 1
957980 1 0 1
964686 1 0 1
971439 1 0 1
978239 1 0 1
985086 1 0 1
991982 1 0 1
998926 1 0 1
1.00592e+06 1 0 1
1.01296e+06 1 0 1
1.02005e+06 1 0 1
1.02719e+06 1 0 1
1.03438e+06 1 0 1
1.04162e+06 1 0 1
1.04891e+06 1 0 1
1.05626e+06 1 0 1
1.06365e+06 1 0 1
1.07109e+06 1 0 1
1.07859e+06 1 0 1
1.08614e+06 1 0 1
1.09375e+06 1 0 1
1.1014e+06 1 0 1
1.10911e+06 1 0 1
1.11688e+06 1 0 1
1.12469e+06 1 0 1
1.13257e+06 1 0 1
1.14049e+06 1 0 1
1.14848e+06 1 0 1
1.15652e+06 1 0 1
1.16461e+06 1 0 1
1.17277e+06 1 0 1
1.18097e+06 1 0 1
1.18924e+06 1 0 1
1.19757e+06 1 0 1
1.20595e+06 1 0 1
1.21439e+06 1 0 1
1.22289e+06 1 0 1
1.23145e+06 1 0 1
1.24007e+06 1 0 1
1.24875e+06 1 0 1
1.25749e+06 1 0 1
1.2663e+06 1 0 1
1.27516e+06 1 0 1
1.28409e+06 1 0 1
1.29307e+06 1 0 1
1.30213e+06 1 0 1
1.31124e+06 1 0 1
1.32042e+06 1 0 1
1.32966e+06 1 0 1
1.33897e+06 1 0 1
1.34834e+06 1 0 1
1.35778e+06 1 0 1
1.36729e+06 1 0 1
1.37686e+06 1 0 1
1.3865e+06 1 0 1
1.3962e+06 1 0 1
1.40597e+06 1 0 1
1.41582e+06 1 0 1
1.42573e+06 1 0 1
1.43571e+06 1 0 1
1.44576e+06 1 0 1
1.45588e+06 1 0 1
1.46607e+06 1 0 1
1.47633e+06 1 0 1
1.48666e+06 1 0 1
1.49707e+06 1 0 1
1.50755e+06 1 0 1
1.5181e+06 1 0 1
1.52873e+06 1 0 1
1.53943e+06 1 0 1
1.55021e+06 1 0 1
1.56106e+06 1 0 1
1.57199e+06 1 0 1
1.58299e+06 1 0 1
1.59407e+06 1 0 1
1.60523e+06 1 0 1
1.61647e+06 1 0 1
1.62778e+06 1 0 1
1.63918e+06 1 0 1
1.65065e+06 1 0 1
1.66221e+06 1 0 1
1.67384e+06 1 0 1
1.68556e+06 1 0 1
1.69736e+06 1 0 1
1.70924e+06 1 0 1
1.7212e+06 1 0 1
1.73325e+06 1 0 1
1.74538e+06 1 0 1
1.7576e+06 1 0 1
1.7699e+06 1 0 1
1.78229e+06 1 0 1
1.79477e+06 1 0 1
1.80733e+06 1 0 1
1.81998e+06 1 0 1
1.83272e+06 1 0 1
1.84555e+06 1 0 1
1.85847e+06 1 0 1
1.87148e+06 1 0 1
1.88458e+06 1 0 1
1.89777e+06 1 0 1
1.91106e+06 1 0 1
1.92444e+06 1 0 1
1.93791e+06 1 0 1
1.95147e+06 1 0 1
1.96513e+06 1 0 1
1.97889e+06 1 0 1
1.99274e+06 1 0 1
2.00669e+06 1 0 1
2.02074e+06 1 0 1
2.03488e+06 1 0 1
2.04913e+06 1 0 1
2.06347e+06 1 0 1
2.07791e+06 1 0 1
2.09246e+06 1 0 1
2.10711e+06 1 0 1
2.12186e+06 1 0 1
2.13671e+06 1 0 1
2.15167e+06 1 0 1
2.16673e+06 1 0 1
2.1819e+06 1 0 1
2.19717e+06 1 0 1
2.21255e+06 1 0 1
2.22804e+06 1 0 1
2.24363e+06 1 0 1
2.25934e+06 1 0 1
2.27515e+06 1 0 1
2.29108e+06 1 0 1
2.30712e+06 1 0 1
2.32327e+06 1 0 1
2.33953e+06 1 0 1
2.35591e+06 1 0 1
2.3724e+06 1 0 1
2.38901e+06 1 0 1
2.40573e+06 1 0 1
2.42257e+06 1 0 1
2.43953e+06 1 0 1
2.4566e+06 1 0 1
2.4738e+06 1 0 1
2.49112e+06 1 0 1
2.50855e+06 1 0 1
2.52611e+06 1 0 1
2.5438e+06 1 0 1
2.5616e+06 1 0 1
2.57953e+06 1 0 1
2.59759e+06 1 0 1
2.61577e+06 1 0 1
2.63408e+06 1 0 1
2.65252e+06 1 0 1
2.67109e+06 1 0 1
2.68979e+06 1 0 1
2.70862e+06 1 0 1
2.72758e+06 1 0 1
2.74667e+06 1 0 1
2.7659e+06 1 0 1
2.78526e+06 1 0 1
2.80475e+06 1 0 1
2.82439e+06 1 0 1
2.84416e+06 1 0 1
2.86407e+06 1 0 1
2.88412e+06 1 0 1
2.90431e+06 1 0 1
2.92464e+06 1 0 1
2.94511e+06 1 0 1
2.96572e+06 1 0 1
2.98648e+06 1 0 1
3.00739e+06 1 0 1
3.02844e+06 1 0 1
3.04964e+06 1 0 1
3.07099e+06 1 0 1
3.09248e+06 1 0 1
3.11413e+06 1 0 1
3.13593e+06 1 0 1
3.15788e+06 1 0 1
3.17999e+06 1 0 1
3.20225e+06 1 0 1
3.22466e+06 1 0 1
3.24724e+06 1 0 1
3.26997e+06 1 0 1
3.29286e+06 1 0 1
3.31591e+06 1 0 1
3.33912e+06 1 0 1
3.36249e+06 1 0 1
3.38603e+06 1 0 1
3.40973e+06 1 0 1
3.4336e+06 1 0 1
3.45763e+06 1 0 1
3.48184e+06 1 0 1
3.50621e+06 1 0 1
3.53075e+06 1 0 1
3.55547e+06 1 0 1
3.58036e+06 1 0 1
3.60542e+06 1 0 1
3.63066e+06 1 0 1
3.65607e+06 1 0 1
3.68166e+06 1 0 1
3.70744e+06 1 0 1
3.73339e+06 1 0 1
3.75952e+06 1 0 1
3.78584e+06 1 0 1
3.81234e+06 1 0 1
3.83903e+06 1 0 1
3.8659e+06 1 0 1
3.89296e+06 1 0 1
3.92021e+06 1 0 1
3.94765e+06 1 0 1
3.97529e+06 1 0 1
4.00311e+06 1 0 1
4.03114e+06 1 0 1
4.05935e+06 1 0 1
4.08777e+06 1 0 1
4.11638e+06 1 0 1
4.1452e+06 1 0 1
4.17421e+06 1 0 1
4.20343e+06 1 0 1
4.23286e+06 1 0 1
4.26249e+06 1 0 1
4.29233e+06 1 0 1
4.32237e+06 1 0 1
4.35263e+06 1 0 1
4.3831e+06 1 0 1
4.41378e+06 1 0 1
4.44467e+06 1 0 1
4.47579e+06 1 0 1
4.50712e+06 1 0 1
4.53867e+06 1 0 1
4.57044e+06 1 0 1
4.60243e+06 1 0 1
4.63465e+06 1 0 1
4.66709e+06 1 0 1
4.69976e+06 1 0 1
4.73266e+06 1 0 1
4.76579e+06 1 0 1
4.79915e+06 1 0 1
4.83274e+06 1 0 1
4.86657e+06 1 0 1
4.90064e+06 1 0 1
4.93494e+06 1 0 1
4.96949e+06 1 0 1
5.00427e+06 1 0 1
5.0393e+06 1 0 1
5.07458e+06 1 0 1
5.1101e+06 1 0 1
5.14587e+06 1 0 1
5.18189e+06 1 0 1
5.21816e+06 1 0 1
5.25469e+06 1 0 1
5.29147e+06 1 0 1
5.32851e+06 1 0 1
5.36581e+06 1 0 1
5.40338e+06 1 0 1
5.4412e+06 1 0 1
5.47929e+06 1 0 1
5.51764e+06 1 0 1
5.55627e+06 1 0 1
5.59516e+06 1 0 1
5.63433e+06 1 0 1
5.67377e+06 1 0 1
5.71348e+06 1 0 1
5.75348e+06 1 0 1
5.79375e+06 1 0 1
5.83431e+06 1 0 1
5.87515e+06 1 0 1
5.91627e+06 1 0 1
5.95769e+06 1 0 1
5.99939e+06 1 0 1
6.04139e+06 1 0 1
6.08368e+06 1 0 1
6.12626e+06 1 0 1
6.16915e+06 1 0 1
6.21233e+06 1 0 1
6.25582e+06 1 0 1
6.29961e+06 1 0 1
6.3437e+06 1 0 1
6.38811e+06 1 0 1
6.43283e+06 1 0 1
6.47786e+06 1 0 1
6.5232e+06 1 0 1
6.56886e+06 1 0 1
6.61485e+06 1 0 1
6.66115e+06 1 0 1
6.70778e+06 1 0 1
6.75473e+06 1 0 1
6.80202e+06 1 0 1
6.84963e+06 1 0 1
6.89758e+06 1 0 1
6.94586e+06 1 0 1
6.99448e+06 1 0 1
7.04344e+06 1 0 1
7.09275e+06 1 0 1
7.1424e+06 1 0 1
7.19239e+06 1 0 1
7.24274e+06 1 0 1
7.29344e+06 1 0 1
7.34449e+06 1 0 1
7.3959e+06 1 0 1
7.44768e+06 1 0 1
7.49981e+06 1 0 1
7.55231e+06 1 0 1
7.60517e+06 1 0 1
7.65841e+06 1 0 1
7.71202e+06 1 0 1
7.766e+06 1 0 1
7.82037e+06 1 0 1
7.87511e+06 1 0 1
7.93023e+06 1 0 1
7.98575e+06 1 0 1
8.04165e+06 1 0 1
8.09794e+06 1 0 1
8.15462e+06 1 0 1
8.21171e+06 1 0 1
8.26919e+06 1 0 1
8.32707e+06 1 0 1
8.38536e+06 1 0 1
8.44406e+06 1 0 1
8.50317e+06 1 0 1
8.56269e+06 1 0 1
8.62263e+06 1 0 1
8.68299e+06 1 0 1
8.74377e+06 1 0 1
8.80497e+06 1 0 1
8.86661e+06 1 0 1
8.92867e+06 1 0 1
8.99118e+06 1 0 1
9.05411e+06 1 0 1
9.11749e+06 1 0 1
9.18132e+06 1 0 1
9.24558e+06 1 0 1
9.3103e+06 1 0 1
9.37548e+06 1 0 1
9.4411e+06 1 0 1
9.50719e+06 1 0 1
9.57374e+06 1 0 1
9.64076e+06 1 0 1
9.70824e+06 1 0 1
9.7762e+06 1 0 1
9.84463e+06 1 0 1
9.91355e+06 1 0 1
9.98294e+06 1 0 1
1.00528e+07 1 0 1
1.01232e+07 1 0 1
1.01941e+07 1 0 1
1.02654e+07 1 0 1
1.03373e+07 1 0 1
1.04096e+07 1 0 1
1.04825e+07 1 0 1
1.05559e+07 1 0 1
1.06298e+07 1 0 1
1.07042e+07 1 0 1
1.07791e+07 1 0 1
1.08546e+07 1 0 1
1.09305e+07 1 0 1
1.10071e+07 1 0 1
1.10841e+07 1 0 1
1.11617e+07 1 0 1
1.12398e+07 1 0 1
1.13185e+07 1 0 1
1.13977e+07 1 0 1
1.14775e+07 1 0 1
1.15579e+07 1 0 1
1.16388e+07 1 0 1
1.17202e+07 1 0 1
1.18023e+07 1 0 1
1.18849e+07 1 0 1
1.19681e+07 1 0 1
1.20519e+07 1 0 1
1.21362e+07 1 0 1
1.22212e+07 1 0 1
1.23067e+07 1 0 1
1.23929e+07 1 0 1
1.24796e+07 1 0 1
1.2567e+07 1 0 1
1.2655e+07 1 0 1
1.27435e+07 1 0 1
1.28327e+07 1 0 1
1.29226e+07 1 0 1
1.3013e+07 1 0 1
1.31041e+07 1 0 1
1.31958e+07 1 0 1
1.32882e+07 1 0 1
1.33812e+07 1 0 1
1.34749e+07 1 0 1
1.35692e+07 1 0 1
1.36642e+07 1 0 1
1.37599e+07 1 0 1
1.38562e+07 1 0 1
1.39532e+07 1 0 1
1.40508e+07 1 0 1
1.41492e+07 1 0 1
1.42483e+07 1 0 1
1.4348e+07 1 0 1
1.44484e+07 1 0 1
1.45496e+07 1 0 1
1.46514e+07 1 0 1
1.4754e+07 1 0 1
1.48572e+07 1 0 1
1.49612e+07 1 0 1
1.5066e+07 1 0 1
1.51714e+07 1 0 1
1.52776e+07 1 0 1
1.53846e+07 1 0 1
1.54923e+07 1 0 1
1.56007e+07 1 0 1
1.57099e+07 1 0 1
1.58199e+07 1 0 1
1.59306e+07 1 0 1
1.60421e+07 1 0 1
1.61544e+07 1 0 1
1.62675e+07 1 0 1
1.63814e+07 1 0 1
1.64961e+07 1 0 1
1.66115e+07 1 0 1
1.67278e+07 1 0 1
1.68449e+07 1 0 1
1.69628e+07 1 0 1
1.70816e+07 1 0 1
1.72011e+07 1 0 1
1.73215e+07 1 0 1
1.74428e+07 1 0 1
1.75649e+07 1 0 1
1.76879e+07 1 0 1
1.78117e+07 1 0 1
1.79363e+07 1 0 1
1.80619e+07 1 0 1
1.81883e+07 1 0 1
1.83157e+07 1 0 1
1.84439e+07 1 0 1
1.8573e+07 1 0 1
1.8703e+07 1 0 1
1.88339e+07 1 0 1
1.89657e+07 1 0 1
1.90985e+07 1 0 1
1.92322e+07 1 0 1
1.93668e+07 1 0 1
1.95024e+07 1 0 1
1.96389e+07 1 0 1
1.97764e+07 1 0 1
1.99148e+07 1 0 1
2.00542e+07 1 0 1
2.01946e+07 1 0 1
2.0336e+07 1 0 1
2.04783e+07 1 0 1
2.06217e+07 1 0 1
2.0766e+07 1 0 1
2.09114e+07 1 0 1
2.10577e+07 1 0 1
2.12052e+07 1 0 1
2.13536e+07 1 0 1
2.15031e+07 1 0 1
2.16536e+07 1 0 1
2.18052e+07 1 0 1
2.19578e+07 1 0 1
2.21115e+07 1 0 1
2.22663e+07 1 0 1
2.24221e+07 1 0 1
2.25791e+07 1 0 1
2.27372e+07 1 0 1
2.28963e+07 1 0 1
2.30566e+07 1 0 1
2.3218e+07 1 0 1
2.33805e+07 1 0 1
2.35442e+07 1 0 1
2.3709e+07 1 0 1
2.38749e+07 1 0 1
2.40421e+07 1 0 1
2.42104e+07 1 0 1
2.43798e+07 1 0 1
2.45505e+07 1 0 1
2.47223e+07 1 0 1
2.48954e+07 1 0 1
2.50697e+07 1 0 1
2.52452e+07 1 0 1
2.54219e+07 1 0 1
2.55998e+07 1 0 1
2.5779e+07 1 0 1
2.59595e+07 1 0 1
2.61412e+07 1 0 1
2.63242e+07 1 0 1
2.65085e+07 1 0 1
2.6694e+07 1 0 1
2.68809e+07 1 0 1
2.7069e+07 1 0 1
2.72585e+07 1 0 1
2.74493e+07 1 0 1
2.76415e+07 1 0 1
2.7835e+07 1 0 1
2.80298e+07 1 0 1
2.8226e+07 1 0 1
2.84236e+07 1 0 1
2.86226e+07 1 0 1
2.88229e+07 1 0 1
2.90247e+07 1 0 1
2.92279e+07 1 0 1
2.94325e+07 1 0 1
2.96385e+07 1 0 1
2.9846e+07 1 0 1
3.00549e+07 1 0 1
3.02653e+07 1 0 1
3.04771e+07 1 0 1
3.06905e+07 1 0 1
3.09053e+07 1 0 1
3.11216e+07 1 0 1
3.13395e+07 1 0 1
3.15589e+07 1 0 1
3.17798e+07 1 0 1
3.20022e+07 1 0 1
3.22262e+07 1 0 1
3.24518e+07 1 0 1
3.2679e+07 1 0 1
3.29077e+07 1 0 1
3.31381e+07 1 0 1
3.33701e+07 1 0 1
3.36036e+07 1 0 1
3.38389e+07 1 0 1
3.40757e+07 1 0 1
3.43143e+07 1 0 1
3.45545e+07 1 0 1
3.47964e+07 1 0 1
3.50399e+07 1 0 1
3.52852e+07 1 0 1
3.55322e+07 1 0 1
3.57809e+07 1 0 1
3.60314e+07 1 0 1
3.62836e+07 1 0 1
3.65376e+07 1 0 1
3.67934e+07 1 0 1
3.70509e+07 1 0 1
3.73103e+07 1 0 1
3.75714e+07 1 0 1
3.78344e+07 1 0 1
3.80993e+07 1 0 1
3.8366e+07 1 0 1
3.86345e+07 1 0 1
3.8905e+07 1 0 1
3.91773e+07 1 0 1
3.94516e+07 1 0 1
3.97277e+07 1 0 1
4.00058e+07 1 0 1
4.02859e+07 1 0 1
4.05679e+07 1 0 1
4.08518e+07 1 0 1
4.11378e+07 1 0 1
4.14258e+07 1 0 1
4.17157e+07 1 0 1
4.20078e+07 1 0 1
4.23018e+07 1 0 1
4.25979e+07 1 0 1
4.28961e+07 1 0 1
4.31964e+07 1 0 1
4.34988e+07 1 0 1
4.38032e+07 1 0 1
4.41099e+07 1 0 1
4.44186e+07 1 0 1
4.47296e+07 1 0 1
4.50427e+07 1 0 1
4.5358e+07 1 0 1
4.56755e+07 1 0 1
4.59952e+07 1 0 1
4.63172e+07 1 0 1
4.66414e+07 1 0 1
4.69679e+07 1 0 1
4.72967e+07 1 0 1
4.76277e+07 1 0 1
4.79611e+07 1 0 1
4.82969e+07 1 0 1
4.86349e+07 1 0 1
4.89754e+07 1 0 1
4.93182e+07 1 0 1
4.96634e+07 1 0 1
5.00111e+07 1 0 1
5.03612e+07 1 0 1
5.07137e+07 1 0 1
5.10687e+07 1 0 1
5.14262e+07 1 0 1
5.17861e+07 1 0 1
5.21486e+07 1 0 1
5.25137e+07 1 0 1
5.28813e+07 1 0 1
5.32515e+07 1 0 1
5.36242e+07 1 0 1
5.39996e+07 1 0 1
5.43776e+07 1 0 1
5.47582e+07 1 0 1
5.51415e+07 1 0 1
5.55275e+07 1 0 1
5.59162e+07 1 0 1
5.63076e+07 1 0 1
5.67018e+07 1 0 1
5.70987e+07 1 0 1
5.74984e+07 1 0 1
5.79009e+07 1 0 1
5.83062e+07 1 0 1
5.87143e+07 1 0 1
5.91253e+07 1 0 1
5.95392e+07 1 0 1
5.9956e+07 1 0 1
6.03757e+07 1 0 1
6.07983e+07 1 0 1
6.12239e+07 1 0 1
6.16525e+07 1 0 1
6.2084e+07 1 0 1
6.25186e+07 1 0 1
6.29562e+07 1 0 1
6.33969e+07 1 0 1
6.38407e+07 1 0 1
6.42876e+07 1 0 1
6.47376e+07 1 0 1
6.51908e+07 1 0 1
6.56471e+07 1 0 1
6.61066e+07 1 0 1
6.65694e+07 1 0 1
6.70354e+07 1 0 1
6.75046e+07 1 0 1
6.79771e+07 1 0 1
6.8453e+07 1 0 1
6.89322e+07 1 0 1
6.94147e+07 1 0 1
6.99006e+07 1 0 1
7.03899e+07 1 0 1
7.08826e+07 1 0 1
7.13788e+07 1 0 1
7.18785e+07 1 0 1
7.23816e+07 1 0 1
7.28883e+07 1 0 1
7.33985e+07 1 0 1
7.39123e+07 1 0 1
7.44297e+07 1 0 1
7.49507e+07 1 0 1
7.54753e+07 1 0 1
7.60037e+07 1 0 1
7.65357e+07 1 0 1
7.70714e+07 1 0 1
7.76109e+07 1 0 1
7.81542e+07 1 0 1
7.87013e+07 1 0 1
7.92522e+07 1 0 1
7.9807e+07 1 0 1
8.03656e+07 1 0 1
8.09282e+07 1 0 1
8.14947e+07 1 0 1
8.20651e+07 1 0 1
8.26396e+07 1 0 1
8.32181e+07 1 0 1
8.38006e+07 1 0 1
8.43872e+07 1 0 1
8.49779e+07 1 0 1
8.55727e+07 1 0 1
8.61718e+07 1 0 1
8.6775e+07 1 0 1
8.73824e+07 1 0 1
8.79941e+07 1 0 1
8.861e+07 1 0 1
8.92303e+07 1 0 1
8.98549e+07 1 0 1
9.04839e+07 1 0 1
9.11173e+07 1 0 1
9.17551e+07 1 0 1
9.23974e+07 1 0 1
9.30442e+07 1 0 1
9.36955e+07 1 0 1
9.43513e+07 1 0 1
9.50118e+07 1 0 1
9.56769e+07 1 0 1
9.63466e+07 1 0 1
9.7021e+07 1 0 1
9.77002e+07 1 0 1
9.83841e+07 1 0 1
9.90728e+07 1 0 1
9.97663e+07 1 0 1
1.00465e+08 1 0 1
1.01168e+08 1 0 1
1.01876e+08 1 0 1
1.02589e+08 1 0 1
1.03307e+08 1 0 1
1.0403e+08 1 0 1
1.04759e+08 1 0 1
1.05492e+08 1 0 1
1.0623e+08 1 0 1
1.06974e+08 1 0 1
1.07723e+08 1 0 1
1.08477e+08 1 0 1
1.09236e+08 1 0 1
1.10001e+08 1 0 1
1.10771e+08 1 0 1
1.11546e+08 1 0 1
1.12327e+08 1 0 1
1.13113e+08 1 0 1
1.13905e+08 1 0 1
1.14703e+08 1 0 1
1.15506e+08 1 0 1
1.16314e+08 1 0 1
1.17128e+08 1 0 1
1.17948e+08 1 0 1
1.18774e+08 1 0 1
1.19605e+08 1 0 1
1.20442e+08 1 0 1
1.21286e+08 1 0 1
1.22135e+08 1 0 1
1.22989e+08 1 0 1
1.2385e+08 1 0 1
1.24717e+08 1 0 1
1.2559e+08 1 0 1
1.2647e+08 1 0 1
1.27355e+08 1 0 1
1.28246e+08 1 0 1
1.29144e+08 1 0 1
1.30048e+08 1 0 1
1.30958e+08 1 0 1
1.31875e+08 1 0 1
1.32798e+08 1 0 1
1.33728e+08 1 0 1
1.34664e+08 1 0 1
1.35607e+08 1 0 1
1.36556e+08 1 0 1
1.37512e+08 1 0 1
1.38474e+08 1 0 1
1.39444e+08 1 0 1
1.4042e+08 1 0 1
1.41403e+08 1 0 1
1.42392e+08 1 0 1
1.43389e+08 1 0 1
1.44393e+08 1 0 1
1.45404e+08 1 0 1
1.46421e+08 1 0 1
1.47446e+08 1 0 1
1.48479e+08 1 0 1
1.49518e+08 1 0 1
1.50564e+08 1 0 1
1.51618e+08 1 0 1
1.5268e+08 1 0 1
1.53749e+08 1 0 1
1.54825e+08 1 0 1
1.55909e+08 1 0 1
1.57e+08 1 0 1
1.58099e+08 1 0 1
1.59206e+08 1 0 1
1.6032e+08 1 0 1
1.61442e+08 1 0 1
1.62572e+08 1 0 1
1.6371e+08 1 0 1
1.64856e+08 1 0 1
1.6601e+08 1 0 1
1.67172e+08 1 0 1
1.68343e+08 1 0 1
1.69521e+08 1 0 1
1.70708e+08 1 0 1
1.71903e+08 1 0 1
1.73106e+08 1 0 1
1.74318e+08 1 0 1
1.75538e+08 1 0 1
1.76767e+08 1 0 1
1.78004e+08 1 0 1
1.7925e+08 1 0 1
1.80505e+08 1 0 1
1.81768e+08 1 0 1
1.83041e+08 1 0 1
1.84322e+08 1 0 1
1.85612e+08 1 0 1
1.86912e+08 1 0 1
1.8822e+08 1 0 1
1.89537e+08 1 0 1
1.90864e+08 1 0 1
1.922e+08 1 0 1
1.93546e+08 1 0 1
1.94901e+08 1 0 1
1.96265e+08 1 0 1
1.97639e+08 1 0 1
1.99022e+08 1 0 1
2.00415e+08 1 0 1
2.01818e+08 1 0 1
2.03231e+08 1 0 1
2.04654e+08 1 0 1
2.06086e+08 1 0 1
2.07529e+08 1 0 1
2.08981e+08 1 0 1
2.10444e+08 1 0 1
2.11917e+08 1 0 1
2.13401e+08 1 0 1
2.14895e+08 1 0 1
2.16399e+08 1 0 1
2.17914e+08 1 0 1
2.19439e+08 1 0 1
2.20975e+08 1 0 1
2.22522e+08 1 0 1
2.2408e+08 1 0 1
2.25648e+08 1 0 1
2.27228e+08 1 0 1
2.28818e+08 1 0 1
2.3042e+08 1 0 1
2.32033e+08 1 0 1
2.33657e+08 1 0 1
2.35293e+08 1 0 1
2.3694e+08 1 0 1
2.38598e+08 1 0 1
2.40269e+08 1 0 1
2.41951e+08 1 0 1
2.43644e+08 1 0 1
2.4535e+08 1 0 1
2.47067e+08 1 0 1
2.48797e+08 1 0 1
2.50538e+08 1 0 1
2.52292e+08 1 0 1
2.54058e+08 1 0 1
2.55836e+08 1 0 1
2.57627e+08 1 0 1
2.59431e+08 1 0 1
2.61247e+08 1 0 1
2.63075e+08 1 0 1
2.64917e+08 1 0 1
2.66771e+08 1 0 1
2.68639e+08 1 0 1
2.70519e+08 1 0 1
2.72413e+08 1 0 1
2.7432e+08 1 0 1
2.7624e+08 1 0 1
2.78174e+08 1 0 1
2.80121e+08 1 0 1
2.82082e+08 1 0 1
2.84056e+08 1 0 1
2.86045e+08 1 0 1
2.88047e+08 1 0 1
2.90063e+08 1 0 1
2.92094e+08 1 0 1
2.94138e+08 1 0 1
2.96197e+08 1 0 1
2.98271e+08 1 0 1
3.00359e+08 1 0 1
3.02461e+08 1 0 1
3.04578e+08 1 0 1
3.0671e+08 1 0 1
3.08857e+08 1 0 1
3.11019e+08 1 0 1
3.13197e+08 1 0 1
3.15389e+08 1 0 1
3.17597e+08 1 0 1
3.1982e+08 1 0 1
3.22059e+08 1 0 1
3.24313e+08 1 0 1
3.26583e+08 1 0 1
3.28869e+08 1 0 1
3.31171e+08 1 0 1
3.3349e+08 1 0 1
3.35824e+08 1 0 1
3.38175e+08 1 0 1
3.40542e+08 1 0 1
3.42926e+08 1 0 1
3.45326e+08 1 0 1
3.47744e+08 1 0 1
3.50178e+08 1 0 1
3.52629e+08 1 0 1
3.55097e+08 1 0 1
3.57583e+08 1 0 1
3.60086e+08 1 0 1
3.62607e+08 1 0 1
3.65145e+08 1 0 1
3.67701e+08 1 0 1
3.70275e+08 1 0 1
3.72867e+08 1 0 1
3.75477e+08 1 0 1
3.78105e+08 1 0 1
3.80752e+08 1 0 1
3.83417e+08 1 0 1
3.86101e+08 1 0 1
3.88804e+08 1 0 1
3.91525e+08 1 0 1
3.94266e+08 1 0 1
3.97026e+08 1 0 1
3.99805e+08 1 0 1
4.02604e+08 1 0 1
4.05422e+08 1 0 1
4.0826e+08 1 0 1
4.11118e+08 1 0 1
4.13996e+08 1 0 1
4.16894e+08 1 0 1
4.19812e+08 1 0 1
4.22751e+08 1 0 1
4.2571e+08 1 0 1
4.2869e+08 1 0 1
4.31691e+08 1 0 1
4.34712e+08 1 0 1
4.37755e+08 1 0 1
4.4082e+08 1 0 1
4.43905e+08 1 0 1
4.47013e+08 1 0 1
4.50142e+08 1 0 1
4.53293e+08 1 0 1
4.56466e+08 1 0 1
4.59661e+08 1 0 1
4.62879e+08 1 0 1
4.66119e+08 1 0 1
4.69382e+08 1 0 1
4.72668e+08 1 0 1
4.75976e+08 1 0 1
4.79308e+08 1 0 1
4.82663e+08 1 0 1
4.86042e+08 1 0 1
4.89444e+08 1 0 1
4.9287e+08 1 0 1
4.9632e+08 1 0 1
4.99795e+08 1 0 1
5.03293e+08 1 0 1
5.06816e+08 1 0 1
5.10364e+08 1 0 1
5.13936e+08 1 0 1
5.17534e+08 1 0 1
5.21157e+08 1 0 1
5.24805e+08 1 0 1
5.28478e+08 1 0 1
5.32178e+08 1 0 1
5.35903e+08 1 0 1
5.39654e+08 1 0 1
5.43432e+08 1 0 1
5.47236e+08 1 0 1
5.51067e+08 1 0 1
5.54924e+08 1 0 1
5.58809e+08 1 0 1
5.6272e+08 1 0 1
5.66659e+08 1 0 1
5.70626e+08 1 0 1
5.7462e+08 1 0 1
5.78643e+08 1 0 1
5.82693e+08 1 0 1
5.86772e+08 1 0 1
5.90879e+08 1 0 1
5.95016e+08 1 0 1
5.99181e+08 1 0 1
6.03375e+08 1 0 1
6.07599e+08 1 0 1
6.11852e+08 1 0 1
6.16135e+08 1 0 1
6.20448e+08 1 0 1
6.24791e+08 1 0 1
6.29164e+08 1 0 1
6.33568e+08 1 0 1
6.38003e+08 1 0 1
6.42469e+08 1 0 1
6.46967e+08 1 0 1
6.51495e+08 1 0 1
6.56056e+08 1 0 1
6.60648e+08 1 0 1
6.65273e+08 1 0 1
6.6993e+08 1 0 1
6.74619e+08 1 0 1
6.79342e+08 1 0 1
6.84097e+08 1 0 1
6.88886e+08 1 0 1
6.93708e+08 1 0 1
6.98564e+08 1 0 1
7.03454e+08 1 0 1
7.08378e+08 1 0 1
7.13337e+08 1 0 1
7.1833e+08 1 0 1
7.23358e+08 1 0 1
7.28422e+08 1 0 1
7.33521e+08 1 0 1
7.38655e+08 1 0 1
7.43826e+08 1 0 1
7.49033e+08 1 0 1
7.54276e+08 1 0 1
7.59556e+08 1 0 1
7.64873e+08 1 0 1
7.70227e+08 1 0 1
7.75619e+08 1 0 1
7.81048e+08 1 0 1
7.86515e+08 1 0 1
7.92021e+08 1 0 1
7.97565e+08 1 0 1
8.03148e+08 1 0 1
8.0877e+08 1 0 1
8.14431e+08 1 0 1
8.20132e+08 1 0 1
8.25873e+08 1 0 1
8.31654e+08 1 0 1
8.37476e+08 1 0 1
8.43338e+08 1 0 1
8.49242e+08 1 0 1
8.55186e+08 1 0 1
8.61173e+08 1 0 1
8.67201e+08 1 0 1
8.73271e+08 1 0 1
8.79384e+08 1 0 1
8.8554e+08 1 0 1
8.91739e+08 1 0 1
8.97981e+08 1 0 1
9.04267e+08 1 0 1
9.10597e+08 1 0 1
9.16971e+08 1 0 1
9.23389e+08 1 0 1
9.29853e+08 1 0 1
9.36362e+08 1 0 1
9.42917e+08 1 0 1
9.49517e+08 1 0 1
9.56164e+08 1 0 1
9.62857e+08 1 0 1
9.69597e+08 1 0 1
9.76384e+08 1 0 1
9.83219e+08 1 0 1
9.90101e+08 1 0 1
9.97032e+08 1 0 1
1.00401e+09 1 0 1
1.01104e+09 1 0 1
1.01812e+09 1 0 1
1.02524e+09 1 0 1
1.03242e+09 1 0 1
1.03965e+09 1 0 1
1.04692e+09 1 0 1
1.05425e+09 1 0 1
1.06163e+09 1 0 1
1.06906e+09 1 0 1
1.07655e+09 1 0 1
1.08408e+09 1 0 1
1.09167e+09 1 0 1
1.09931e+09 1 0 1
1.10701e+09 1 0 1
1.11476e+09 1 0 1
1.12256e+09 1 0 1
1.13042e+09 1 0 1
1.13833e+09 1 0 1
1.1463e+09 1 0 1
1.15432e+09 1 0 1
1.1624e+09 1 0 1
1.17054e+09 1 0 1
1.17874e+09 1 0 1
1.18699e+09 1 0 1
1.1953e+09 1 0 1
1.20366e+09 1 0 1
1.21209e+09 1 0 1
1.22057e+09 1 0 1
1.22912e+09 1 0 1
1.23772e+09 1 0 1
1.24638e+09 1 0 1
1.25511e+09 1 0 1
1.2639e+09 1 0 1
1.27274e+09 1 0 1
1.28165e+09 1 0 1
1.29062e+09 1 0 1
1.29966e+09 1 0 1
1.30876e+09 1 0 1
1.31792e+09 1 0 1
1.32714e+09 1 0 1
1.33643e+09 1 0 1
1.34579e+09 1 0 1
1.35521e+09 1 0 1
1.36469e+09 1 0 1
1.37425e+09 1 0 1
1.38387e+09 1 0 1
1.39355e+09 1 0 1
1.40331e+09 1 0 1
1.41313e+09 1 0 1
1.42302e+09 1 0 1
1.43298e+09 1 0 1
1.44302e+09 1 0 1
1.45312e+09 1 0 1
1.46329e+09 1 0 1
1.47353e+09 1 0 1
1.48385e+09 1 0 1
1.49423e+09 1 0 1
1.50469e+09 1 0 1
1.51523e+09 1 0 1
1.52583e+09 1 0 1
1.53651e+09 0 0 0
