6.67037 5.93092e-07 110.447 6.40397e-55
6.71706 7.26436e-07 109.461 2.10231e-54
6.76408 8.8721e-07 108.477 6.87457e-54
6.81143 1.08051e-06 107.482 2.26381e-53
6.85911 1.31225e-06 106.476 7.51943e-53
6.90712 1.58933e-06 105.465 2.50203e-52
6.95547 1.92024e-06 104.454 8.31233e-52
7.00416 2.31317e-06 103.441 2.75708e-51
7.05319 2.77918e-06 102.416 9.22862e-51
7.10256 3.3304e-06 101.385 3.10249e-50
7.15228 3.98076e-06 100.346 1.04775e-49
7.20235 4.74613e-06 99.301 3.55183e-49
7.25276 5.6446e-06 98.251 1.20717e-48
7.30353 6.69671e-06 97.1958 4.11414e-48
7.35466 7.92575e-06 96.1346 1.40707e-47
7.40614 9.35801e-06 95.0657 4.8381e-47
7.45798 1.10232e-05 93.9875 1.67507e-46
7.51019 1.29546e-05 92.9044 5.81505e-46
7.56276 1.51897e-05 91.8203 2.01611e-45
7.6157 1.77704e-05 90.7367 6.97048e-45
7.66901 2.07434e-05 89.6443 2.42582e-44
7.72269 2.41609e-05 88.5445 8.48665e-44
7.77675 2.80874e-05 87.441 2.97414e-43
7.83119 3.25745e-05 86.3254 1.05254e-42
7.88601 3.76994e-05 85.2173 3.68935e-42
7.94121 4.35405e-05 84.0969 1.30634e-41
7.9968 5.01843e-05 82.9794 4.60353e-41
8.05277 5.77258e-05 81.8423 1.65088e-40
8.10914 6.62693e-05 80.7228 5.80573e-40
8.16591 7.59289e-05 79.5756 2.09499e-39
8.22307 8.68293e-05 78.4444 7.42481e-39
8.28063 9.91063e-05 77.3009 2.65918e-38
8.33859 0.000112908 76.1539 9.53873e-38
8.39696 0.000128394 75.0064 3.41723e-37
8.45574 0.00014574 73.8442 1.24007e-36
8.51493 0.000165132 72.6955 4.43157e-36
8.57454 0.000186775 71.5362 1.59781e-35
8.63456 0.000210886 70.3745 5.76505e-35
8.695 0.000237702 69.2083 2.08562e-34
8.75587 0.000267521 68.0343 7.59337e-34
8.81716 0.000300523 66.8747 2.71989e-33
8.87888 0.000337042 65.7039 9.8362e-33
8.94103 0.000377385 64.5307 3.56017e-32
9.00362 0.000421882 63.3609 1.28202e-31
9.06664 0.000470883 62.188 4.62401e-31
9.13011 0.00052476 61.0069 1.67885e-30
9.19402 0.000583905 59.832 6.04818e-30
9.25838 0.000648736 58.6522 2.18642e-29
9.32319 0.000719694 57.4727 7.89024e-29
9.38845 0.000797241 56.3026 2.8163e-28
9.45417 0.000881866 55.1278 1.00854e-27
9.52035 0.000974084 53.9548 3.60034e-27
9.58699 0.00107443 52.7738 1.29362e-26
9.6541 0.00118348 51.6039 4.59056e-26
9.72168 0.00130181 50.4372 1.6217e-25
9.78973 0.00143025 49.2637 5.76049e-25
9.85826 0.00156903 48.1005 2.0223e-24
9.92727 0.00171903 46.9296 7.14543e-24
9.99676 0.00188094 45.7728 2.48589e-23
10.0667 0.00205549 44.6124 8.66945e-23
10.1372 0.00224341 43.4643 2.98269e-22
10.2082 0.00244549 42.3152 1.02592e-21
10.2796 0.00266252 41.1672 3.52033e-21
10.3516 0.00289532 40.0348 1.18798e-20
10.424 0.00314476 38.9033 4.00037e-20
10.497 0.00341169 37.7743 1.34217e-19
10.5705 0.00369702 36.6489 4.48142e-19
10.6445 0.00400166 35.5363 1.47572e-18
10.719 0.00432657 34.4318 4.81499e-18
10.794 0.00467269 33.3344 1.55819e-17
10.8696 0.00504101 32.2454 4.99487e-17
10.9457 0.00543253 31.1631 1.58876e-16
11.0223 0.00584891 30.0895 5.00447e-16
11.0994 0.00628991 29.0328 1.54834e-15
11.1771 0.00675721 27.9831 4.75176e-15
11.2554 0.00725188 26.9428 1.44332e-14
11.3342 0.007775 25.9176 4.3134e-14
11.4135 0.00832764 24.901 1.2769e-13
11.4934 0.00891091 23.902 3.71022e-13
11.5739 0.0095259 22.9134 1.06594e-12
11.6549 0.0101737 21.9394 3.01511e-12
11.7365 0.0108555 20.981 8.38934e-12
11.8186 0.0115724 20.0347 2.30387e-11
11.9013 0.0123255 19.1101 6.18605e-11
11.9846 0.0131158 18.2021 1.63202e-10
12.0685 0.0139446 17.309 4.23839e-10
12.153 0.0148129 16.4352 1.07873e-09
12.2381 0.0157219 15.5828 2.68523e-09
12.3238 0.016674 14.7459 6.57602e-09
12.41 0.0176675 13.9333 1.57046e-08
12.4969 0.0187049 13.1397 3.67668e-08
12.5844 0.0197872 12.367 8.42309e-08
12.6725 0.0209155 11.6211 1.87714e-07
12.7612 0.0220908 10.896 4.09404e-07
12.8505 0.0233141 10.1945 8.7135e-07
12.9405 0.0245865 9.51747 1.80848e-06
13.031 0.0259088 8.86548 3.65777e-06
13.1223 0.027282 8.2388 7.20791e-06
13.2141 0.028707 7.63782 1.38333e-05
13.3066 0.0301847 7.06328 2.58371e-05
13.3998 0.031716 6.51323 4.70565e-05
13.4936 0.0333016 5.99325 8.31052e-05
13.588 0.0349424 5.4992 0.000142916
13.6831 0.0366391 5.03027 0.000239512
13.7789 0.0383925 4.5902 0.000389714
13.8754 0.0402059 4.17522 0.000618039
13.9725 0.0420745 3.7871 0.000953456
14.0703 0.0440017 3.42516 0.001432
14.1688 0.0459881 3.08782 0.00209711
14.268 0.0480341 2.77494 0.00299509
14.3678 0.0501403 2.4864 0.00417211
14.4684 0.0523071 2.22096 0.00567556
14.5697 0.0545349 1.97769 0.00754704
14.6717 0.0568241 1.75568 0.00981859
14.7744 0.059175 1.55378 0.0125124
14.8778 0.0615878 1.37057 0.015641
14.982 0.0640628 1.2048 0.0192029
15.0868 0.0666002 1.0565 0.0231548
15.1924 0.0692 0.922792 0.0275006
15.2988 0.0718624 0.80434 0.03215
15.4059 0.0745875 0.698355 0.0371
15.5137 0.0773794 0.604584 0.0422725
15.6223 0.0802295 0.52212 0.0475971
15.7317 0.083142 0.44933 0.0530493
15.8418 0.0861169 0.385478 0.0585703
15.9527 0.0891539 0.32976 0.0641102
16.0643 0.0922528 0.28127 0.0696347
16.1768 0.0954133 0.239145 0.075119
16.29 0.0986352 0.202625 0.0805439
16.4041 0.101918 0.171342 0.0858693
16.5189 0.105261 0.144404 0.0911075
16.6345 0.108665 0.12127 0.0962545
16.751 0.112128 0.101588 0.101296
16.8682 0.11565 0.0848053 0.106246
16.9863 0.11923 0.0705449 0.111109
17.1052 0.122868 0.0584847 0.115889
17.2249 0.126564 0.0483682 0.120588
17.3455 0.130316 0.0398484 0.125226
17.4669 0.13413 0.0326991 0.129815
17.5892 0.137993 0.0267258 0.134354
17.7123 0.14191 0.0217808 0.138853
17.8363 0.145881 0.017677 0.143325
17.9612 0.149904 0.0142706 0.14778
18.0869 0.153979 0.0114917 0.15222
18.2135 0.158105 0.00920043 0.156657
18.341 0.162281 0.00734343 0.161094
18.4694 0.166506 0.00582913 0.165538
18.5987 0.170778 0.00460448 0.169994
18.7289 0.175098 0.00361795 0.174465
18.86 0.179463 0.00283247 0.178956
18.992 0.183873 0.00220364 0.183469
19.1249 0.188327 0.00170724 0.188006
19.2588 0.192824 0.00131569 0.192571
19.3936 0.197362 0.00100767 0.197164
19.5294 0.201948 0.00076894 0.201793
19.6661 0.206565 0.000583476 0.206445
19.8037 0.211221 0.000440039 0.211128
19.9424 0.215914 0.000330533 0.215842
20.082 0.220642 0.000247241 0.220587
20.2225 0.225405 0.000183835 0.225363
20.3641 0.230201 0.00013597 0.23017
20.5066 0.235029 9.99441e-05 0.235006
20.6502 0.239888 7.29487e-05 0.239871
20.7947 0.244777 5.2999e-05 0.244764
20.9403 0.249694 3.82863e-05 0.249685
21.0869 0.254639 2.74698e-05 0.254632
21.2345 0.259609 1.95191e-05 0.259604
21.3831 0.264604 1.37759e-05 0.2646
21.5328 0.269623 9.61372e-06 0.26962
21.6835 0.274663 6.62957e-06 0.274661
21.8353 0.279725 4.51466e-06 0.279724
21.9882 0.284814 3.02096e-06 0.284813
22.1421 0.289914 1.9831e-06 0.289913
22.2971 0.295031 1.26721e-06 0.295031
22.4532 0.300164 7.77798e-07 0.300164
22.6103 0.305312 4.6126e-07 0.305312
22.7686 0.310474 2.54846e-07 0.310474
22.928 0.315648 1.26647e-07 0.315648
23.0885 0.320833 5.02208e-08 0.320833
23.2501 0.326029 9.01303e-09 0.326029
23.4129 0.331234 0 0.331234
23.5768 0.336446 0 0.336446
23.7418 0.341665 0 0.341665
23.908 0.346889 0 0.346889
24.0753 0.352118 0 0.352118
24.2439 0.35735 0 0.35735
24.4136 0.362584 0 0.362584
24.5845 0.367827 0 0.367827
24.7566 0.373062 0 0.373062
24.9299 0.378296 0 0.378296
25.1044 0.383528 0 0.383528
25.2801 0.388756 0 0.388756
25.4571 0.393981 0 0.393981
25.6353 0.3992 0 0.3992
25.8147 0.404414 0 0.404414
25.9954 0.40962 0 0.40962
26.1774 0.414818 0 0.414818
26.3606 0.420008 0 0.420008
26.5451 0.425188 0 0.425188
26.731 0.430357 0 0.430357
26.9181 0.435514 0 0.435514
27.1065 0.440659 0 0.440659
27.2962 0.445791 0 0.445791
27.4873 0.450909 0 0.450909
27.6797 0.45602 0 0.45602
27.8735 0.461107 0 0.461107
28.0686 0.466178 0 0.466178
28.2651 0.471232 0 0.471232
28.4629 0.476268 0 0.476268
28.6622 0.481285 0 0.481285
28.8628 0.486284 0 0.486284
29.0648 0.491262 0 0.491262
29.2683 0.49622 0 0.49622
29.4732 0.501158 0 0.501158
29.6795 0.506073 0 0.506073
29.8873 0.510966 0 0.510966
30.0965 0.515836 0 0.515836
30.3071 0.520683 0 0.520683
30.5193 0.525506 0 0.525506
30.7329 0.530305 0 0.530305
30.9481 0.535086 0 0.535086
31.1647 0.539834 0 0.539834
31.3828 0.544556 0 0.544556
31.6025 0.549251 0 0.549251
31.8237 0.553921 0 0.553921
32.0465 0.558563 0 0.558563
32.2708 0.563177 0 0.563177
32.4967 0.567764 0 0.567764
32.7242 0.572322 0 0.572322
32.9533 0.576852 0 0.576852
33.1839 0.581353 0 0.581353
33.4162 0.585825 0 0.585825
33.6501 0.590267 0 0.590267
33.8857 0.594679 0 0.594679
34.1229 0.599062 0 0.599062
34.3618 0.603414 0 0.603414
34.6023 0.607735 0 0.607735
34.8445 0.612032 0 0.612032
35.0884 0.616291 0 0.616291
35.334 0.62052 0 0.62052
35.5814 0.624717 0 0.624717
35.8304 0.628882 0 0.628882
36.0813 0.633016 0 0.633016
36.3338 0.637118 0 0.637118
36.5882 0.641188 0 0.641188
36.8443 0.645226 0 0.645226
37.1022 0.649232 0 0.649232
37.3619 0.653206 0 0.653206
37.6234 0.657147 0 0.657147
37.8868 0.661056 0 0.661056
38.152 0.664932 0 0.664932
38.4191 0.668776 0 0.668776
38.688 0.672588 0 0.672588
38.9588 0.676372 0 0.676372
39.2315 0.680118 0 0.680118
39.5062 0.683831 0 0.683831
39.7827 0.687512 0 0.687512
40.0612 0.69116 0 0.69116
40.3416 0.694775 0 0.694775
40.624 0.698358 0 0.698358
40.9084 0.701909 0 0.701909
41.1947 0.705427 0 0.705427
41.4831 0.708912 0 0.708912
41.7735 0.712365 0 0.712365
42.0659 0.715786 0 0.715786
42.3603 0.719175 0 0.719175
42.6569 0.722531 0 0.722531
42.9555 0.725855 0 0.725855
43.2562 0.729148 0 0.729148
43.5589 0.732408 0 0.732408
43.8639 0.735642 0 0.735642
44.1709 0.738838 0 0.738838
44.4801 0.742003 0 0.742003
44.7915 0.745137 0 0.745137
45.105 0.74824 0 0.74824
45.4207 0.751311 0 0.751311
45.7387 0.754351 0 0.754351
46.0589 0.75736 0 0.75736
46.3813 0.760339 0 0.760339
46.7059 0.763287 0 0.763287
47.0329 0.766205 0 0.766205
47.3621 0.769092 0 0.769092
47.6936 0.771949 0 0.771949
48.0275 0.774776 0 0.774776
48.3637 0.777573 0 0.777573
48.7022 0.780341 0 0.780341
49.0432 0.783083 0 0.783083
49.3865 0.785792 0 0.785792
49.7322 0.788472 0 0.788472
50.0803 0.791123 0 0.791123
50.4308 0.793745 0 0.793745
50.7839 0.796338 0 0.796338
51.1393 0.798903 0 0.798903
51.4973 0.80144 0 0.80144
51.8578 0.80395 0 0.80395
52.2208 0.806431 0 0.806431
52.5864 0.808885 0 0.808885
52.9545 0.811311 0 0.811311
53.3251 0.813711 0 0.813711
53.6984 0.816083 0 0.816083
54.0743 0.818429 0 0.818429
54.4528 0.820748 0 0.820748
54.834 0.823041 0 0.823041
55.2178 0.82531 0 0.82531
55.6044 0.827551 0 0.827551
55.9936 0.829766 0 0.829766
56.3855 0.831955 0 0.831955
56.7802 0.83412 0 0.83412
57.1777 0.836259 0 0.836259
57.5779 0.838373 0 0.838373
57.981 0.840463 0 0.840463
58.3869 0.842528 0 0.842528
58.7956 0.844569 0 0.844569
59.2071 0.846586 0 0.846586
59.6216 0.848579 0 0.848579
60.0389 0.850549 0 0.850549
60.4592 0.852496 0 0.852496
60.8824 0.854419 0 0.854419
61.3086 0.856319 0 0.856319
61.7378 0.8582 0 0.8582
62.1699 0.860055 0 0.860055
62.6051 0.861887 0 0.861887
63.0434 0.863698 0 0.863698
63.4847 0.865487 0 0.865487
63.9291 0.867254 0 0.867254
64.3766 0.869 0 0.869
64.8272 0.870725 0 0.870725
65.281 0.872428 0 0.872428
65.7379 0.874111 0 0.874111
66.1981 0.875773 0 0.875773
66.6615 0.877415 0 0.877415
67.1281 0.879037 0 0.879037
67.598 0.880638 0 0.880638
68.0712 0.88222 0 0.88222
68.5477 0.883783 0 0.883783
69.0275 0.885326 0 0.885326
69.5107 0.886852 0 0.886852
69.9973 0.888357 0 0.888357
70.4873 0.889843 0 0.889843
70.9807 0.89131 0 0.89131
71.4776 0.892759 0 0.892759
71.9779 0.89419 0 0.89419
72.4818 0.895603 0 0.895603
72.9891 0.896999 0 0.896999
73.5001 0.898376 0 0.898376
74.0146 0.899737 0 0.899737
74.5327 0.90108 0 0.90108
75.0544 0.902406 0 0.902406
75.5798 0.903715 0 0.903715
76.1088 0.905008 0 0.905008
76.6416 0.906284 0 0.906284
77.1781 0.907544 0 0.907544
77.7183 0.90879 0 0.90879
78.2624 0.910018 0 0.910018
78.8102 0.91123 0 0.91123
79.3619 0.912426 0 0.912426
79.9174 0.913608 0 0.913608
80.4768 0.914774 0 0.914774
81.0402 0.915925 0 0.915925
81.6074 0.917061 0 0.917061
82.1787 0.918183 0 0.918183
82.7539 0.91929 0 0.91929
83.3332 0.920383 0 0.920383
83.9165 0.921461 0 0.921461
84.504 0.922526 0 0.922526
85.0955 0.923577 0 0.923577
85.6912 0.924614 0 0.924614
86.291 0.925638 0 0.925638
86.895 0.926648 0 0.926648
87.5033 0.927646 0 0.927646
88.1158 0.92863 0 0.92863
88.7326 0.929602 0 0.929602
89.3538 0.93056 0 0.93056
89.9792 0.931506 0 0.931506
90.6091 0.932439 0 0.932439
91.2434 0.933361 0 0.933361
91.8821 0.93427 0 0.93427
92.5252 0.935167 0 0.935167
93.1729 0.936052 0 0.936052
93.8251 0.936926 0 0.936926
94.4819 0.937788 0 0.937788
95.1433 0.938638 0 0.938638
95.8093 0.939478 0 0.939478
96.4799 0.940306 0 0.940306
97.1553 0.941124 0 0.941124
97.8354 0.941931 0 0.941931
98.5202 0.942727 0 0.942727
99.2099 0.943512 0 0.943512
99.9043 0.944287 0 0.944287
100.604 0.945051 0 0.945051
101.308 0.945805 0 0.945805
102.017 0.94655 0 0.94655
102.731 0.947284 0 0.947284
103.45 0.948008 0 0.948008
104.174 0.948723 0 0.948723
104.904 0.949428 0 0.949428
105.638 0.950124 0 0.950124
106.377 0.95081 0 0.95081
107.122 0.951487 0 0.951487
107.872 0.952155 0 0.952155
108.627 0.952815 0 0.952815
109.387 0.953465 0 0.953465
110.153 0.954107 0 0.954107
110.924 0.95474 0 0.95474
111.701 0.955364 0 0.955364
112.483 0.95598 0 0.95598
113.27 0.956588 0 0.956588
114.063 0.957187 0 0.957187
114.861 0.957779 0 0.957779
115.665 0.958362 0 0.958362
116.475 0.958937 0 0.958937
117.29 0.959505 0 0.959505
118.111 0.960065 0 0.960065
118.938 0.960618 0 0.960618
119.771 0.961162 0 0.961162
120.609 0.9617 0 0.9617
121.453 0.96223 0 0.96223
122.304 0.962753 0 0.962753
123.16 0.96327 0 0.96327
124.022 0.963779 0 0.963779
124.89 0.964281 0 0.964281
125.764 0.964776 0 0.964776
126.645 0.965264 0 0.965264
127.531 0.965746 0 0.965746
128.424 0.966221 0 0.966221
129.323 0.96669 0 0.96669
130.228 0.967152 0 0.967152
131.14 0.967608 0 0.967608
132.058 0.968058 0 0.968058
132.982 0.968501 0 0.968501
133.913 0.968939 0 0.968939
134.85 0.969371 0 0.969371
135.794 0.969796 0 0.969796
136.745 0.970216 0 0.970216
137.702 0.97063 0 0.97063
138.666 0.971039 0 0.971039
139.637 0.971442 0 0.971442
140.614 0.971839 0 0.971839
141.598 0.972231 0 0.972231
142.589 0.972617 0 0.972617
143.588 0.972999 0 0.972999
144.593 0.973375 0 0.973375
145.605 0.973745 0 0.973745
146.624 0.974111 0 0.974111
147.65 0.974472 0 0.974472
148.684 0.974827 0 0.974827
149.725 0.975178 0 0.975178
150.773 0.975524 0 0.975524
151.828 0.975865 0 0.975865
152.891 0.976202 0 0.976202
153.961 0.976534 0 0.976534
155.039 0.976861 0 0.976861
156.124 0.977184 0 0.977184
157.217 0.977502 0 0.977502
158.318 0.977816 0 0.977816
159.426 0.978126 0 0.978126
160.542 0.978431 0 0.978431
161.666 0.978732 0 0.978732
162.797 0.979029 0 0.979029
163.937 0.979322 0 0.979322
165.084 0.979611 0 0.979611
166.24 0.979896 0 0.979896
167.404 0.980176 0 0.980176
168.576 0.980453 0 0.980453
169.756 0.980727 0 0.980727
170.944 0.980996 0 0.980996
172.141 0.981262 0 0.981262
173.345 0.981523 0 0.981523
174.559 0.981782 0 0.981782
175.781 0.982037 0 0.982037
177.011 0.982288 0 0.982288
178.25 0.982536 0 0.982536
179.498 0.98278 0 0.98278
180.755 0.983021 0 0.983021
182.02 0.983258 0 0.983258
183.294 0.983493 0 0.983493
184.577 0.983724 0 0.983724
185.869 0.983952 0 0.983952
187.17 0.984176 0 0.984176
188.48 0.984398 0 0.984398
189.8 0.984616 0 0.984616
191.128 0.984832 0 0.984832
192.466 0.985044 0 0.985044
193.814 0.985253 0 0.985253
195.17 0.98546 0 0.98546
196.536 0.985664 0 0.985664
197.912 0.985865 0 0.985865
199.298 0.986063 0 0.986063
200.693 0.986258 0 0.986258
202.097 0.986451 0 0.986451
203.512 0.98664 0 0.98664
204.937 0.986828 0 0.986828
206.371 0.987012 0 0.987012
207.816 0.987194 0 0.987194
209.271 0.987374 0 0.987374
210.736 0.987551 0 0.987551
212.211 0.987725 0 0.987725
213.696 0.987898 0 0.987898
215.192 0.988067 0 0.988067
216.698 0.988235 0 0.988235
218.215 0.9884 0 0.9884
219.743 0.988563 0 0.988563
221.281 0.988723 0 0.988723
222.83 0.988881 0 0.988881
224.39 0.989037 0 0.989037
225.96 0.989191 0 0.989191
227.542 0.989343 0 0.989343
229.135 0.989492 0 0.989492
230.739 0.98964 0 0.98964
232.354 0.989785 0 0.989785
233.981 0.989929 0 0.989929
235.618 0.99007 0 0.99007
237.268 0.990209 0 0.990209
238.929 0.990347 0 0.990347
240.601 0.990482 0 0.990482
242.285 0.990616 0 0.990616
243.981 0.990748 0 0.990748
245.689 0.990878 0 0.990878
247.409 0.991006 0 0.991006
249.141 0.991132 0 0.991132
250.885 0.991257 0 0.991257
252.641 0.99138 0 0.99138
254.41 0.991501 0 0.991501
256.19 0.99162 0 0.99162
257.984 0.991738 0 0.991738
259.79 0.991854 0 0.991854
261.608 0.991968 0 0.991968
263.439 0.992081 0 0.992081
265.284 0.992192 0 0.992192
267.14 0.992302 0 0.992302
269.01 0.99241 0 0.99241
270.894 0.992517 0 0.992517
272.79 0.992622 0 0.992622
274.699 0.992726 0 0.992726
276.622 0.992828 0 0.992828
278.559 0.992929 0 0.992929
280.508 0.993028 0 0.993028
282.472 0.993126 0 0.993126
284.449 0.993223 0 0.993223
286.44 0.993318 0 0.993318
288.446 0.993412 0 0.993412
290.465 0.993505 0 0.993505
292.498 0.993596 0 0.993596
294.545 0.993686 0 0.993686
296.607 0.993775 0 0.993775
298.684 0.993862 0 0.993862
300.774 0.993949 0 0.993949
302.88 0.994034 0 0.994034
305 0.994118 0 0.994118
307.135 0.994201 0 0.994201
309.285 0.994282 0 0.994282
311.45 0.994363 0 0.994363
313.63 0.994442 0 0.994442
315.825 0.99452 0 0.99452
318.036 0.994597 0 0.994597
320.262 0.994673 0 0.994673
322.504 0.994748 0 0.994748
324.762 0.994822 0 0.994822
327.035 0.994895 0 0.994895
329.324 0.994967 0 0.994967
331.63 0.995037 0 0.995037
333.951 0.995107 0 0.995107
336.289 0.995176 0 0.995176
338.643 0.995244 0 0.995244
341.013 0.995311 0 0.995311
343.4 0.995377 0 0.995377
345.804 0.995442 0 0.995442
348.225 0.995506 0 0.995506
350.662 0.995569 0 0.995569
353.117 0.995632 0 0.995632
355.589 0.995693 0 0.995693
358.078 0.995754 0 0.995754
360.584 0.995814 0 0.995814
363.109 0.995873 0 0.995873
365.65 0.995931 0 0.995931
368.21 0.995988 0 0.995988
370.787 0.996044 0 0.996044
373.383 0.9961 0 0.9961
375.996 0.996155 0 0.996155
378.628 0.996209 0 0.996209
381.279 0.996262 0 0.996262
383.948 0.996315 0 0.996315
386.635 0.996367 0 0.996367
389.342 0.996418 0 0.996418
392.067 0.996469 0 0.996469
394.812 0.996518 0 0.996518
397.575 0.996567 0 0.996567
400.358 0.996616 0 0.996616
403.161 0.996663 0 0.996663
405.983 0.99671 0 0.99671
408.825 0.996757 0 0.996757
411.687 0.996802 0 0.996802
414.569 0.996847 0 0.996847
417.471 0.996892 0 0.996892
420.393 0.996935 0 0.996935
423.336 0.996979 0 0.996979
426.299 0.997021 0 0.997021
429.283 0.997063 0 0.997063
432.288 0.997104 0 0.997104
435.314 0.997145 0 0.997145
438.361 0.997185 0 0.997185
441.43 0.997225 0 0.997225
444.52 0.997264 0 0.997264
447.631 0.997303 0 0.997303
450.765 0.997341 0 0.997341
453.92 0.997378 0 0.997378
457.098 0.997415 0 0.997415
460.297 0.997451 0 0.997451
463.519 0.997487 0 0.997487
466.764 0.997523 0 0.997523
470.031 0.997558 0 0.997558
473.322 0.997592 0 0.997592
476.635 0.997626 0 0.997626
479.971 0.997659 0 0.997659
483.331 0.997692 0 0.997692
486.714 0.997725 0 0.997725
490.121 0.997757 0 0.997757
493.552 0.997788 0 0.997788
497.007 0.99782 0 0.99782
500.486 0.99785 0 0.99785
503.99 0.997881 0 0.997881
507.517 0.99791 0 0.99791
511.07 0.99794 0 0.99794
514.648 0.997969 0 0.997969
518.25 0.997998 0 0.997998
521.878 0.998026 0 0.998026
525.531 0.998054 0 0.998054
529.21 0.998081 0 0.998081
532.914 0.998108 0 0.998108
536.645 0.998135 0 0.998135
540.401 0.998161 0 0.998161
544.184 0.998187 0 0.998187
547.993 0.998212 0 0.998212
551.829 0.998238 0 0.998238
555.692 0.998262 0 0.998262
559.582 0.998287 0 0.998287
563.499 0.998311 0 0.998311
567.443 0.998335 0 0.998335
571.415 0.998358 0 0.998358
575.415 0.998381 0 0.998381
579.443 0.998404 0 0.998404
583.499 0.998427 0 0.998427
587.584 0.998449 0 0.998449
591.697 0.998471 0 0.998471
595.839 0.998492 0 0.998492
600.01 0.998513 0 0.998513
604.21 0.998534 0 0.998534
608.439 0.998555 0 0.998555
612.698 0.998575 0 0.998575
616.987 0.998596 0 0.998596
621.306 0.998615 0 0.998615
625.655 0.998635 0 0.998635
630.035 0.998654 0 0.998654
634.445 0.998673 0 0.998673
638.886 0.998692 0 0.998692
643.358 0.99871 0 0.99871
647.862 0.998728 0 0.998728
652.397 0.998746 0 0.998746
656.964 0.998764 0 0.998764
661.563 0.998781 0 0.998781
666.193 0.998798 0 0.998798
670.857 0.998815 0 0.998815
675.553 0.998832 0 0.998832
680.282 0.998849 0 0.998849
685.044 0.998865 0 0.998865
689.839 0.998881 0 0.998881
694.668 0.998897 0 0.998897
699.53 0.998912 0 0.998912
704.427 0.998927 0 0.998927
709.358 0.998943 0 0.998943
714.324 0.998957 0 0.998957
719.324 0.998972 0 0.998972
724.359 0.998987 0 0.998987
729.43 0.999001 0 0.999001
734.536 0.999015 0 0.999015
739.678 0.999029 0 0.999029
744.855 0.999043 0 0.999043
750.069 0.999056 0 0.999056
755.32 0.999069 0 0.999069
760.607 0.999082 0 0.999082
765.931 0.999095 0 0.999095
771.293 0.999108 0 0.999108
776.692 0.999121 0 0.999121
782.129 0.999133 0 0.999133
787.604 0.999145 0 0.999145
793.117 0.999157 0 0.999157
798.669 0.999169 0 0.999169
804.259 0.999181 0 0.999181
809.889 0.999192 0 0.999192
815.558 0.999204 0 0.999204
821.267 0.999215 0 0.999215
827.016 0.999226 0 0.999226
832.805 0.999237 0 0.999237
838.635 0.999248 0 0.999248
844.505 0.999258 0 0.999258
850.417 0.999269 0 0.999269
856.37 0.999279 0 0.999279
862.364 0.999289 0 0.999289
868.401 0.999299 0 0.999299
874.48 0.999309 0 0.999309
880.601 0.999319 0 0.999319
886.765 0.999329 0 0.999329
892.973 0.999338 0 0.999338
899.223 0.999347 0 0.999347
905.518 0.999357 0 0.999357
911.857 0.999366 0 0.999366
918.24 0.999375 0 0.999375
924.667 0.999383 0 0.999383
931.14 0.999392 0 0.999392
937.658 0.999401 0 0.999401
944.222 0.999409 0 0.999409
950.831 0.999417 0 0.999417
957.487 0.999426 0 0.999426
964.189 0.999434 0 0.999434
970.939 0.999442 0 0.999442
977.735 0.99945 0 0.99945
984.579 0.999457 0 0.999457
991.471 0.999465 0 0.999465
998.412 0.999472 0 0.999472
1005.4 0.99948 0 0.99948
1012.44 0.999487 0 0.999487
1019.53 0.999494 0 0.999494
1026.66 0.999502 0 0.999502
1033.85 0.999509 0 0.999509
1041.09 0.999516 0 0.999516
1048.37 0.999522 0 0.999522
1055.71 0.999529 0 0.999529
1063.1 0.999536 0 0.999536
1070.54 0.999542 0 0.999542
1078.04 0.999549 0 0.999549
1085.58 0.999555 0 0.999555
1093.18 0.999561 0 0.999561
1100.84 0.999568 0 0.999568
1108.54 0.999574 0 0.999574
1116.3 0.99958 0 0.99958
1124.11 0.999586 0 0.999586
1131.98 0.999591 0 0.999591
1139.91 0.999597 0 0.999597
1147.89 0.999603 0 0.999603
1155.92 0.999608 0 0.999608
1164.01 0.999614 0 0.999614
1172.16 0.999619 0 0.999619
1180.37 0.999625 0 0.999625
1188.63 0.99963 0 0.99963
1196.95 0.999635 0 0.999635
1205.33 0.99964 0 0.99964
1213.77 0.999645 0 0.999645
1222.26 0.99965 0 0.99965
1230.82 0.999655 0 0.999655
1239.43 0.99966 0 0.99966
1248.11 0.999665 0 0.999665
1256.85 0.99967 0 0.99967
1265.64 0.999674 0 0.999674
1274.5 0.999679 0 0.999679
1283.43 0.999684 0 0.999684
1292.41 0.999688 0 0.999688
1301.46 0.999692 0 0.999692
1310.57 0.999697 0 0.999697
1319.74 0.999701 0 0.999701
1328.98 0.999705 0 0.999705
1338.28 0.999709 0 0.999709
1347.65 0.999713 0 0.999713
1357.08 0.999717 0 0.999717
1366.58 0.999721 0 0.999721
1376.15 0.999725 0 0.999725
1385.78 0.999729 0 0.999729
1395.48 0.999733 0 0.999733
1405.25 0.999737 0 0.999737
1415.09 0.999741 0 0.999741
1424.99 0.999744 0 0.999744
1434.97 0.999748 0 0.999748
1445.01 0.999751 0 0.999751
1455.13 0.999755 0 0.999755
1465.31 0.999758 0 0.999758
1475.57 0.999762 0 0.999762
1485.9 0.999765 0 0.999765
1496.3 0.999768 0 0.999768
1506.78 0.999772 0 0.999772
1517.32 0.999775 0 0.999775
1527.94 0.999778 0 0.999778
1538.64 0.999781 0 0.999781
1549.41 0.999784 0 0.999784
1560.26 0.999787 0 0.999787
1571.18 0.99979 0 0.99979
1582.18 0.999793 0 0.999793
1593.25 0.999796 0 0.999796
1604.4 0.999799 0 0.999799
1615.63 0.999802 0 0.999802
1626.94 0.999805 0 0.999805
1638.33 0.999807 0 0.999807
1649.8 0.99981 0 0.99981
1661.35 0.999813 0 0.999813
1672.98 0.999815 0 0.999815
1684.69 0.999818 0 0.999818
1696.48 0.999821 0 0.999821
1708.36 0.999823 0 0.999823
1720.32 0.999826 0 0.999826
1732.36 0.999828 0 0.999828
1744.49 0.99983 0 0.99983
1756.7 0.999833 0 0.999833
1768.99 0.999835 0 0.999835
1781.38 0.999838 0 0.999838
1793.85 0.99984 0 0.99984
1806.4 0.999842 0 0.999842
1819.05 0.999844 0 0.999844
1831.78 0.999847 0 0.999847
1844.6 0.999849 0 0.999849
1857.52 0.999851 0 0.999851
1870.52 0.999853 0 0.999853
1883.61 0.999855 0 0.999855
1896.8 0.999857 0 0.999857
1910.07 0.999859 0 0.999859
1923.45 0.999861 0 0.999861
1936.91 0.999863 0 0.999863
1950.47 0.999865 0 0.999865
1964.12 0.999867 0 0.999867
1977.87 0.999869 0 0.999869
1991.72 0.999871 0 0.999871
2005.66 0.999872 0 0.999872
2019.7 0.999874 0 0.999874
2033.83 0.999876 0 0.999876
2048.07 0.999878 0 0.999878
2062.41 0.999879 0 0.999879
2076.84 0.999881 0 0.999881
2091.38 0.999883 0 0.999883
2106.02 0.999884 0 0.999884
2120.76 0.999886 0 0.999886
2135.61 0.999888 0 0.999888
2150.56 0.999889 0 0.999889
2165.61 0.999891 0 0.999891
2180.77 0.999892 0 0.999892
2196.04 0.999894 0 0.999894
2211.41 0.999895 0 0.999895
2226.89 0.999897 0 0.999897
2242.48 0.999898 0 0.999898
2258.18 0.9999 0 0.9999
2273.98 0.999901 0 0.999901
2289.9 0.999903 0 0.999903
2305.93 0.999904 0 0.999904
2322.07 0.999905 0 0.999905
2338.33 0.999907 0 0.999907
2354.69 0.999908 0 0.999908
2371.18 0.999909 0 0.999909
2387.78 0.99991 0 0.99991
2404.49 0.999912 0 0.999912
2421.32 0.999913 0 0.999913
2438.27 0.999914 0 0.999914
2455.34 0.999915 0 0.999915
2472.53 0.999917 0 0.999917
2489.83 0.999918 0 0.999918
2507.26 0.999919 0 0.999919
2524.81 0.99992 0 0.99992
2542.49 0.999921 0 0.999921
2560.28 0.999922 0 0.999922
2578.21 0.999923 0 0.999923
2596.25 0.999925 0 0.999925
2614.43 0.999926 0 0.999926
2632.73 0.999927 0 0.999927
2651.16 0.999928 0 0.999928
2669.72 0.999929 0 0.999929
2688.4 0.99993 0 0.99993
2707.22 0.999931 0 0.999931
2726.17 0.999932 0 0.999932
2745.26 0.999933 0 0.999933
2764.47 0.999934 0 0.999934
2783.82 0.999934 0 0.999934
2803.31 0.999935 0 0.999935
2822.93 0.999936 0 0.999936
2842.69 0.999937 0 0.999937
2862.59 0.999938 0 0.999938
2882.63 0.999939 0 0.999939
2902.81 0.99994 0 0.99994
2923.13 0.999941 0 0.999941
2943.59 0.999942 0 0.999942
2964.2 0.999942 0 0.999942
2984.95 0.999943 0 0.999943
3005.84 0.999944 0 0.999944
3026.88 0.999945 0 0.999945
3048.07 0.999946 0 0.999946
3069.41 0.999946 0 0.999946
3090.89 0.999947 0 0.999947
3112.53 0.999948 0 0.999948
3134.32 0.999949 0 0.999949
3156.26 0.999949 0 0.999949
3178.35 0.99995 0 0.99995
3200.6 0.999951 0 0.999951
3223 0.999951 0 0.999951
3245.56 0.999952 0 0.999952
3268.28 0.999953 0 0.999953
3291.16 0.999953 0 0.999953
3314.2 0.999954 0 0.999954
3337.4 0.999955 0 0.999955
3360.76 0.999955 0 0.999955
3384.29 0.999956 0 0.999956
3407.98 0.999957 0 0.999957
3431.83 0.999957 0 0.999957
3455.85 0.999958 0 0.999958
3480.05 0.999958 0 0.999958
3504.41 0.999959 0 0.999959
3528.94 0.99996 0 0.99996
3553.64 0.99996 0 0.99996
3578.51 0.999961 0 0.999961
3603.56 0.999961 0 0.999961
3628.79 0.999962 0 0.999962
3654.19 0.999962 0 0.999962
3679.77 0.999963 0 0.999963
3705.53 0.999963 0 0.999963
3731.47 0.999964 0 0.999964
3757.59 0.999964 0 0.999964
3783.89 0.999965 0 0.999965
3810.38 0.999965 0 0.999965
3837.05 0.999966 0 0.999966
3863.91 0.999966 0 0.999966
3890.96 0.999967 0 0.999967
3918.19 0.999967 0 0.999967
3945.62 0.999968 0 0.999968
3973.24 0.999968 0 0.999968
4001.05 0.999969 0 0.999969
4029.06 0.999969 0 0.999969
4057.26 0.99997 0 0.99997
4085.66 0.99997 0 0.99997
4114.26 0.99997 0 0.99997
4143.06 0.999971 0 0.999971
4172.07 0.999971 0 0.999971
4201.27 0.999972 0 0.999972
4230.68 0.999972 0 0.999972
4260.29 0.999972 0 0.999972
4290.12 0.999973 0 0.999973
4320.15 0.999973 0 0.999973
4350.39 0.999974 0 0.999974
4380.84 0.999974 0 0.999974
4411.51 0.999974 0 0.999974
4442.39 0.999975 0 0.999975
4473.48 0.999975 0 0.999975
4504.8 0.999975 0 0.999975
4536.33 0.999976 0 0.999976
4568.09 0.999976 0 0.999976
4600.06 0.999976 0 0.999976
4632.26 0.999977 0 0.999977
4664.69 0.999977 0 0.999977
4697.34 0.999977 0 0.999977
4730.22 0.999978 0 0.999978
4763.33 0.999978 0 0.999978
4796.68 0.999978 0 0.999978
4830.25 0.999979 0 0.999979
4864.07 0.999979 0 0.999979
4898.11 0.999979 0 0.999979
4932.4 0.99998 0 0.99998
4966.93 0.99998 0 0.99998
5001.7 0.99998 0 0.99998
5036.71 0.99998 0 0.99998
5071.97 0.999981 0 0.999981
5107.47 0.999981 0 0.999981
5143.22 0.999981 0 0.999981
5179.22 0.999981 0 0.999981
5215.48 0.999982 0 0.999982
5251.99 0.999982 0 0.999982
5288.75 0.999982 0 0.999982
5325.77 0.999982 0 0.999982
5363.05 0.999983 0 0.999983
5400.59 0.999983 0 0.999983
5438.4 0.999983 0 0.999983
5476.47 0.999983 0 0.999983
5514.8 0.999984 0 0.999984
5553.41 0.999984 0 0.999984
5592.28 0.999984 0 0.999984
5631.43 0.999984 0 0.999984
5670.85 0.999985 0 0.999985
5710.54 0.999985 0 0.999985
5750.52 0.999985 0 0.999985
5790.77 0.999985 0 0.999985
5831.3 0.999985 0 0.999985
5872.12 0.999986 0 0.999986
5913.23 0.999986 0 0.999986
5954.62 0.999986 0 0.999986
5996.3 0.999986 0 0.999986
6038.28 0.999986 0 0.999986
6080.55 0.999987 0 0.999987
6123.11 0.999987 0 0.999987
6165.97 0.999987 0 0.999987
6209.13 0.999987 0 0.999987
6252.6 0.999987 0 0.999987
6296.36 0.999988 0 0.999988
6340.44 0.999988 0 0.999988
6384.82 0.999988 0 0.999988
6429.52 0.999988 0 0.999988
6474.52 0.999988 0 0.999988
6519.84 0.999988 0 0.999988
6565.48 0.999989 0 0.999989
6611.44 0.999989 0 0.999989
6657.72 0.999989 0 0.999989
6704.33 0.999989 0 0.999989
6751.26 0.999989 0 0.999989
6798.51 0.999989 0 0.999989
6846.1 0.999989 0 0.999989
6894.03 0.99999 0 0.99999
6942.29 0.99999 0 0.99999
6990.88 0.99999 0 0.99999
7039.82 0.99999 0 0.99999
7089.1 0.99999 0 0.99999
7138.72 0.99999 0 0.99999
7188.69 0.99999 0 0.99999
7239.01 0.999991 0 0.999991
7289.68 0.999991 0 0.999991
7340.71 0.999991 0 0.999991
7392.1 0.999991 0 0.999991
7443.84 0.999991 0 0.999991
7495.95 0.999991 0 0.999991
7548.42 0.999991 0 0.999991
7601.26 0.999992 0 0.999992
7654.47 0.999992 0 0.999992
7708.05 0.999992 0 0.999992
7762.01 0.999992 0 0.999992
7816.34 0.999992 0 0.999992
7871.05 0.999992 0 0.999992
7926.15 0.999992 0 0.999992
7981.64 0.999992 0 0.999992
8037.51 0.999992 0 0.999992
8093.77 0.999993 0 0.999993
8150.43 0.999993 0 0.999993
8207.48 0.999993 0 0.999993
8264.93 0.999993 0 0.999993
8322.79 0.999993 0 0.999993
8381.04 0.999993 0 0.999993
8439.71 0.999993 0 0.999993
8498.79 0.999993 0 0.999993
8558.28 0.999993 0 0.999993
8618.19 0.999993 0 0.999993
8678.52 0.999994 0 0.999994
8739.27 0.999994 0 0.999994
8800.44 0.999994 0 0.999994
8862.04 0.999994 0 0.999994
8924.08 0.999994 0 0.999994
8986.55 0.999994 0 0.999994
9049.45 0.999994 0 0.999994
9112.8 0.999994 0 0.999994
9176.59 0.999994 0 0.999994
9240.83 0.999994 0 0.999994
9305.51 0.999994 0 0.999994
9370.65 0.999994 0 0.999994
9436.24 0.999995 0 0.999995
9502.3 0.999995 0 0.999995
9568.81 0.999995 0 0.999995
9635.8 0.999995 0 0.999995
9703.25 0.999995 0 0.999995
9771.17 0.999995 0 0.999995
9839.57 0.999995 0 0.999995
9908.44 0.999995 0 0.999995
9977.8 0.999995 0 0.999995
10047.6 0.999995 0 0.999995
10118 0.999995 0 0.999995
10188.8 0.999995 0 0.999995
10260.1 0.999995 0 0.999995
10331.9 0.999995 0 0.999995
10404.3 0.999996 0 0.999996
10477.1 0.999996 0 0.999996
10550.4 0.999996 0 0.999996
10624.3 0.999996 0 0.999996
10698.7 0.999996 0 0.999996
10773.6 0.999996 0 0.999996
10849 0.999996 0 0.999996
10924.9 0.999996 0 0.999996
11001.4 0.999996 0 0.999996
11078.4 0.999996 0 0.999996
11155.9 0.999996 0 0.999996
11234 0.999996 0 0.999996
11312.7 0.999996 0 0.999996
11391.9 0.999996 0 0.999996
11471.6 0.999996 0 0.999996
11551.9 0.999996 0 0.999996
11632.8 0.999996 0 0.999996
11714.2 0.999996 0 0.999996
11796.2 0.999997 0 0.999997
11878.8 0.999997 0 0.999997
11961.9 0.999997 0 0.999997
12045.7 0.999997 0 0.999997
12130 0.999997 0 0.999997
12214.9 0.999997 0 0.999997
12300.4 0.999997 0 0.999997
12386.5 0.999997 0 0.999997
12473.2 0.999997 0 0.999997
12560.5 0.999997 0 0.999997
12648.4 0.999997 0 0.999997
12737 0.999997 0 0.999997
12826.1 0.999997 0 0.999997
12915.9 0.999997 0 0.999997
13006.3 0.999997 0 0.999997
13097.4 0.999997 0 0.999997
13189.1 0.999997 0 0.999997
13281.4 0.999997 0 0.999997
13374.4 0.999997 0 0.999997
13468 0.999997 0 0.999997
13562.2 0.999997 0 0.999997
13657.2 0.999997 0 0.999997
13752.8 0.999997 0 0.999997
13849.1 0.999997 0 0.999997
13946 0.999998 0 0.999998
14043.6 0.999998 0 0.999998
14141.9 0.999998 0 0.999998
14240.9 0.999998 0 0.999998
14340.6 0.999998 0 0.999998
14441 0.999998 0 0.999998
14542.1 0.999998 0 0.999998
14643.9 0.999998 0 0.999998
14746.4 0.999998 0 0.999998
14849.6 0.999998 0 0.999998
14953.5 0.999998 0 0.999998
15058.2 0.999998 0 0.999998
15163.6 0.999998 0 0.999998
15269.8 0.999998 0 0.999998
15376.7 0.999998 0 0.999998
15484.3 0.999998 0 0.999998
15592.7 0.999998 0 0.999998
15701.8 0.999998 0 0.999998
15811.8 0.999998 0 0.999998
15922.4 0.999998 0 0.999998
16033.9 0.999998 0 0.999998
16146.1 0.999998 0 0.999998
16259.2 0.999998 0 0.999998
16373 0.999998 0 0.999998
16487.6 0.999998 0 0.999998
16603 0.999998 0 0.999998
16719.2 0.999998 0 0.999998
16836.2 0.999998 0 0.999998
16954.1 0.999998 0 0.999998
17072.8 0.999998 0 0.999998
17192.3 0.999998 0 0.999998
17312.6 0.999998 0 0.999998
17433.8 0.999998 0 0.999998
17555.9 0.999998 0 0.999998
17678.7 0.999998 0 0.999998
17802.5 0.999998 0 0.999998
17927.1 0.999999 0 0.999999
18052.6 0.999999 0 0.999999
18179 0.999999 0 0.999999
18306.2 0.999999 0 0.999999
18434.4 0.999999 0 0.999999
18563.4 0.999999 0 0.999999
18693.4 0.999999 0 0.999999
18824.2 0.999999 0 0.999999
18956 0.999999 0 0.999999
19088.7 0.999999 0 0.999999
19222.3 0.999999 0 0.999999
19356.8 0.999999 0 0.999999
19492.3 0.999999 0 0.999999
19628.8 0.999999 0 0.999999
19766.2 0.999999 0 0.999999
19904.6 0.999999 0 0.999999
20043.9 0.999999 0 0.999999
20184.2 0.999999 0 0.999999
20325.5 0.999999 0 0.999999
20467.8 0.999999 0 0.999999
20611 0.999999 0 0.999999
20755.3 0.999999 0 0.999999
20900.6 0.999999 0 0.999999
21046.9 0.999999 0 0.999999
21194.2 0.999999 0 0.999999
21342.6 0.999999 0 0.999999
21492 0.999999 0 0.999999
21642.4 0.999999 0 0.999999
21793.9 0.999999 0 0.999999
21946.5 0.999999 0 0.999999
22100.1 0.999999 0 0.999999
22254.8 0.999999 0 0.999999
22410.6 0.999999 0 0.999999
22567.5 0.999999 0 0.999999
22725.4 0.999999 0 0.999999
22884.5 0.999999 0 0.999999
23044.7 0.999999 0 0.999999
23206 0.999999 0 0.999999
23368.5 0.999999 0 0.999999
23532.1 0.999999 0 0.999999
23696.8 0.999999 0 0.999999
23862.7 0.999999 0 0.999999
24029.7 0.999999 0 0.999999
24197.9 0.999999 0 0.999999
24367.3 0.999999 0 0.999999
24537.9 0.999999 0 0.999999
24709.6 0.999999 0 0.999999
24882.6 0.999999 0 0.999999
25056.8 0.999999 0 0.999999
25232.2 0.999999 0 0.999999
25408.8 0.999999 0 0.999999
25586.7 0.999999 0 0.999999
25765.8 0.999999 0 0.999999
25946.1 0.999999 0 0.999999
26127.7 0.999999 0 0.999999
26310.6 0.999999 0 0.999999
26494.8 0.999999 0 0.999999
26680.3 0.999999 0 0.999999
26867 0.999999 0 0.999999
27055.1 0.999999 0 0.999999
27244.5 0.999999 0 0.999999
27435.2 0.999999 0 0.999999
27627.2 0.999999 0 0.999999
27820.6 0.999999 0 0.999999
28015.4 0.999999 0 0.999999
28211.5 0.999999 0 0.999999
28409 0.999999 0 0.999999
28607.8 0.999999 0 0.999999
28808.1 0.999999 0 0.999999
29009.7 0.999999 0 0.999999
29212.8 0.999999 0 0.999999
29417.3 0.999999 0 0.999999
29623.2 0.999999 0 0.999999
29830.6 0.999999 0 0.999999
30039.4 0.999999 0 0.999999
30249.7 0.999999 0 0.999999
30461.4 0.999999 0 0.999999
30674.7 1 0 1
30889.4 1 0 1
31105.6 1 0 1
31323.3 1 0 1
31542.6 1 0 1
31763.4 1 0 1
31985.7 1 0 1
32209.6 1 0 1
32435.1 1 0 1
32662.2 1 0 1
32890.8 1 0 1
33121 1 0 1
33352.9 1 0 1
33586.4 1 0 1
33821.5 1 0 1
34058.2 1 0 1
34296.6 1 0 1
34536.7 1 0 1
34778.4 1 0 1
35021.9 1 0 1
35267 1 0 1
35513.9 1 0 1
35762.5 1 0 1
36012.9 1 0 1
36264.9 1 0 1
36518.8 1 0 1
36774.4 1 0 1
37031.8 1 0 1
37291.1 1 0 1
37552.1 1 0 1
37815 1 0 1
38079.7 1 0 1
38346.2 1 0 1
38614.7 1 0 1
38885 1 0 1
39157.2 1 0 1
39431.3 1 0 1
39707.3 1 0 1
39985.2 1 0 1
40265.1 1 0 1
40547 1 0 1
40830.8 1 0 1
41116.6 1 0 1
41404.4 1 0 1
41694.3 1 0 1
41986.1 1 0 1
42280 1 0 1
42576 1 0 1
42874 1 0 1
43174.1 1 0 1
43476.4 1 0 1
43780.7 1 0 1
44087.2 1 0 1
44395.8 1 0 1
44706.5 1 0 1
45019.5 1 0 1
45334.6 1 0 1
45652 1 0 1
45971.5 1 0 1
46293.3 1 0 1
46617.4 1 0 1
46943.7 1 0 1
47272.3 1 0 1
47603.2 1 0 1
47936.4 1 0 1
48272 1 0 1
48609.9 1 0 1
48950.2 1 0 1
49292.8 1 0 1
49637.9 1 0 1
49985.3 1 0 1
50335.2 1 0 1
50687.6 1 0 1
51042.4 1 0 1
51399.7 1 0 1
51759.5 1 0 1
52121.8 1 0 1
52486.7 1 0 1
52854.1 1 0 1
53224 1 0 1
53596.6 1 0 1
53971.8 1 0 1
54349.6 1 0 1
54730 1 0 1
55113.1 1 0 1
55498.9 1 0 1
55887.4 1 0 1
56278.6 1 0 1
56672.6 1 0 1
57069.3 1 0 1
57468.8 1 0 1
57871.1 1 0 1
58276.2 1 0 1
58684.1 1 0 1
59094.9 1 0 1
59508.6 1 0 1
59925.1 1 0 1
60344.6 1 0 1
60767 1 0 1
61192.4 1 0 1
61620.7 1 0 1
62052.1 1 0 1
62486.4 1 0 1
62923.8 1 0 1
63364.3 1 0 1
63807.8 1 0 1
64254.5 1 0 1
64704.3 1 0 1
65157.2 1 0 1
65613.3 1 0 1
66072.6 1 0 1
66535.1 1 0 1
67000.9 1 0 1
67469.9 1 0 1
67942.2 1 0 1
68417.8 1 0 1
68896.7 1 0 1
69379 1 0 1
69864.6 1 0 1
70353.7 1 0 1
70846.1 1 0 1
71342.1 1 0 1
71841.5 1 0 1
72344.3 1 0 1
72850.8 1 0 1
73360.7 1 0 1
73874.2 1 0 1
74391.4 1 0 1
74912.1 1 0 1
75436.5 1 0 1
75964.5 1 0 1
76496.3 1 0 1
77031.8 1 0 1
77571 1 0 1
78114 1 0 1
78660.8 1 0 1
79211.4 1 0 1
79765.9 1 0 1
80324.2 1 0 1
80886.5 1 0 1
81452.7 1 0 1
82022.9 1 0 1
82597 1 0 1
83175.2 1 0 1
83757.5 1 0 1
84343.8 1 0 1
84934.2 1 0 1
85528.7 1 0 1
86127.4 1 0 1
86730.3 1 0 1
87337.4 1 0 1
87948.8 1 0 1
88564.4 1 0 1
89184.4 1 0 1
89808.6 1 0 1
90437.3 1 0 1
91070.4 1 0 1
91707.9 1 0 1
92349.8 1 0 1
92996.3 1 0 1
93647.2 1 0 1
94302.8 1 0 1
94962.9 1 0 1
95627.6 1 0 1
96297 1 0 1
96971.1 1 0 1
97649.9 1 0 1
98333.4 1 0 1
99021.8 1 0 1
99714.9 1 0 1
100413 1 0 1
101116 1 0 1
101824 1 0 1
102536 1 0 1
103254 1 0 1
103977 1 0 1
104705 1 0 1
105438 1 0 1
106176 1 0 1
106919 1 0 1
107667 1 0 1
108421 1 0 1
109180 1 0 1
109944 1 0 1
110714 1 0 1
111489 1 0 1
112269 1 0 1
113055 1 0 1
113847 1 0 1
114644 1 0 1
115446 1 0 1
116254 1 0 1
117068 1 0 1
117887 1 0 1
118713 1 0 1
119544 1 0 1
120380 1 0 1
121223 1 0 1
122072 1 0 1
122926 1 0 1
123787 1 0 1
124653 1 0 1
125526 1 0 1
126404 1 0 1
127289 1 0 1
128180 1 0 1
129078 1 0 1
129981 1 0 1
130891 1 0 1
131807 1 0 1
132730 1 0 1
133659 1 0 1
134595 1 0 1
135537 1 0 1
136485 1 0 1
137441 1 0 1
138403 1 0 1
139372 1 0 1
140347 1 0 1
141330 1 0 1
142319 1 0 1
143315 1 0 1
144319 1 0 1
145329 1 0 1
146346 1 0 1
147371 1 0 1
148402 1 0 1
149441 1 0 1
150487 1 0 1
151540 1 0 1
152601 1 0 1
153669 1 0 1
154745 1 0 1
155828 1 0 1
156919 1 0 1
158018 1 0 1
159124 1 0 1
160238 1 0 1
161359 1 0 1
162489 1 0 1
163626 1 0 1
164772 1 0 1
165925 1 0 1
167086 1 0 1
168256 1 0 1
169434 1 0 1
170620 1 0 1
171814 1 0 1
173017 1 0 1
174228 1 0 1
175448 1 0 1
176676 1 0 1
177912 1 0 1
179158 1 0 1
180412 1 0 1
181675 1 0 1
182947 1 0 1
184227 1 0 1
185517 1 0 1
186815 1 0 1
188123 1 0 1
189440 1 0 1
190766 1 0 1
192101 1 0 1
193446 1 0 1
194800 1 0 1
196164 1 0 1
197537 1 0 1
198920 1 0 1
200312 1 0 1
201714 1 0 1
203126 1 0 1
204548 1 0 1
205980 1 0 1
207422 1 0 1
208874 1 0 1
210336 1 0 1
211808 1 0 1
213291 1 0 1
214784 1 0 1
216288 1 0 1
217802 1 0 1
219326 1 0 1
220861 1 0 1
222407 1 0 1
223964 1 0 1
225532 1 0 1
227111 1 0 1
228701 1 0 1
230301 1 0 1
231914 1 0 1
233537 1 0 1
235172 1 0 1
236818 1 0 1
238476 1 0 1
240145 1 0 1
241826 1 0 1
243519 1 0 1
245223 1 0 1
246940 1 0 1
248669 1 0 1
250409 1 0 1
252162 1 0 1
253927 1 0 1
255705 1 0 1
257495 1 0 1
259297 1 0 1
261112 1 0 1
262940 1 0 1
264781 1 0 1
266634 1 0 1
268500 1 0 1
270380 1 0 1
272273 1 0 1
274179 1 0 1
276098 1 0 1
278030 1 0 1
279977 1 0 1
281937 1 0 1
283910 1 0 1
285897 1 0 1
287899 1 0 1
289914 1 0 1
291943 1 0 1
293987 1 0 1
296045 1 0 1
298117 1 0 1
300204 1 0 1
302305 1 0 1
304422 1 0 1
306553 1 0 1
308698 1 0 1
310859 1 0 1
313035 1 0 1
315227 1 0 1
317433 1 0 1
319655 1 0 1
321893 1 0 1
324146 1 0 1
326415 1 0 1
328700 1 0 1
331001 1 0 1
333318 1 0 1
335651 1 0 1
338001 1 0 1
340367 1 0 1
342749 1 0 1
345148 1 0 1
347565 1 0 1
349997 1 0 1
352447 1 0 1
354915 1 0 1
357399 1 0 1
359901 1 0 1
362420 1 0 1
364957 1 0 1
367512 1 0 1
370084 1 0 1
372675 1 0 1
375284 1 0 1
377911 1 0 1
380556 1 0 1
383220 1 0 1
385902 1 0 1
388604 1 0 1
391324 1 0 1
394063 1 0 1
396822 1 0 1
399599 1 0 1
402397 1 0 1
405213 1 0 1
408050 1 0 1
410906 1 0 1
413783 1 0 1
416679 1 0 1
419596 1 0 1
422533 1 0 1
425491 1 0 1
428469 1 0 1
431468 1 0 1
434489 1 0 1
437530 1 0 1
440593 1 0 1
443677 1 0 1
446783 1 0 1
449910 1 0 1
453060 1 0 1
456231 1 0 1
459425 1 0 1
462641 1 0 1
465879 1 0 1
469140 1 0 1
472424 1 0 1
475731 1 0 1
479061 1 0 1
482415 1 0 1
485792 1 0 1
489192 1 0 1
492617 1 0 1
496065 1 0 1
499537 1 0 1
503034 1 0 1
506555 1 0 1
510101 1 0 1
513672 1 0 1
517268 1 0 1
520888 1 0 1
524535 1 0 1
528206 1 0 1
531904 1 0 1
535627 1 0 1
539377 1 0 1
543152 1 0 1
546954 1 0 1
550783 1 0 1
554638 1 0 1
558521 1 0 1
562431 1 0 1
566368 1 0 1
570332 1 0 1
574324 1 0 1
578345 1 0 1
582393 1 0 1
586470 1 0 1
590575 1 0 1
594709 1 0 1
598872 1 0 1
603064 1 0 1
607286 1 0 1
611537 1 0 1
615818 1 0 1
620128 1 0 1
624469 1 0 1
628840 1 0 1
633242 1 0 1
637675 1 0 1
642139 1 0 1
646634 1 0 1
651160 1 0 1
655718 1 0 1
660308 1 0 1
664930 1 0 1
669585 1 0 1
674272 1 0 1
678992 1 0 1
683745 1 0 1
688531 1 0 1
693351 1 0 1
698204 1 0 1
703092 1 0 1
708013 1 0 1
712969 1 0 1
717960 1 0 1
722986 1 0 1
728047 1 0 1
733143 1 0 1
738275 1 0 1
743443 1 0 1
748647 1 0 1
753888 1 0 1
759165 1 0 1
764479 1 0 1
769830 1 0 1
775219 1 0 1
780646 1 0 1
786110 1 0 1
791613 1 0 1
797154 1 0 1
802734 1 0 1
808354 1 0 1
814012 1 0 1
819710 1 0 1
825448 1 0 1
831226 1 0 1
837045 1 0 1
842904 1 0 1
848805 1 0 1
854746 1 0 1
860729 1 0 1
866754 1 0 1
872822 1 0 1
878932 1 0 1
885084 1 0 1
891280 1 0 1
897519 1 0 1
903801 1 0 1
910128 1 0 1
916499 1 0 1
922914 1 0 1
929375 1 0 1
935880 1 0 1
942431 1 0 1
949028 1 0 1
955672 1 0 1
962361 1 0 1
969098 1 0 1
975882 1 0 1
982713 1 0 1
989592 1 0 1
996519 1 0 1
1.00349e+06 1 0 1
1.01052e+06 1 0 1
1.01759e+06 1 0 1
1.02472e+06 1 0 1
1.03189e+06 1 0 1
1.03911e+06 1 0 1
1.04639e+06 1 0 1
1.05371e+06 1 0 1
1.06109e+06 1 0 1
1.06851e+06 1 0 1
1.07599e+06 1 0 1
1.08353e+06 1 0 1
1.09111e+06 1 0 1
1.09875e+06 1 0 1
1.10644e+06 1 0 1
1.11418e+06 1 0 1
1.12198e+06 1 0 1
1.12984e+06 1 0 1
1.13775e+06 1 0 1
1.14571e+06 1 0 1
1.15373e+06 1 0 1
1.16181e+06 1 0 1
1.16994e+06 1 0 1
1.17813e+06 1 0 1
1.18638e+06 1 0 1
1.19468e+06 1 0 1
1.20304e+06 1 0 1
1.21146e+06 1 0 1
1.21994e+06 1 0 1
1.22848e+06 1 0 1
1.23708e+06 1 0 1
1.24574e+06 1 0 1
1.25446e+06 1 0 1
1.26324e+06 1 0 1
1.27209e+06 1 0 1
1.28099e+06 1 0 1
1.28996e+06 1 0 1
1.29899e+06 1 0 1
1.30808e+06 1 0 1
1.31724e+06 1 0 1
1.32646e+06 1 0 1
1.33574e+06 1 0 1
1.34509e+06 1 0 1
1.35451e+06 1 0 1
1.36399e+06 1 0 1
1.37354e+06 1 0 1
1.38315e+06 1 0 1
1.39284e+06 1 0 1
1.40259e+06 1 0 1
1.4124e+06 1 0 1
1.42229e+06 1 0 1
1.43225e+06 1 0 1
1.44227e+06 1 0 1
1.45237e+06 1 0 1
1.46254e+06 1 0 1
1.47277e+06 1 0 1
1.48308e+06 1 0 1
1.49346e+06 1 0 1
1.50392e+06 1 0 1
1.51445e+06 1 0 1
1.52505e+06 1 0 1
1.53572e+06 1 0 1
1.54647e+06 1 0 1
1.5573e+06 1 0 1
1.5682e+06 1 0 1
1.57918e+06 1 0 1
1.59023e+06 1 0 1
1.60136e+06 1 0 1
1.61257e+06 1 0 1
1.62386e+06 1 0 1
1.63523e+06 1 0 1
1.64667e+06 1 0 1
1.6582e+06 1 0 1
1.66981e+06 1 0 1
1.6815e+06 1 0 1
1.69327e+06 1 0 1
1.70512e+06 1 0 1
1.71705e+06 1 0 1
1.72907e+06 1 0 1
1.74118e+06 1 0 1
1.75337e+06 1 0 1
1.76564e+06 1 0 1
1.778e+06 1 0 1
1.79045e+06 1 0 1
1.80298e+06 1 0 1
1.8156e+06 1 0 1
1.82831e+06 1 0 1
1.84111e+06 1 0 1
1.85399e+06 1 0 1
1.86697e+06 1 0 1
1.88004e+06 1 0 1
1.8932e+06 1 0 1
1.90645e+06 1 0 1
1.9198e+06 1 0 1
1.93324e+06 1 0 1
1.94677e+06 1 0 1
1.9604e+06 1 0 1
1.97412e+06 1 0 1
1.98794e+06 1 0 1
2.00185e+06 1 0 1
2.01587e+06 1 0 1
2.02998e+06 1 0 1
2.04419e+06 1 0 1
2.0585e+06 1 0 1
2.07291e+06 1 0 1
2.08742e+06 1 0 1
2.10203e+06 1 0 1
2.11674e+06 1 0 1
2.13156e+06 1 0 1
2.14648e+06 1 0 1
2.16151e+06 1 0 1
2.17664e+06 1 0 1
2.19187e+06 1 0 1
2.20722e+06 1 0 1
2.22267e+06 1 0 1
2.23823e+06 1 0 1
2.25389e+06 1 0 1
2.26967e+06 1 0 1
2.28556e+06 1 0 1
2.30156e+06 1 0 1
2.31767e+06 1 0 1
2.33389e+06 1 0 1
2.35023e+06 1 0 1
2.36668e+06 1 0 1
2.38325e+06 1 0 1
2.39993e+06 1 0 1
2.41673e+06 1 0 1
2.43365e+06 1 0 1
2.45068e+06 1 0 1
2.46784e+06 1 0 1
2.48511e+06 1 0 1
2.50251e+06 1 0 1
2.52003e+06 1 0 1
2.53767e+06 1 0 1
2.55543e+06 1 0 1
2.57332e+06 1 0 1
2.59133e+06 1 0 1
2.60947e+06 1 0 1
2.62774e+06 1 0 1
2.64613e+06 1 0 1
2.66465e+06 1 0 1
2.68331e+06 1 0 1
2.70209e+06 1 0 1
2.721e+06 1 0 1
2.74005e+06 1 0 1
2.75923e+06 1 0 1
2.77855e+06 1 0 1
2.798e+06 1 0 1
2.81758e+06 1 0 1
2.83731e+06 1 0 1
2.85717e+06 1 0 1
2.87717e+06 1 0 1
2.89731e+06 1 0 1
2.91759e+06 1 0 1
2.93801e+06 1 0 1
2.95858e+06 1 0 1
2.97929e+06 1 0 1
3.00014e+06 1 0 1
3.02114e+06 1 0 1
3.04229e+06 1 0 1
3.06359e+06 1 0 1
3.08503e+06 1 0 1
3.10663e+06 1 0 1
3.12837e+06 1 0 1
3.15027e+06 1 0 1
3.17232e+06 1 0 1
3.19453e+06 1 0 1
3.21689e+06 1 0 1
3.23941e+06 1 0 1
3.26209e+06 1 0 1
3.28492e+06 1 0 1
3.30792e+06 1 0 1
3.33107e+06 1 0 1
3.35439e+06 1 0 1
3.37787e+06 1 0 1
3.40151e+06 1 0 1
3.42533e+06 1 0 1
3.4493e+06 1 0 1
3.47345e+06 1 0 1
3.49776e+06 1 0 1
3.52225e+06 1 0 1
3.5469e+06 1 0 1
3.57173e+06 1 0 1
3.59673e+06 1 0 1
3.62191e+06 1 0 1
3.64726e+06 1 0 1
3.67279e+06 1 0 1
3.6985e+06 1 0 1
3.72439e+06 1 0 1
3.75046e+06 1 0 1
3.77672e+06 1 0 1
3.80315e+06 1 0 1
3.82978e+06 1 0 1
3.85658e+06 1 0 1
3.88358e+06 1 0 1
3.91077e+06 1 0 1
3.93814e+06 1 0 1
3.96571e+06 1 0 1
3.99347e+06 1 0 1
4.02142e+06 1 0 1
4.04957e+06 1 0 1
4.07792e+06 1 0 1
4.10646e+06 1 0 1
4.13521e+06 1 0 1
4.16416e+06 1 0 1
4.1933e+06 1 0 1
4.22266e+06 1 0 1
4.25222e+06 1 0 1
4.28198e+06 1 0 1
4.31196e+06 1 0 1
4.34214e+06 1 0 1
4.37253e+06 1 0 1
4.40314e+06 1 0 1
4.43396e+06 1 0 1
4.465e+06 1 0 1
4.49626e+06 1 0 1
4.52773e+06 1 0 1
4.55943e+06 1 0 1
4.59134e+06 1 0 1
4.62348e+06 1 0 1
4.65584e+06 1 0 1
4.68844e+06 1 0 1
4.72125e+06 1 0 1
4.7543e+06 1 0 1
4.78758e+06 1 0 1
4.8211e+06 1 0 1
4.85484e+06 1 0 1
4.88883e+06 1 0 1
4.92305e+06 1 0 1
4.95751e+06 1 0 1
4.99221e+06 1 0 1
5.02716e+06 1 0 1
5.06235e+06 1 0 1
5.09779e+06 1 0 1
5.13347e+06 1 0 1
5.1694e+06 1 0 1
5.20559e+06 1 0 1
5.24203e+06 1 0 1
5.27872e+06 1 0 1
5.31568e+06 1 0 1
5.35288e+06 1 0 1
5.39036e+06 1 0 1
5.42809e+06 1 0 1
5.46608e+06 1 0 1
5.50435e+06 1 0 1
5.54288e+06 1 0 1
5.58168e+06 1 0 1
5.62075e+06 1 0 1
5.66009e+06 1 0 1
5.69971e+06 1 0 1
5.73961e+06 1 0 1
5.77979e+06 1 0 1
5.82025e+06 1 0 1
5.86099e+06 1 0 1
5.90202e+06 1 0 1
5.94333e+06 1 0 1
5.98493e+06 1 0 1
6.02683e+06 1 0 1
6.06902e+06 1 0 1
6.1115e+06 1 0 1
6.15428e+06 1 0 1
6.19736e+06 1 0 1
6.24074e+06 1 0 1
6.28443e+06 1 0 1
6.32842e+06 1 0 1
6.37272e+06 1 0 1
6.41733e+06 1 0 1
6.46225e+06 1 0 1
6.50748e+06 1 0 1
6.55304e+06 1 0 1
6.59891e+06 1 0 1
6.6451e+06 1 0 1
6.69162e+06 1 0 1
6.73846e+06 1 0 1
6.78563e+06 1 0 1
6.83313e+06 1 0 1
6.88096e+06 1 0 1
6.92912e+06 1 0 1
6.97763e+06 1 0 1
7.02647e+06 1 0 1
7.07566e+06 1 0 1
7.12519e+06 1 0 1
7.17506e+06 1 0 1
7.22529e+06 1 0 1
7.27586e+06 1 0 1
7.3268e+06 1 0 1
7.37808e+06 1 0 1
7.42973e+06 1 0 1
7.48174e+06 1 0 1
7.53411e+06 1 0 1
7.58685e+06 1 0 1
7.63996e+06 1 0 1
7.69344e+06 1 0 1
7.74729e+06 1 0 1
7.80152e+06 1 0 1
7.85613e+06 1 0 1
7.91113e+06 1 0 1
7.9665e+06 1 0 1
8.02227e+06 1 0 1
8.07842e+06 1 0 1
8.13497e+06 1 0 1
8.19192e+06 1 0 1
8.24926e+06 1 0 1
8.30701e+06 1 0 1
8.36516e+06 1 0 1
8.42371e+06 1 0 1
8.48268e+06 1 0 1
8.54206e+06 1 0 1
8.60185e+06 1 0 1
8.66206e+06 1 0 1
8.7227e+06 1 0 1
8.78376e+06 1 0 1
8.84524e+06 1 0 1
8.90716e+06 1 0 1
8.96951e+06 1 0 1
9.0323e+06 1 0 1
9.09552e+06 1 0 1
9.15919e+06 1 0 1
9.22331e+06 1 0 1
9.28787e+06 1 0 1
9.35288e+06 1 0 1
9.41835e+06 1 0 1
9.48428e+06 1 0 1
9.55067e+06 1 0 1
9.61753e+06 1 0 1
9.68485e+06 1 0 1
9.75264e+06 1 0 1
9.82091e+06 1 0 1
9.88966e+06 1 0 1
9.95889e+06 1 0 1
1.00286e+07 1 0 1
1.00988e+07 1 0 1
1.01695e+07 1 0 1
1.02407e+07 1 0 1
1.03124e+07 1 0 1
1.03845e+07 1 0 1
1.04572e+07 1 0 1
1.05304e+07 1 0 1
1.06042e+07 1 0 1
1.06784e+07 1 0 1
1.07531e+07 1 0 1
1.08284e+07 1 0 1
1.09042e+07 1 0 1
1.09805e+07 1 0 1
1.10574e+07 1 0 1
1.11348e+07 1 0 1
1.12127e+07 1 0 1
1.12912e+07 1 0 1
1.13703e+07 1 0 1
1.14499e+07 1 0 1
1.153e+07 1 0 1
1.16107e+07 1 0 1
1.1692e+07 1 0 1
1.17738e+07 1 0 1
1.18563e+07 1 0 1
1.19392e+07 1 0 1
1.20228e+07 1 0 1
1.2107e+07 1 0 1
1.21917e+07 1 0 1
1.22771e+07 1 0 1
1.2363e+07 1 0 1
1.24496e+07 1 0 1
1.25367e+07 1 0 1
1.26245e+07 1 0 1
1.27128e+07 1 0 1
1.28018e+07 1 0 1
1.28914e+07 1 0 1
1.29817e+07 1 0 1
1.30725e+07 1 0 1
1.31641e+07 1 0 1
1.32562e+07 1 0 1
1.3349e+07 1 0 1
1.34424e+07 1 0 1
1.35365e+07 1 0 1
1.36313e+07 1 0 1
1.37267e+07 1 0 1
1.38228e+07 1 0 1
1.39196e+07 1 0 1
1.4017e+07 1 0 1
1.41151e+07 1 0 1
1.42139e+07 1 0 1
1.43134e+07 1 0 1
1.44136e+07 1 0 1
1.45145e+07 1 0 1
1.46161e+07 1 0 1
1.47184e+07 1 0 1
1.48214e+07 1 0 1
1.49252e+07 1 0 1
1.50297e+07 1 0 1
1.51349e+07 1 0 1
1.52408e+07 1 0 1
1.53475e+07 1 0 1
1.54549e+07 1 0 1
1.55631e+07 1 0 1
1.56721e+07 1 0 1
1.57818e+07 1 0 1
1.58922e+07 1 0 1
1.60035e+07 1 0 1
1.61155e+07 1 0 1
1.62283e+07 1 0 1
1.63419e+07 1 0 1
1.64563e+07 1 0 1
1.65715e+07 1 0 1
1.66875e+07 1 0 1
1.68043e+07 1 0 1
1.6922e+07 1 0 1
1.70404e+07 1 0 1
1.71597e+07 1 0 1
1.72798e+07 1 0 1
1.74008e+07 1 0 1
1.75226e+07 1 0 1
1.76452e+07 1 0 1
1.77687e+07 1 0 1
1.78931e+07 1 0 1
1.80184e+07 1 0 1
1.81445e+07 1 0 1
1.82715e+07 1 0 1
1.83994e+07 1 0 1
1.85282e+07 1 0 1
1.86579e+07 1 0 1
1.87885e+07 1 0 1
1.892e+07 1 0 1
1.90525e+07 1 0 1
1.91858e+07 1 0 1
1.93201e+07 1 0 1
1.94554e+07 1 0 1
1.95916e+07 1 0 1
1.97287e+07 1 0 1
1.98668e+07 1 0 1
2.00059e+07 1 0 1
2.01459e+07 1 0 1
2.0287e+07 1 0 1
2.0429e+07 1 0 1
2.0572e+07 1 0 1
2.0716e+07 1 0 1
2.0861e+07 1 0 1
2.1007e+07 1 0 1
2.11541e+07 1 0 1
2.13021e+07 1 0 1
2.14512e+07 1 0 1
2.16014e+07 1 0 1
2.17526e+07 1 0 1
2.19049e+07 1 0 1
2.20582e+07 1 0 1
2.22126e+07 1 0 1
2.23681e+07 1 0 1
2.25247e+07 1 0 1
2.26824e+07 1 0 1
2.28411e+07 1 0 1
2.3001e+07 1 0 1
2.3162e+07 1 0 1
2.33242e+07 1 0 1
2.34874e+07 1 0 1
2.36519e+07 1 0 1
2.38174e+07 1 0 1
2.39841e+07 1 0 1
2.4152e+07 1 0 1
2.43211e+07 1 0 1
2.44913e+07 1 0 1
2.46628e+07 1 0 1
2.48354e+07 1 0 1
2.50093e+07 1 0 1
2.51843e+07 1 0 1
2.53606e+07 1 0 1
2.55381e+07 1 0 1
2.57169e+07 1 0 1
2.58969e+07 1 0 1
2.60782e+07 1 0 1
2.62608e+07 1 0 1
2.64446e+07 1 0 1
2.66297e+07 1 0 1
2.68161e+07 1 0 1
2.70038e+07 1 0 1
2.71928e+07 1 0 1
2.73832e+07 1 0 1
2.75749e+07 1 0 1
2.77679e+07 1 0 1
2.79623e+07 1 0 1
2.8158e+07 1 0 1
2.83551e+07 1 0 1
2.85536e+07 1 0 1
2.87535e+07 1 0 1
2.89547e+07 1 0 1
2.91574e+07 1 0 1
2.93615e+07 1 0 1
2.95671e+07 1 0 1
2.9774e+07 1 0 1
2.99825e+07 1 0 1
3.01923e+07 1 0 1
3.04037e+07 1 0 1
3.06165e+07 1 0 1
3.08308e+07 1 0 1
3.10466e+07 1 0 1
3.1264e+07 1 0 1
3.14828e+07 1 0 1
3.17032e+07 1 0 1
3.19251e+07 1 0 1
3.21486e+07 1 0 1
3.23736e+07 1 0 1
3.26002e+07 1 0 1
3.28284e+07 1 0 1
3.30582e+07 1 0 1
3.32896e+07 1 0 1
3.35227e+07 1 0 1
3.37573e+07 1 0 1
3.39936e+07 1 0 1
3.42316e+07 1 0 1
3.44712e+07 1 0 1
3.47125e+07 1 0 1
3.49555e+07 1 0 1
3.52002e+07 1 0 1
3.54466e+07 1 0 1
3.56947e+07 1 0 1
3.59446e+07 1 0 1
3.61962e+07 1 0 1
3.64496e+07 1 0 1
3.67047e+07 1 0 1
3.69616e+07 1 0 1
3.72204e+07 1 0 1
3.74809e+07 1 0 1
3.77433e+07 1 0 1
3.80075e+07 1 0 1
3.82735e+07 1 0 1
3.85415e+07 1 0 1
3.88112e+07 1 0 1
3.90829e+07 1 0 1
3.93565e+07 1 0 1
3.9632e+07 1 0 1
3.99094e+07 1 0 1
4.01888e+07 1 0 1
4.04701e+07 1 0 1
4.07534e+07 1 0 1
4.10387e+07 1 0 1
4.13259e+07 1 0 1
4.16152e+07 1 0 1
4.19065e+07 1 0 1
4.21999e+07 1 0 1
4.24953e+07 1 0 1
4.27927e+07 1 0 1
4.30923e+07 1 0 1
4.33939e+07 1 0 1
4.36977e+07 1 0 1
4.40036e+07 1 0 1
4.43116e+07 1 0 1
4.46218e+07 1 0 1
4.49341e+07 1 0 1
4.52487e+07 1 0 1
4.55654e+07 1 0 1
4.58844e+07 1 0 1
4.62056e+07 1 0 1
4.6529e+07 1 0 1
4.68547e+07 1 0 1
4.71827e+07 1 0 1
4.7513e+07 1 0 1
4.78456e+07 1 0 1
4.81805e+07 1 0 1
4.85177e+07 1 0 1
4.88574e+07 1 0 1
4.91994e+07 1 0 1
4.95438e+07 1 0 1
4.98906e+07 1 0 1
5.02398e+07 1 0 1
5.05915e+07 1 0 1
5.09456e+07 1 0 1
5.13022e+07 1 0 1
5.16614e+07 1 0 1
5.2023e+07 1 0 1
5.23872e+07 1 0 1
5.27539e+07 1 0 1
5.31231e+07 1 0 1
5.3495e+07 1 0 1
5.38695e+07 1 0 1
5.42466e+07 1 0 1
5.46263e+07 1 0 1
5.50087e+07 1 0 1
5.53937e+07 1 0 1
5.57815e+07 1 0 1
5.61719e+07 1 0 1
5.65652e+07 1 0 1
5.69611e+07 1 0 1
5.73598e+07 1 0 1
5.77614e+07 1 0 1
5.81657e+07 1 0 1
5.85728e+07 1 0 1
5.89829e+07 1 0 1
5.93957e+07 1 0 1
5.98115e+07 1 0 1
6.02302e+07 1 0 1
6.06518e+07 1 0 1
6.10764e+07 1 0 1
6.15039e+07 1 0 1
6.19344e+07 1 0 1
6.2368e+07 1 0 1
6.28045e+07 1 0 1
6.32442e+07 1 0 1
6.36869e+07 1 0 1
6.41327e+07 1 0 1
6.45816e+07 1 0 1
6.50337e+07 1 0 1
6.54889e+07 1 0 1
6.59473e+07 1 0 1
6.6409e+07 1 0 1
6.68738e+07 1 0 1
6.7342e+07 1 0 1
6.78133e+07 1 0 1
6.8288e+07 1 0 1
6.87661e+07 1 0 1
6.92474e+07 1 0 1
6.97322e+07 1 0 1
7.02203e+07 1 0 1
7.07118e+07 1 0 1
7.12068e+07 1 0 1
7.17052e+07 1 0 1
7.22072e+07 1 0 1
7.27126e+07 1 0 1
7.32216e+07 1 0 1
7.37342e+07 1 0 1
7.42503e+07 1 0 1
7.47701e+07 1 0 1
7.52935e+07 1 0 1
7.58205e+07 1 0 1
7.63513e+07 1 0 1
7.68857e+07 1 0 1
7.74239e+07 1 0 1
7.79659e+07 1 0 1
7.85116e+07 1 0 1
7.90612e+07 1 0 1
7.96147e+07 1 0 1
8.0172e+07 1 0 1
8.07332e+07 1 0 1
8.12983e+07 1 0 1
8.18674e+07 1 0 1
8.24405e+07 1 0 1
8.30175e+07 1 0 1
8.35987e+07 1 0 1
8.41838e+07 1 0 1
8.47731e+07 1 0 1
8.53665e+07 1 0 1
8.59641e+07 1 0 1
8.65659e+07 1 0 1
8.71718e+07 1 0 1
8.7782e+07 1 0 1
8.83965e+07 1 0 1
8.90153e+07 1 0 1
8.96384e+07 1 0 1
9.02659e+07 1 0 1
9.08977e+07 1 0 1
9.1534e+07 1 0 1
9.21747e+07 1 0 1
9.282e+07 1 0 1
9.34697e+07 1 0 1
9.4124e+07 1 0 1
9.47829e+07 1 0 1
9.54463e+07 1 0 1
9.61145e+07 1 0 1
9.67873e+07 1 0 1
9.74648e+07 1 0 1
9.8147e+07 1 0 1
9.88341e+07 1 0 1
9.95259e+07 1 0 1
1.00223e+08 1 0 1
1.00924e+08 1 0 1
1.01631e+08 1 0 1
1.02342e+08 1 0 1
1.03058e+08 1 0 1
1.0378e+08 1 0 1
1.04506e+08 1 0 1
1.05238e+08 1 0 1
1.05974e+08 1 0 1
1.06716e+08 1 0 1
1.07463e+08 1 0 1
1.08216e+08 1 0 1
1.08973e+08 1 0 1
1.09736e+08 1 0 1
1.10504e+08 1 0 1
1.11278e+08 1 0 1
1.12057e+08 1 0 1
1.12841e+08 1 0 1
1.13631e+08 1 0 1
1.14426e+08 1 0 1
1.15227e+08 1 0 1
1.16034e+08 1 0 1
1.16846e+08 1 0 1
1.17664e+08 1 0 1
1.18488e+08 1 0 1
1.19317e+08 1 0 1
1.20152e+08 1 0 1
1.20993e+08 1 0 1
1.2184e+08 1 0 1
1.22693e+08 1 0 1
1.23552e+08 1 0 1
1.24417e+08 1 0 1
1.25288e+08 1 0 1
1.26165e+08 1 0 1
1.27048e+08 1 0 1
1.27937e+08 1 0 1
1.28833e+08 1 0 1
1.29735e+08 1 0 1
1.30643e+08 1 0 1
1.31557e+08 1 0 1
1.32478e+08 1 0 1
1.33406e+08 1 0 1
1.34339e+08 1 0 1
1.3528e+08 1 0 1
1.36227e+08 1 0 1
1.3718e+08 1 0 1
1.38141e+08 1 0 1
1.39108e+08 1 0 1
1.40081e+08 1 0 1
1.41062e+08 1 0 1
1.42049e+08 1 0 1
1.43044e+08 1 0 1
1.44045e+08 1 0 1
1.45053e+08 1 0 1
1.46069e+08 1 0 1
1.47091e+08 1 0 1
1.48121e+08 1 0 1
1.49158e+08 1 0 1
1.50202e+08 1 0 1
1.51253e+08 1 0 1
1.52312e+08 1 0 1
1.53378e+08 1 0 1
1.54452e+08 1 0 1
1.55533e+08 1 0 1
1.56622e+08 1 0 1
1.57718e+08 1 0 1
1.58822e+08 1 0 1
1.59934e+08 1 0 1
1.61053e+08 1 0 1
1.62181e+08 1 0 1
1.63316e+08 1 0 1
1.64459e+08 1 0 1
1.6561e+08 1 0 1
1.6677e+08 1 0 1
1.67937e+08 1 0 1
1.69113e+08 1 0 1
1.70296e+08 1 0 1
1.71488e+08 1 0 1
1.72689e+08 1 0 1
1.73898e+08 1 0 1
1.75115e+08 1 0 1
1.76341e+08 1 0 1
1.77575e+08 1 0 1
1.78818e+08 1 0 1
1.8007e+08 1 0 1
1.8133e+08 1 0 1
1.826e+08 1 0 1
1.83878e+08 1 0 1
1.85165e+08 1 0 1
1.86461e+08 1 0 1
1.87766e+08 1 0 1
1.89081e+08 1 0 1
1.90404e+08 1 0 1
1.91737e+08 1 0 1
1.93079e+08 1 0 1
1.94431e+08 1 0 1
1.95792e+08 1 0 1
1.97162e+08 1 0 1
1.98543e+08 1 0 1
1.99932e+08 1 0 1
2.01332e+08 1 0 1
2.02741e+08 1 0 1
2.0416e+08 1 0 1
2.0559e+08 1 0 1
2.07029e+08 1 0 1
2.08478e+08 1 0 1
2.09937e+08 1 0 1
2.11407e+08 1 0 1
2.12887e+08 1 0 1
2.14377e+08 1 0 1
2.15877e+08 1 0 1
2.17389e+08 1 0 1
2.1891e+08 1 0 1
2.20443e+08 1 0 1
2.21986e+08 1 0 1
2.2354e+08 1 0 1
2.25104e+08 1 0 1
2.2668e+08 1 0 1
2.28267e+08 1 0 1
2.29865e+08 1 0 1
2.31474e+08 1 0 1
2.33094e+08 1 0 1
2.34726e+08 1 0 1
2.36369e+08 1 0 1
2.38024e+08 1 0 1
2.3969e+08 1 0 1
2.41368e+08 1 0 1
2.43057e+08 1 0 1
2.44758e+08 1 0 1
2.46472e+08 1 0 1
2.48197e+08 1 0 1
2.49934e+08 1 0 1
2.51684e+08 1 0 1
2.53446e+08 1 0 1
2.5522e+08 1 0 1
2.57006e+08 1 0 1
2.58806e+08 1 0 1
2.60617e+08 1 0 1
2.62441e+08 1 0 1
2.64279e+08 1 0 1
2.66129e+08 1 0 1
2.67991e+08 1 0 1
2.69867e+08 1 0 1
2.71756e+08 1 0 1
2.73659e+08 1 0 1
2.75574e+08 1 0 1
2.77503e+08 1 0 1
2.79446e+08 1 0 1
2.81402e+08 1 0 1
2.83372e+08 1 0 1
2.85355e+08 1 0 1
2.87353e+08 1 0 1
2.89364e+08 1 0 1
2.9139e+08 1 0 1
2.9343e+08 1 0 1
2.95484e+08 1 0 1
2.97552e+08 1 0 1
2.99635e+08 1 0 1
3.01732e+08 1 0 1
3.03844e+08 1 0 1
3.05971e+08 1 0 1
3.08113e+08 1 0 1
3.1027e+08 1 0 1
3.12442e+08 1 0 1
3.14629e+08 1 0 1
3.16831e+08 1 0 1
3.19049e+08 1 0 1
3.21283e+08 1 0 1
3.23532e+08 1 0 1
3.25796e+08 1 0 1
3.28077e+08 1 0 1
3.30373e+08 1 0 1
3.32686e+08 1 0 1
3.35015e+08 1 0 1
3.3736e+08 1 0 1
3.39721e+08 1 0 1
3.42099e+08 1 0 1
3.44494e+08 1 0 1
3.46906e+08 1 0 1
3.49334e+08 1 0 1
3.51779e+08 1 0 1
3.54242e+08 1 0 1
3.56721e+08 1 0 1
3.59218e+08 1 0 1
3.61733e+08 1 0 1
3.64265e+08 1 0 1
3.66815e+08 1 0 1
3.69383e+08 1 0 1
3.71968e+08 1 0 1
3.74572e+08 1 0 1
3.77194e+08 1 0 1
3.79835e+08 1 0 1
3.82493e+08 1 0 1
3.85171e+08 1 0 1
3.87867e+08 1 0 1
3.90582e+08 1 0 1
3.93316e+08 1 0 1
3.96069e+08 1 0 1
3.98842e+08 1 0 1
4.01634e+08 1 0 1
4.04445e+08 1 0 1
4.07276e+08 1 0 1
4.10127e+08 1 0 1
4.12998e+08 1 0 1
4.15889e+08 1 0 1
4.188e+08 1 0 1
4.21732e+08 1 0 1
4.24684e+08 1 0 1
4.27657e+08 1 0 1
4.3065e+08 1 0 1
4.33665e+08 1 0 1
4.36701e+08 1 0 1
4.39758e+08 1 0 1
4.42836e+08 1 0 1
4.45936e+08 1 0 1
4.49057e+08 1 0 1
4.52201e+08 1 0 1
4.55366e+08 1 0 1
4.58554e+08 1 0 1
4.61763e+08 1 0 1
4.64996e+08 1 0 1
4.68251e+08 1 0 1
4.71529e+08 1 0 1
4.74829e+08 1 0 1
4.78153e+08 1 0 1
4.815e+08 1 0 1
4.84871e+08 1 0 1
4.88265e+08 1 0 1
4.91683e+08 1 0 1
4.95124e+08 1 0 1
4.9859e+08 1 0 1
5.0208e+08 1 0 1
5.05595e+08 1 0 1
5.09134e+08 1 0 1
5.12698e+08 1 0 1
5.16287e+08 1 0 1
5.19901e+08 1 0 1
5.2354e+08 1 0 1
5.27205e+08 1 0 1
5.30895e+08 1 0 1
5.34612e+08 1 0 1
5.38354e+08 1 0 1
5.42122e+08 1 0 1
5.45917e+08 1 0 1
5.49739e+08 1 0 1
5.53587e+08 1 0 1
5.57462e+08 1 0 1
5.61364e+08 1 0 1
5.65294e+08 1 0 1
5.69251e+08 1 0 1
5.73236e+08 1 0 1
5.77248e+08 1 0 1
5.81289e+08 1 0 1
5.85358e+08 1 0 1
5.89456e+08 1 0 1
5.93582e+08 1 0 1
5.97737e+08 1 0 1
6.01921e+08 1 0 1
6.06134e+08 1 0 1
6.10377e+08 1 0 1
6.1465e+08 1 0 1
6.18953e+08 1 0 1
6.23285e+08 1 0 1
6.27648e+08 1 0 1
6.32042e+08 1 0 1
6.36466e+08 1 0 1
6.40921e+08 1 0 1
6.45408e+08 1 0 1
6.49926e+08 1 0 1
6.54475e+08 1 0 1
6.59056e+08 1 0 1
6.6367e+08 1 0 1
6.68315e+08 1 0 1
6.72994e+08 1 0 1
6.77705e+08 1 0 1
6.82449e+08 1 0 1
6.87226e+08 1 0 1
6.92036e+08 1 0 1
6.96881e+08 1 0 1
7.01759e+08 1 0 1
7.06671e+08 1 0 1
7.11618e+08 1 0 1
7.16599e+08 1 0 1
7.21615e+08 1 0 1
7.26667e+08 1 0 1
7.31753e+08 1 0 1
7.36875e+08 1 0 1
7.42034e+08 1 0 1
7.47228e+08 1 0 1
7.52458e+08 1 0 1
7.57726e+08 1 0 1
7.6303e+08 1 0 1
7.68371e+08 1 0 1
7.7375e+08 1 0 1
7.79166e+08 1 0 1
7.8462e+08 1 0 1
7.90112e+08 1 0 1
7.95643e+08 1 0 1
8.01213e+08 1 0 1
8.06821e+08 1 0 1
8.12469e+08 1 0 1
8.18156e+08 1 0 1
8.23883e+08 1 0 1
8.2965e+08 1 0 1
8.35458e+08 1 0 1
8.41306e+08 1 0 1
8.47195e+08 1 0 1
8.53126e+08 1 0 1
8.59098e+08 1 0 1
8.65111e+08 1 0 1
8.71167e+08 1 0 1
8.77265e+08 1 0 1
8.83406e+08 1 0 1
8.8959e+08 1 0 1
8.95817e+08 1 0 1
9.02088e+08 1 0 1
9.08402e+08 1 0 1
9.14761e+08 1 0 1
9.21164e+08 1 0 1
9.27613e+08 1 0 1
9.34106e+08 1 0 1
9.40645e+08 1 0 1
9.47229e+08 1 0 1
9.5386e+08 1 0 1
9.60537e+08 1 0 1
9.67261e+08 1 0 1
9.74031e+08 1 0 1
9.8085e+08 1 0 1
9.87716e+08 1 0 1
9.9463e+08 1 0 1
1.00159e+09 1 0 1
1.0086e+09 1 0 1
1.01566e+09 1 0 1
1.02277e+09 1 0 1
1.02993e+09 1 0 1
1.03714e+09 1 0 1
1.0444e+09 1 0 1
1.05171e+09 1 0 1
1.05907e+09 1 0 1
1.06649e+09 1 0 1
1.07395e+09 1 0 1
1.08147e+09 1 0 1
1.08904e+09 1 0 1
1.09666e+09 1 0 1
1.10434e+09 1 0 1
1.11207e+09 1 0 1
1.11986e+09 1 0 1
1.1277e+09 1 0 1
1.13559e+09 1 0 1
1.14354e+09 1 0 1
1.15154e+09 1 0 1
1.1596e+09 1 0 1
1.16772e+09 1 0 1
1.1759e+09 1 0 1
1.18413e+09 1 0 1
1.19242e+09 1 0 1
1.20076e+09 1 0 1
1.20917e+09 1 0 1
1.21763e+09 1 0 1
1.22616e+09 1 0 1
1.23474e+09 1 0 1
1.24338e+09 1 0 1
1.25209e+09 1 0 1
1.26085e+09 1 0 1
1.26968e+09 1 0 1
1.27856e+09 1 0 1
1.28751e+09 1 0 1
1.29653e+09 1 0 1
1.3056e+09 1 0 1
1.31474e+09 1 0 1
1.32394e+09 1 0 1
1.33321e+09 1 0 1
1.34254e+09 1 0 1
1.35194e+09 1 0 1
1.36141e+09 1 0 1
1.37094e+09 1 0 1
1.38053e+09 1 0 1
1.3902e+09 1 0 1
1.39993e+09 1 0 1
1.40973e+09 1 0 1
1.41959e+09 1 0 1
1.42953e+09 1 0 1
1.43954e+09 1 0 1
1.44962e+09 1 0 1
1.45976e+09 1 0 1
1.46998e+09 1 0 1
1.48027e+09 1 0 1
1.49063e+09 1 0 1
1.50107e+09 1 0 1
1.51157e+09 1 0 1
1.52216e+09 1 0 1
1.53281e+09 1 0 1
1.54354e+09 0 0 0
