6.7469 0.00181507 109.741 3.97287e-51
6.79413 0.00200389 108.767 1.16115e-50
6.84169 0.00220925 107.775 3.45315e-50
6.88958 0.00243226 106.784 1.02383e-49
6.93781 0.00267451 105.782 3.06713e-49
6.98637 0.00293646 104.774 9.22458e-49
7.03528 0.00321976 103.757 2.79675e-48
7.08452 0.00352575 102.735 8.50796e-48
7.13411 0.00385581 101.707 2.60304e-47
7.18405 0.00421137 100.674 7.9856e-47
7.23434 0.00459391 99.6354 2.46071e-46
7.28498 0.00500496 98.5917 7.61341e-46
7.33598 0.00544607 97.5436 2.36282e-45
7.38733 0.00591888 96.4905 7.36115e-45
7.43904 0.00642503 95.4314 2.30427e-44
7.49111 0.00696623 94.3657 7.2528e-44
7.54355 0.0075442 93.2927 2.29664e-43
7.59636 0.00816073 92.2129 7.31442e-43
7.64953 0.00881762 91.1319 2.32956e-42
7.70308 0.0095167 90.0409 7.48522e-42
7.757 0.0102598 88.9483 2.40655e-41
7.8113 0.0110502 87.8481 7.7878e-41
7.86598 0.0118871 86.748 2.51698e-40
7.92104 0.0127739 85.6414 8.17985e-40
7.97649 0.0137124 84.5216 2.69058e-39
8.03232 0.0147046 83.4147 8.72822e-39
8.08855 0.0157524 82.2827 2.90014e-38
8.14517 0.0168579 81.1646 9.49451e-38
8.20218 0.0180229 80.0318 3.15089e-37
8.2596 0.0192494 78.897 1.04689e-36
8.31742 0.0205393 77.7607 3.47977e-36
8.37564 0.0218947 76.6177 1.16334e-35
8.43427 0.0233173 75.48 3.8647e-35
8.49331 0.0248091 74.322 1.30917e-34
8.55276 0.0263718 73.1767 4.37441e-34
8.61263 0.0280073 72.0216 1.47464e-33
8.67292 0.0297174 70.8687 4.95617e-33
8.73363 0.0315066 69.7049 1.6824e-32
8.79476 0.0333708 68.5374 5.7276e-32
8.85633 0.0353146 67.3778 1.93264e-31
8.91832 0.0373394 66.2098 6.57072e-31
8.98075 0.0394467 65.0426 2.23033e-30
9.04361 0.0416379 63.8748 7.56897e-30
9.10692 0.0439144 62.705 2.57142e-29
9.17067 0.0462773 61.5324 8.75337e-29
9.23486 0.0487278 60.3566 2.98694e-28
9.29951 0.0512669 59.1873 1.01188e-27
9.3646 0.0538956 58.0168 3.42923e-27
9.43016 0.0566148 56.8475 1.15983e-26
9.49617 0.0594251 55.67 3.95191e-26
9.56264 0.0623272 54.499 1.33675e-25
9.62958 0.0653217 53.3305 4.50739e-25
9.69699 0.0684089 52.1598 1.52202e-24
9.76486 0.0715891 50.99 5.13069e-24
9.83322 0.0748674 49.8263 1.71799e-23
9.90205 0.0782339 48.6547 5.79342e-23
9.97137 0.0816934 47.497 1.92535e-22
10.0412 0.0852458 46.3344 6.42506e-22
10.1115 0.0888907 45.183 2.11902e-21
10.1822 0.0926276 44.0298 6.99581e-21
10.2535 0.0964559 42.8778 2.30533e-20
10.3253 0.100375 41.7404 7.48145e-20
10.3976 0.104383 40.6033 2.42564e-19
10.4703 0.10848 39.4682 7.84375e-19
10.5436 0.112665 38.3344 2.53147e-18
10.6174 0.116936 37.2163 8.03732e-18
10.6918 0.121291 36.1053 2.5321e-17
10.7666 0.12573 34.9973 7.94923e-17
10.842 0.13025 33.8988 2.47004e-16
10.9179 0.13485 32.8056 7.6304e-16
10.9943 0.139534 31.7224 2.3324e-15
11.0713 0.144287 30.6459 7.07751e-15
11.1487 0.149113 29.5812 2.12105e-14
11.2268 0.15401 28.5309 6.26234e-14
11.3054 0.158975 27.4899 1.83079e-13
11.3845 0.164006 26.456 5.31075e-13
11.4642 0.169101 25.4352 1.51979e-12
11.5445 0.174256 24.4306 4.27663e-12
11.6253 0.179468 23.4334 1.19401e-11
11.7066 0.184735 22.4571 3.26261e-11
11.7886 0.190054 21.489 8.83705e-11
11.8711 0.195421 20.5411 2.34461e-10
11.9542 0.200833 19.6034 6.1545e-10
12.0379 0.206287 18.6888 1.57765e-09
12.1222 0.21178 17.7887 3.98431e-09
12.207 0.217307 16.9032 9.91064e-09
12.2925 0.222866 16.0404 2.40873e-08
12.3785 0.228461 15.1955 5.74745e-08
12.4652 0.234071 14.3722 1.34153e-07
12.5524 0.239702 13.5682 3.06972e-07
12.6403 0.24535 12.7842 6.88133e-07
12.7288 0.251011 12.0223 1.50833e-06
12.8179 0.256682 11.2864 3.21929e-06
12.9076 0.262358 10.5717 6.72435e-06
12.9979 0.268037 9.88084 1.37089e-05
13.0889 0.273713 9.21536 2.72343e-05
13.1805 0.279384 8.57396 5.27929e-05
13.2728 0.285045 7.95675 9.9848e-05
13.3657 0.290693 7.36864 0.000183346
13.4593 0.296323 6.80626 0.000327977
13.5535 0.301934 6.26902 0.000571888
13.6484 0.307519 5.75927 0.000969739
13.7439 0.313077 5.27678 0.00159946
13.8401 0.318611 4.82004 0.00257007
13.937 0.3241 4.38937 0.00402163
14.0346 0.329551 3.98795 0.00610911
14.1328 0.33496 3.61062 0.00905565
14.2317 0.340322 3.25899 0.0130776
14.3313 0.345636 2.93265 0.0184071
14.4317 0.350897 2.63074 0.0252734
14.5327 0.356101 2.35277 0.0338673
14.6344 0.361247 2.09751 0.0443474
14.7369 0.366331 1.86415 0.0567918
14.84 0.371349 1.65144 0.0712153
14.9439 0.3763 1.45741 0.0876173
15.0485 0.381179 1.28325 0.105639
15.1538 0.385985 1.12598 0.125188
15.2599 0.390714 0.984677 0.145955
15.3667 0.395364 0.858251 0.167596
15.4743 0.399933 0.746223 0.18963
15.5826 0.404424 0.646444 0.21188
15.6917 0.408822 0.558222 0.233938
15.8015 0.413131 0.480633 0.255477
15.9122 0.41735 0.412558 0.276267
16.0235 0.421476 0.35311 0.296087
16.1357 0.425508 0.301348 0.3148
16.2487 0.429444 0.256382 0.332324
16.3624 0.433281 0.217423 0.348614
16.4769 0.43702 0.183768 0.363657
16.5923 0.440657 0.154962 0.377399
16.7084 0.444191 0.13016 0.38998
16.8254 0.447622 0.109069 0.401369
16.9432 0.450948 0.0910818 0.41169
17.0618 0.454168 0.0757883 0.421019
17.1812 0.457281 0.0628618 0.42942
17.3015 0.460286 0.0519707 0.436975
17.4226 0.463187 0.0428219 0.443771
17.5445 0.465973 0.0351668 0.449871
17.6673 0.46865 0.028774 0.455358
17.791 0.471217 0.0234517 0.460295
17.9156 0.473673 0.0190203 0.464749
18.041 0.476018 0.0153868 0.46875
18.1672 0.478252 0.0123772 0.472369
18.2944 0.480374 0.00992819 0.475629
18.4225 0.482385 0.00792072 0.47858
18.5514 0.484285 0.00628887 0.481249
18.6813 0.486074 0.00496805 0.483665
18.8121 0.487751 0.00390926 0.485848
18.9437 0.489319 0.00305967 0.487824
19.0764 0.490775 0.00238354 0.489607
19.2099 0.492123 0.00184727 0.491214
19.3444 0.493361 0.00142175 0.49266
19.4798 0.49449 0.00109122 0.493951
19.6161 0.495513 0.000832101 0.495101
19.7534 0.496427 0.000631672 0.496113
19.8917 0.497235 0.000476359 0.496998
20.031 0.497937 0.000358139 0.497759
20.1712 0.498535 0.000267581 0.498401
20.3124 0.499029 0.000198936 0.498929
20.4546 0.49942 0.000147113 0.499347
20.5977 0.49971 0.000108138 0.499656
20.7419 0.4999 7.91621e-05 0.499861
20.8871 0.499991 5.75435e-05 0.499962
21.0333 0.499984 4.15912e-05 0.499963
21.1806 0.49988 2.98138e-05 0.499865
21.3288 0.499681 2.1195e-05 0.499671
21.4781 0.499389 1.49779e-05 0.499381
21.6285 0.499003 1.04689e-05 0.498998
21.7799 0.498527 7.23912e-06 0.498523
21.9323 0.49796 4.93669e-06 0.497957
22.0859 0.497305 3.31842e-06 0.497304
22.2405 0.496565 2.1936e-06 0.496563
22.3961 0.495738 1.41135e-06 0.495738
22.5529 0.494829 8.81705e-07 0.494829
22.7108 0.493837 5.25491e-07 0.493837
22.8698 0.492766 2.97924e-07 0.492765
23.0298 0.491615 1.53958e-07 0.491615
23.1911 0.490387 6.71136e-08 0.490387
23.3534 0.489084 1.8244e-08 0.489084
23.5169 0.487707 0 0.487707
23.6815 0.486258 0 0.486258
23.8473 0.484739 0 0.484739
24.0142 0.48315 0 0.48315
24.1823 0.481495 0 0.481495
24.3516 0.479774 0 0.479774
24.522 0.47799 0 0.47799
24.6937 0.47614 0 0.47614
24.8665 0.474233 0 0.474233
25.0406 0.472268 0 0.472268
25.2159 0.470245 0 0.470245
25.3924 0.468167 0 0.468167
25.5701 0.466036 0 0.466036
25.7491 0.463852 0 0.463852
25.9294 0.461618 0 0.461618
26.1109 0.459335 0 0.459335
26.2937 0.457005 0 0.457005
26.4777 0.45463 0 0.45463
26.6631 0.452211 0 0.452211
26.8497 0.449749 0 0.449749
27.0376 0.447247 0 0.447247
27.2269 0.444705 0 0.444705
27.4175 0.442126 0 0.442126
27.6094 0.439507 0 0.439507
27.8027 0.436857 0 0.436857
27.9973 0.434175 0 0.434175
28.1933 0.43146 0 0.43146
28.3906 0.428715 0 0.428715
28.5894 0.425942 0 0.425942
28.7895 0.423141 0 0.423141
28.991 0.420314 0 0.420314
29.194 0.417463 0 0.417463
29.3983 0.414588 0 0.414588
29.6041 0.411691 0 0.411691
29.8113 0.408774 0 0.408774
30.02 0.405837 0 0.405837
30.2302 0.402883 0 0.402883
30.4418 0.399911 0 0.399911
30.6549 0.396924 0 0.396924
30.8694 0.393922 0 0.393922
31.0855 0.390902 0 0.390902
31.3031 0.387875 0 0.387875
31.5223 0.384837 0 0.384837
31.7429 0.381789 0 0.381789
31.9651 0.378732 0 0.378732
32.1889 0.375667 0 0.375667
32.4142 0.372596 0 0.372596
32.6411 0.369518 0 0.369518
32.8696 0.366436 0 0.366436
33.0997 0.36335 0 0.36335
33.3314 0.360261 0 0.360261
33.5647 0.35717 0 0.35717
33.7996 0.354078 0 0.354078
34.0362 0.350986 0 0.350986
34.2745 0.347894 0 0.347894
34.5144 0.344803 0 0.344803
34.756 0.341711 0 0.341711
34.9993 0.338626 0 0.338626
35.2443 0.335544 0 0.335544
35.491 0.332467 0 0.332467
35.7394 0.329396 0 0.329396
35.9896 0.32633 0 0.32633
36.2415 0.323271 0 0.323271
36.4952 0.320219 0 0.320219
36.7507 0.317175 0 0.317175
37.008 0.314139 0 0.314139
37.267 0.311113 0 0.311113
37.5279 0.308096 0 0.308096
37.7906 0.305089 0 0.305089
38.0551 0.302093 0 0.302093
38.3215 0.299108 0 0.299108
38.5897 0.296134 0 0.296134
38.8599 0.293174 0 0.293174
39.1319 0.290221 0 0.290221
39.4058 0.287286 0 0.287286
39.6817 0.284365 0 0.284365
39.9594 0.281457 0 0.281457
40.2391 0.278564 0 0.278564
40.5208 0.275686 0 0.275686
40.8045 0.272822 0 0.272822
41.0901 0.269975 0 0.269975
41.3777 0.267143 0 0.267143
41.6674 0.264327 0 0.264327
41.959 0.261527 0 0.261527
42.2528 0.258744 0 0.258744
42.5485 0.255978 0 0.255978
42.8464 0.25323 0 0.25323
43.1463 0.250499 0 0.250499
43.4483 0.247785 0 0.247785
43.7525 0.245086 0 0.245086
44.0587 0.242409 0 0.242409
44.3671 0.23975 0 0.23975
44.6777 0.23711 0 0.23711
44.9904 0.234489 0 0.234489
45.3054 0.231886 0 0.231886
45.6225 0.229303 0 0.229303
45.9419 0.226738 0 0.226738
46.2635 0.224193 0 0.224193
46.5873 0.221668 0 0.221668
46.9134 0.219162 0 0.219162
47.2418 0.216676 0 0.216676
47.5725 0.214209 0 0.214209
47.9055 0.211762 0 0.211762
48.2409 0.209335 0 0.209335
48.5785 0.206929 0 0.206929
48.9186 0.204542 0 0.204542
49.261 0.202172 0 0.202172
49.6058 0.199826 0 0.199826
49.9531 0.197499 0 0.197499
50.3028 0.195193 0 0.195193
50.6549 0.192908 0 0.192908
51.0095 0.190642 0 0.190642
51.3665 0.188397 0 0.188397
51.7261 0.186172 0 0.186172
52.0882 0.183967 0 0.183967
52.4528 0.181782 0 0.181782
52.82 0.179618 0 0.179618
53.1897 0.177474 0 0.177474
53.562 0.17535 0 0.17535
53.937 0.173246 0 0.173246
54.3145 0.171162 0 0.171162
54.6947 0.169098 0 0.169098
55.0776 0.167051 0 0.167051
55.4631 0.165027 0 0.165027
55.8514 0.163023 0 0.163023
56.2423 0.161039 0 0.161039
56.636 0.159075 0 0.159075
57.0325 0.15713 0 0.15713
57.4317 0.155205 0 0.155205
57.8337 0.153299 0 0.153299
58.2386 0.151413 0 0.151413
58.6462 0.149546 0 0.149546
59.0568 0.147699 0 0.147699
59.4702 0.14587 0 0.14587
59.8864 0.144061 0 0.144061
60.3057 0.142271 0 0.142271
60.7278 0.140499 0 0.140499
61.1529 0.138746 0 0.138746
61.581 0.137012 0 0.137012
62.012 0.135294 0 0.135294
62.4461 0.133597 0 0.133597
62.8832 0.131918 0 0.131918
63.3234 0.130258 0 0.130258
63.7667 0.128616 0 0.128616
64.213 0.126991 0 0.126991
64.6625 0.125385 0 0.125385
65.1152 0.123796 0 0.123796
65.571 0.122225 0 0.122225
66.03 0.120671 0 0.120671
66.4922 0.119134 0 0.119134
66.9576 0.117615 0 0.117615
67.4263 0.116113 0 0.116113
67.8983 0.114628 0 0.114628
68.3736 0.11316 0 0.11316
68.8522 0.111709 0 0.111709
69.3342 0.110272 0 0.110272
69.8195 0.108853 0 0.108853
70.3083 0.107451 0 0.107451
70.8004 0.106065 0 0.106065
71.296 0.104696 0 0.104696
71.7951 0.103342 0 0.103342
72.2977 0.102004 0 0.102004
72.8037 0.100681 0 0.100681
73.3134 0.0993744 0 0.0993744
73.8266 0.0980829 0 0.0980829
74.3434 0.0968066 0 0.0968066
74.8638 0.0955454 0 0.0955454
75.3878 0.0942991 0 0.0942991
75.9155 0.0930677 0 0.0930677
76.4469 0.091851 0 0.091851
76.9821 0.0906488 0 0.0906488
77.5209 0.0894611 0 0.0894611
78.0636 0.088286 0 0.088286
78.61 0.0871268 0 0.0871268
79.1603 0.0859816 0 0.0859816
79.7144 0.0848502 0 0.0848502
80.2724 0.0837326 0 0.0837326
80.8343 0.0826286 0 0.0826286
81.4002 0.0815381 0 0.0815381
81.97 0.0804609 0 0.0804609
82.5438 0.079397 0 0.079397
83.1216 0.078346 0 0.078346
83.7034 0.0773081 0 0.0773081
84.2893 0.0762829 0 0.0762829
84.8794 0.0752704 0 0.0752704
85.4735 0.0742705 0 0.0742705
86.0718 0.0732829 0 0.0732829
86.6743 0.0723077 0 0.0723077
87.2811 0.0713433 0 0.0713433
87.892 0.0703923 0 0.0703923
88.5073 0.0694532 0 0.0694532
89.1268 0.0685259 0 0.0685259
89.7507 0.0676102 0 0.0676102
90.379 0.066706 0 0.066706
91.0116 0.0658133 0 0.0658133
91.6487 0.0649318 0 0.0649318
92.2902 0.0640614 0 0.0640614
92.9363 0.0632021 0 0.0632021
93.5868 0.0623537 0 0.0623537
94.2419 0.061516 0 0.061516
94.9016 0.060689 0 0.060689
95.5659 0.0598726 0 0.0598726
96.2349 0.0590666 0 0.0590666
96.9085 0.0582709 0 0.0582709
97.5869 0.0574854 0 0.0574854
98.27 0.0567089 0 0.0567089
98.9579 0.0559435 0 0.0559435
99.6506 0.0551879 0 0.0551879
100.348 0.054442 0 0.054442
101.051 0.0537058 0 0.0537058
101.758 0.0529791 0 0.0529791
102.47 0.0522618 0 0.0522618
103.188 0.0515538 0 0.0515538
103.91 0.0508549 0 0.0508549
104.637 0.0501651 0 0.0501651
105.37 0.0494843 0 0.0494843
106.107 0.0488124 0 0.0488124
106.85 0.0481492 0 0.0481492
107.598 0.0474947 0 0.0474947
108.351 0.0468487 0 0.0468487
109.11 0.0462111 0 0.0462111
109.873 0.0455811 0 0.0455811
110.642 0.0449602 0 0.0449602
111.417 0.0443474 0 0.0443474
112.197 0.0437427 0 0.0437427
112.982 0.043146 0 0.043146
113.773 0.0425571 0 0.0425571
114.57 0.0419759 0 0.0419759
115.372 0.0414025 0 0.0414025
116.179 0.0408366 0 0.0408366
116.992 0.0402781 0 0.0402781
117.811 0.0397271 0 0.0397271
118.636 0.0391834 0 0.0391834
119.467 0.0386468 0 0.0386468
120.303 0.0381174 0 0.0381174
121.145 0.037595 0 0.037595
121.993 0.0370796 0 0.0370796
122.847 0.036571 0 0.036571
123.707 0.0360685 0 0.0360685
124.573 0.0355734 0 0.0355734
125.445 0.0350849 0 0.0350849
126.323 0.034603 0 0.034603
127.207 0.0341274 0 0.0341274
128.098 0.0336583 0 0.0336583
128.994 0.0331954 0 0.0331954
129.897 0.0327387 0 0.0327387
130.806 0.0322881 0 0.0322881
131.722 0.0318436 0 0.0318436
132.644 0.031405 0 0.031405
133.573 0.0309723 0 0.0309723
134.508 0.0305455 0 0.0305455
135.449 0.0301244 0 0.0301244
136.397 0.0297089 0 0.0297089
137.352 0.029299 0 0.029299
138.314 0.0288941 0 0.0288941
139.282 0.0284953 0 0.0284953
140.257 0.0281018 0 0.0281018
141.239 0.0277137 0 0.0277137
142.227 0.0273308 0 0.0273308
143.223 0.026953 0 0.026953
144.225 0.0265804 0 0.0265804
145.235 0.0262128 0 0.0262128
146.252 0.0258502 0 0.0258502
147.275 0.0254926 0 0.0254926
148.306 0.0251397 0 0.0251397
149.344 0.0247917 0 0.0247917
150.39 0.0244484 0 0.0244484
151.443 0.0241097 0 0.0241097
152.503 0.0237757 0 0.0237757
153.57 0.0234461 0 0.0234461
154.645 0.0231211 0 0.0231211
155.728 0.0228001 0 0.0228001
156.818 0.0224839 0 0.0224839
157.916 0.022172 0 0.022172
159.021 0.0218643 0 0.0218643
160.134 0.0215609 0 0.0215609
161.255 0.0212616 0 0.0212616
162.384 0.0209663 0 0.0209663
163.521 0.0206752 0 0.0206752
164.665 0.0203879 0 0.0203879
165.818 0.0201047 0 0.0201047
166.979 0.0198253 0 0.0198253
168.147 0.0195497 0 0.0195497
169.324 0.0192779 0 0.0192779
170.51 0.0190098 0 0.0190098
171.703 0.0187454 0 0.0187454
172.905 0.0184846 0 0.0184846
174.116 0.018227 0 0.018227
175.334 0.0179733 0 0.0179733
176.562 0.0177232 0 0.0177232
177.798 0.0174764 0 0.0174764
179.042 0.0172331 0 0.0172331
180.296 0.0169931 0 0.0169931
181.558 0.0167563 0 0.0167563
182.828 0.0165229 0 0.0165229
184.108 0.0162926 0 0.0162926
185.397 0.0160656 0 0.0160656
186.695 0.0158416 0 0.0158416
188.002 0.0156207 0 0.0156207
189.318 0.0154029 0 0.0154029
190.643 0.0151881 0 0.0151881
191.977 0.0149762 0 0.0149762
193.321 0.0147673 0 0.0147673
194.675 0.0145612 0 0.0145612
196.037 0.0143577 0 0.0143577
197.409 0.0141574 0 0.0141574
198.791 0.0139597 0 0.0139597
200.183 0.0137648 0 0.0137648
201.584 0.0135726 0 0.0135726
202.995 0.0133831 0 0.0133831
204.416 0.0131962 0 0.0131962
205.847 0.0130118 0 0.0130118
207.288 0.01283 0 0.01283
208.739 0.0126507 0 0.0126507
210.2 0.0124739 0 0.0124739
211.672 0.0122996 0 0.0122996
213.153 0.0121277 0 0.0121277
214.645 0.0119581 0 0.0119581
216.148 0.0117909 0 0.0117909
217.661 0.011626 0 0.011626
219.185 0.0114632 0 0.0114632
220.719 0.0113029 0 0.0113029
222.264 0.0111448 0 0.0111448
223.82 0.0109888 0 0.0109888
225.387 0.0108351 0 0.0108351
226.964 0.0106835 0 0.0106835
228.553 0.010534 0 0.010534
230.153 0.0103865 0 0.0103865
231.764 0.0102411 0 0.0102411
233.386 0.0100978 0 0.0100978
235.02 0.00995637 0 0.00995637
236.665 0.00981696 0 0.00981696
238.322 0.00967948 0 0.00967948
239.99 0.00954391 0 0.00954391
241.67 0.00941023 0 0.00941023
243.362 0.00927841 0 0.00927841
245.065 0.00914842 0 0.00914842
246.781 0.00902007 0 0.00902007
248.508 0.00889369 0 0.00889369
250.248 0.00876906 0 0.00876906
251.999 0.00864617 0 0.00864617
253.763 0.00852499 0 0.00852499
255.54 0.0084055 0 0.0084055
257.329 0.00828767 0 0.00828767
259.13 0.00817148 0 0.00817148
260.944 0.00805692 0 0.00805692
262.77 0.00794394 0 0.00794394
264.61 0.00783255 0 0.00783255
266.462 0.0077227 0 0.0077227
268.327 0.00761439 0 0.00761439
270.206 0.00750759 0 0.00750759
272.097 0.00740228 0 0.00740228
274.002 0.00729844 0 0.00729844
275.92 0.00719591 0 0.00719591
277.851 0.00709495 0 0.00709495
279.796 0.0069954 0 0.0069954
281.755 0.00689724 0 0.00689724
283.727 0.00680046 0 0.00680046
285.713 0.00670502 0 0.00670502
287.713 0.00661091 0 0.00661091
289.727 0.00651812 0 0.00651812
291.755 0.00642663 0 0.00642663
293.797 0.00633642 0 0.00633642
295.854 0.00624746 0 0.00624746
297.925 0.00615975 0 0.00615975
300.01 0.00607326 0 0.00607326
302.11 0.00598798 0 0.00598798
304.225 0.0059039 0 0.0059039
306.355 0.00582099 0 0.00582099
308.499 0.00573924 0 0.00573924
310.659 0.00565853 0 0.00565853
312.833 0.00557905 0 0.00557905
315.023 0.00550069 0 0.00550069
317.228 0.00542343 0 0.00542343
319.449 0.00534724 0 0.00534724
321.685 0.00527212 0 0.00527212
323.937 0.00519806 0 0.00519806
326.204 0.00512503 0 0.00512503
328.488 0.00505302 0 0.00505302
330.787 0.00498202 0 0.00498202
333.103 0.00491201 0 0.00491201
335.435 0.00484298 0 0.00484298
337.783 0.00477492 0 0.00477492
340.147 0.00470782 0 0.00470782
342.528 0.00464165 0 0.00464165
344.926 0.00457641 0 0.00457641
347.34 0.004512 0 0.004512
349.772 0.00444858 0 0.00444858
352.22 0.00438605 0 0.00438605
354.686 0.00432439 0 0.00432439
357.168 0.0042636 0 0.0042636
359.669 0.00420366 0 0.00420366
362.186 0.00414456 0 0.00414456
364.722 0.00408629 0 0.00408629
367.275 0.00402883 0 0.00402883
369.846 0.00397219 0 0.00397219
372.434 0.00391633 0 0.00391633
375.041 0.00386126 0 0.00386126
377.667 0.00380696 0 0.00380696
380.31 0.00375342 0 0.00375342
382.973 0.00370064 0 0.00370064
385.653 0.00364859 0 0.00364859
388.353 0.00359727 0 0.00359727
391.071 0.00354661 0 0.00354661
393.809 0.00349673 0 0.00349673
396.566 0.00344754 0 0.00344754
399.342 0.00339905 0 0.00339905
402.137 0.00335124 0 0.00335124
404.952 0.0033041 0 0.0033041
407.787 0.00325762 0 0.00325762
410.641 0.00321179 0 0.00321179
413.516 0.0031666 0 0.0031666
416.41 0.00312205 0 0.00312205
419.325 0.00307813 0 0.00307813
422.26 0.00303482 0 0.00303482
425.216 0.00299212 0 0.00299212
428.193 0.00295002 0 0.00295002
431.19 0.00290851 0 0.00290851
434.208 0.00286758 0 0.00286758
437.248 0.00282718 0 0.00282718
440.309 0.00278739 0 0.00278739
443.391 0.00274817 0 0.00274817
446.494 0.0027095 0 0.0027095
449.62 0.00267137 0 0.00267137
452.767 0.00263377 0 0.00263377
455.937 0.00259671 0 0.00259671
459.128 0.00256016 0 0.00256016
462.342 0.00252413 0 0.00252413
465.578 0.0024886 0 0.0024886
468.838 0.00245357 0 0.00245357
472.119 0.00241904 0 0.00241904
475.424 0.00238499 0 0.00238499
478.752 0.00235142 0 0.00235142
482.103 0.00231832 0 0.00231832
485.478 0.00228569 0 0.00228569
488.877 0.00225351 0 0.00225351
492.299 0.00222175 0 0.00222175
495.745 0.00219047 0 0.00219047
499.215 0.00215964 0 0.00215964
502.709 0.00212923 0 0.00212923
506.228 0.00209926 0 0.00209926
509.772 0.00206971 0 0.00206971
513.34 0.00204057 0 0.00204057
516.934 0.00201184 0 0.00201184
520.552 0.00198351 0 0.00198351
524.196 0.00195559 0 0.00195559
527.866 0.00192805 0 0.00192805
531.561 0.00190091 0 0.00190091
535.282 0.00187414 0 0.00187414
539.029 0.00184775 0 0.00184775
542.802 0.00182174 0 0.00182174
546.601 0.00179609 0 0.00179609
550.428 0.00177076 0 0.00177076
554.281 0.00174583 0 0.00174583
558.161 0.00172125 0 0.00172125
562.068 0.00169701 0 0.00169701
566.002 0.00167311 0 0.00167311
569.964 0.00164955 0 0.00164955
573.954 0.00162632 0 0.00162632
577.972 0.00160342 0 0.00160342
582.017 0.00158084 0 0.00158084
586.092 0.00155858 0 0.00155858
590.194 0.00153663 0 0.00153663
594.326 0.00151499 0 0.00151499
598.486 0.00149365 0 0.00149365
602.675 0.00147262 0 0.00147262
606.894 0.00145188 0 0.00145188
611.142 0.00143143 0 0.00143143
615.42 0.00141127 0 0.00141127
619.728 0.00139137 0 0.00139137
624.066 0.00137177 0 0.00137177
628.435 0.00135245 0 0.00135245
632.834 0.00133341 0 0.00133341
637.264 0.00131463 0 0.00131463
641.724 0.00129611 0 0.00129611
646.216 0.00127786 0 0.00127786
650.74 0.00125986 0 0.00125986
655.295 0.00124211 0 0.00124211
659.882 0.00122462 0 0.00122462
664.501 0.00120737 0 0.00120737
669.153 0.00119036 0 0.00119036
673.837 0.0011736 0 0.0011736
678.554 0.00115707 0 0.00115707
683.304 0.00114077 0 0.00114077
688.087 0.0011247 0 0.0011247
692.903 0.00110883 0 0.00110883
697.754 0.00109322 0 0.00109322
702.638 0.00107782 0 0.00107782
707.557 0.00106264 0 0.00106264
712.509 0.00104767 0 0.00104767
717.497 0.00103291 0 0.00103291
722.519 0.00101836 0 0.00101836
727.577 0.00100401 0 0.00100401
732.67 0.000989872 0 0.000989872
737.799 0.000975928 0 0.000975928
742.963 0.00096218 0 0.00096218
748.164 0.000948626 0 0.000948626
753.401 0.000935262 0 0.000935262
758.675 0.000922087 0 0.000922087
763.986 0.000909097 0 0.000909097
769.334 0.00089629 0 0.00089629
774.719 0.000883664 0 0.000883664
780.142 0.000871199 0 0.000871199
785.603 0.000858927 0 0.000858927
791.102 0.000846827 0 0.000846827
796.64 0.000834897 0 0.000834897
802.217 0.000823136 0 0.000823136
807.832 0.00081154 0 0.00081154
813.487 0.000800107 0 0.000800107
819.181 0.000788835 0 0.000788835
824.916 0.000777722 0 0.000777722
830.69 0.000766766 0 0.000766766
836.505 0.000755964 0 0.000755964
842.36 0.000745313 0 0.000745313
848.257 0.000734813 0 0.000734813
854.195 0.000724461 0 0.000724461
860.174 0.000714254 0 0.000714254
866.195 0.000704192 0 0.000704192
872.259 0.000694258 0 0.000694258
878.364 0.000684477 0 0.000684477
884.513 0.000674834 0 0.000674834
890.705 0.000665327 0 0.000665327
896.939 0.000655954 0 0.000655954
903.218 0.000646712 0 0.000646712
909.541 0.000637601 0 0.000637601
915.907 0.000628618 0 0.000628618
922.319 0.000619762 0 0.000619762
928.775 0.00061103 0 0.00061103
935.276 0.000602421 0 0.000602421
941.823 0.000593934 0 0.000593934
948.416 0.000585566 0 0.000585566
955.055 0.000577316 0 0.000577316
961.74 0.000569182 0 0.000569182
968.473 0.000561163 0 0.000561163
975.252 0.000553256 0 0.000553256
982.079 0.000545452 0 0.000545452
988.953 0.000537767 0 0.000537767
995.876 0.000530191 0 0.000530191
1002.85 0.000522721 0 0.000522721
1009.87 0.000515356 0 0.000515356
1016.94 0.000508095 0 0.000508095
1024.05 0.000500937 0 0.000500937
1031.22 0.000493879 0 0.000493879
1038.44 0.000486921 0 0.000486921
1045.71 0.00048006 0 0.00048006
1053.03 0.000473297 0 0.000473297
1060.4 0.000466628 0 0.000466628
1067.82 0.000460054 0 0.000460054
1075.3 0.000453572 0 0.000453572
1082.83 0.000447181 0 0.000447181
1090.41 0.000440881 0 0.000440881
1098.04 0.000434661 0 0.000434661
1105.73 0.000428537 0 0.000428537
1113.47 0.000422499 0 0.000422499
1121.26 0.000416547 0 0.000416547
1129.11 0.000410678 0 0.000410678
1137.01 0.000404892 0 0.000404892
1144.97 0.000399187 0 0.000399187
1152.99 0.000393563 0 0.000393563
1161.06 0.000388018 0 0.000388018
1169.18 0.000382551 0 0.000382551
1177.37 0.000377161 0 0.000377161
1185.61 0.000371847 0 0.000371847
1193.91 0.000366608 0 0.000366608
1202.27 0.000361443 0 0.000361443
1210.68 0.00035635 0 0.00035635
1219.16 0.000351329 0 0.000351329
1227.69 0.000346379 0 0.000346379
1236.29 0.000341493 0 0.000341493
1244.94 0.000336681 0 0.000336681
1253.65 0.000331938 0 0.000331938
1262.43 0.000327261 0 0.000327261
1271.27 0.00032265 0 0.00032265
1280.17 0.000318104 0 0.000318104
1289.13 0.000313622 0 0.000313622
1298.15 0.000309204 0 0.000309204
1307.24 0.000304847 0 0.000304847
1316.39 0.000300552 0 0.000300552
1325.6 0.000296317 0 0.000296317
1334.88 0.000292143 0 0.000292143
1344.23 0.000288026 0 0.000288026
1353.64 0.000283968 0 0.000283968
1363.11 0.000279967 0 0.000279967
1372.65 0.000276023 0 0.000276023
1382.26 0.000272129 0 0.000272129
1391.94 0.000268295 0 0.000268295
1401.68 0.000264515 0 0.000264515
1411.49 0.000260788 0 0.000260788
1421.37 0.000257114 0 0.000257114
1431.32 0.000253491 0 0.000253491
1441.34 0.00024992 0 0.00024992
1451.43 0.000246398 0 0.000246398
1461.59 0.000242927 0 0.000242927
1471.82 0.000239504 0 0.000239504
1482.13 0.00023613 0 0.00023613
1492.5 0.000232803 0 0.000232803
1502.95 0.000229523 0 0.000229523
1513.47 0.000226289 0 0.000226289
1524.06 0.000223101 0 0.000223101
1534.73 0.000219957 0 0.000219957
1545.47 0.000216858 0 0.000216858
1556.29 0.000213799 0 0.000213799
1567.19 0.000210787 0 0.000210787
1578.16 0.000207817 0 0.000207817
1589.2 0.000204889 0 0.000204889
1600.33 0.000202003 0 0.000202003
1611.53 0.000199157 0 0.000199157
1622.81 0.000196351 0 0.000196351
1634.17 0.000193584 0 0.000193584
1645.61 0.000190857 0 0.000190857
1657.13 0.000188168 0 0.000188168
1668.73 0.000185517 0 0.000185517
1680.41 0.000182903 0 0.000182903
1692.17 0.000180326 0 0.000180326
1704.02 0.000177786 0 0.000177786
1715.95 0.000175281 0 0.000175281
1727.96 0.000172811 0 0.000172811
1740.05 0.000170373 0 0.000170373
1752.23 0.000167973 0 0.000167973
1764.5 0.000165607 0 0.000165607
1776.85 0.000163274 0 0.000163274
1789.29 0.000160973 0 0.000160973
1801.81 0.000158705 0 0.000158705
1814.43 0.000156469 0 0.000156469
1827.13 0.000154265 0 0.000154265
1839.92 0.000152092 0 0.000152092
1852.8 0.000149949 0 0.000149949
1865.77 0.000147836 0 0.000147836
1878.83 0.000145753 0 0.000145753
1891.98 0.0001437 0 0.0001437
1905.22 0.000141675 0 0.000141675
1918.56 0.000139679 0 0.000139679
1931.99 0.000137712 0 0.000137712
1945.51 0.000135771 0 0.000135771
1959.13 0.000133856 0 0.000133856
1972.85 0.00013197 0 0.00013197
1986.66 0.000130111 0 0.000130111
2000.56 0.000128278 0 0.000128278
2014.57 0.000126471 0 0.000126471
2028.67 0.000124689 0 0.000124689
2042.87 0.000122933 0 0.000122933
2057.17 0.000121201 0 0.000121201
2071.57 0.000119493 0 0.000119493
2086.07 0.00011781 0 0.00011781
2100.67 0.00011615 0 0.00011615
2115.38 0.000114514 0 0.000114514
2130.19 0.0001129 0 0.0001129
2145.1 0.00011131 0 0.00011131
2160.11 0.000109742 0 0.000109742
2175.23 0.000108196 0 0.000108196
2190.46 0.000106669 0 0.000106669
2205.79 0.000105167 0 0.000105167
2221.23 0.000103685 0 0.000103685
2236.78 0.000102224 0 0.000102224
2252.44 0.000100784 0 0.000100784
2268.21 9.93645e-05 0 9.93645e-05
2284.08 9.79646e-05 0 9.79646e-05
2300.07 9.65845e-05 0 9.65845e-05
2316.17 9.52239e-05 0 9.52239e-05
2332.39 9.38824e-05 0 9.38824e-05
2348.71 9.25598e-05 0 9.25598e-05
2365.15 9.12558e-05 0 9.12558e-05
2381.71 8.99702e-05 0 8.99702e-05
2398.38 8.87027e-05 0 8.87027e-05
2415.17 8.74531e-05 0 8.74531e-05
2432.08 8.62211e-05 0 8.62211e-05
2449.1 8.50064e-05 0 8.50064e-05
2466.25 8.38074e-05 0 8.38074e-05
2483.51 8.26268e-05 0 8.26268e-05
2500.89 8.14628e-05 0 8.14628e-05
2518.4 8.03152e-05 0 8.03152e-05
2536.03 7.91838e-05 0 7.91838e-05
2553.78 7.80683e-05 0 7.80683e-05
2571.66 7.69686e-05 0 7.69686e-05
2589.66 7.58843e-05 0 7.58843e-05
2607.79 7.48153e-05 0 7.48153e-05
2626.04 7.37613e-05 0 7.37613e-05
2644.42 7.27222e-05 0 7.27222e-05
2662.93 7.16978e-05 0 7.16978e-05
2681.58 7.06877e-05 0 7.06877e-05
2700.35 6.96919e-05 0 6.96919e-05
2719.25 6.87101e-05 0 6.87101e-05
2738.28 6.77422e-05 0 6.77422e-05
2757.45 6.67867e-05 0 6.67867e-05
2776.75 6.58459e-05 0 6.58459e-05
2796.19 6.49184e-05 0 6.49184e-05
2815.76 6.40039e-05 0 6.40039e-05
2835.47 6.31023e-05 0 6.31023e-05
2855.32 6.22134e-05 0 6.22134e-05
2875.31 6.1337e-05 0 6.1337e-05
2895.44 6.04729e-05 0 6.04729e-05
2915.71 5.9621e-05 0 5.9621e-05
2936.12 5.87812e-05 0 5.87812e-05
2956.67 5.79531e-05 0 5.79531e-05
2977.36 5.71368e-05 0 5.71368e-05
2998.21 5.63319e-05 0 5.63319e-05
3019.19 5.55383e-05 0 5.55383e-05
3040.33 5.4756e-05 0 5.4756e-05
3061.61 5.39846e-05 0 5.39846e-05
3083.04 5.32241e-05 0 5.32241e-05
3104.62 5.24735e-05 0 5.24735e-05
3126.36 5.17343e-05 0 5.17343e-05
3148.24 5.10056e-05 0 5.10056e-05
3170.28 5.02871e-05 0 5.02871e-05
3192.47 4.95788e-05 0 4.95788e-05
3214.82 4.88804e-05 0 4.88804e-05
3237.32 4.81918e-05 0 4.81918e-05
3259.98 4.7513e-05 0 4.7513e-05
3282.8 4.68437e-05 0 4.68437e-05
3305.78 4.61838e-05 0 4.61838e-05
3328.92 4.55333e-05 0 4.55333e-05
3352.22 4.48919e-05 0 4.48919e-05
3375.69 4.42595e-05 0 4.42595e-05
3399.32 4.3636e-05 0 4.3636e-05
3423.11 4.30214e-05 0 4.30214e-05
3447.08 4.24153e-05 0 4.24153e-05
3471.21 4.18179e-05 0 4.18179e-05
3495.5 4.12281e-05 0 4.12281e-05
3519.97 4.06474e-05 0 4.06474e-05
3544.61 4.00748e-05 0 4.00748e-05
3569.43 3.95103e-05 0 3.95103e-05
3594.41 3.89538e-05 0 3.89538e-05
3619.57 3.84051e-05 0 3.84051e-05
3644.91 3.78641e-05 0 3.78641e-05
3670.42 3.73308e-05 0 3.73308e-05
3696.12 3.68049e-05 0 3.68049e-05
3721.99 3.62865e-05 0 3.62865e-05
3748.04 3.57754e-05 0 3.57754e-05
3774.28 3.52715e-05 0 3.52715e-05
3800.7 3.47746e-05 0 3.47746e-05
3827.3 3.42848e-05 0 3.42848e-05
3854.1 3.38018e-05 0 3.38018e-05
3881.07 3.33257e-05 0 3.33257e-05
3908.24 3.28557e-05 0 3.28557e-05
3935.6 3.23929e-05 0 3.23929e-05
3963.15 3.19367e-05 0 3.19367e-05
3990.89 3.14868e-05 0 3.14868e-05
4018.83 3.10433e-05 0 3.10433e-05
4046.96 3.06061e-05 0 3.06061e-05
4075.29 3.0175e-05 0 3.0175e-05
4103.81 2.975e-05 0 2.975e-05
4132.54 2.93309e-05 0 2.93309e-05
4161.47 2.89178e-05 0 2.89178e-05
4190.6 2.85104e-05 0 2.85104e-05
4219.93 2.81089e-05 0 2.81089e-05
4249.47 2.77129e-05 0 2.77129e-05
4279.22 2.73226e-05 0 2.73226e-05
4309.17 2.69377e-05 0 2.69377e-05
4339.34 2.65583e-05 0 2.65583e-05
4369.71 2.61842e-05 0 2.61842e-05
4400.3 2.5815e-05 0 2.5815e-05
4431.1 2.54514e-05 0 2.54514e-05
4462.12 2.50929e-05 0 2.50929e-05
4493.36 2.47394e-05 0 2.47394e-05
4524.81 2.4391e-05 0 2.4391e-05
4556.48 2.40474e-05 0 2.40474e-05
4588.38 2.37087e-05 0 2.37087e-05
4620.5 2.33748e-05 0 2.33748e-05
4652.84 2.30456e-05 0 2.30456e-05
4685.41 2.2721e-05 0 2.2721e-05
4718.21 2.24009e-05 0 2.24009e-05
4751.24 2.20854e-05 0 2.20854e-05
4784.49 2.17743e-05 0 2.17743e-05
4817.99 2.14676e-05 0 2.14676e-05
4851.71 2.11653e-05 0 2.11653e-05
4885.67 2.08671e-05 0 2.08671e-05
4919.87 2.05729e-05 0 2.05729e-05
4954.31 2.02831e-05 0 2.02831e-05
4988.99 1.99974e-05 0 1.99974e-05
5023.92 1.97158e-05 0 1.97158e-05
5059.08 1.94381e-05 0 1.94381e-05
5094.5 1.91643e-05 0 1.91643e-05
5130.16 1.88944e-05 0 1.88944e-05
5166.07 1.86283e-05 0 1.86283e-05
5202.23 1.83659e-05 0 1.83659e-05
5238.65 1.81072e-05 0 1.81072e-05
5275.32 1.78522e-05 0 1.78522e-05
5312.25 1.76008e-05 0 1.76008e-05
5349.43 1.73528e-05 0 1.73528e-05
5386.88 1.71084e-05 0 1.71084e-05
5424.59 1.68675e-05 0 1.68675e-05
5462.56 1.66299e-05 0 1.66299e-05
5500.8 1.63957e-05 0 1.63957e-05
5539.3 1.61645e-05 0 1.61645e-05
5578.08 1.59368e-05 0 1.59368e-05
5617.12 1.57123e-05 0 1.57123e-05
5656.44 1.54911e-05 0 1.54911e-05
5696.04 1.52729e-05 0 1.52729e-05
5735.91 1.50578e-05 0 1.50578e-05
5776.06 1.48457e-05 0 1.48457e-05
5816.49 1.46366e-05 0 1.46366e-05
5857.21 1.44305e-05 0 1.44305e-05
5898.21 1.42272e-05 0 1.42272e-05
5939.5 1.40268e-05 0 1.40268e-05
5981.07 1.38293e-05 0 1.38293e-05
6022.94 1.36345e-05 0 1.36345e-05
6065.1 1.34425e-05 0 1.34425e-05
6107.56 1.32531e-05 0 1.32531e-05
6150.31 1.30665e-05 0 1.30665e-05
6193.36 1.28822e-05 0 1.28822e-05
6236.72 1.27008e-05 0 1.27008e-05
6280.37 1.25219e-05 0 1.25219e-05
6324.34 1.23455e-05 0 1.23455e-05
6368.61 1.21717e-05 0 1.21717e-05
6413.19 1.20002e-05 0 1.20002e-05
6458.08 1.18312e-05 0 1.18312e-05
6503.28 1.16646e-05 0 1.16646e-05
6548.81 1.15003e-05 0 1.15003e-05
6594.65 1.13383e-05 0 1.13383e-05
6640.81 1.11787e-05 0 1.11787e-05
6687.3 1.10212e-05 0 1.10212e-05
6734.11 1.0866e-05 0 1.0866e-05
6781.25 1.0713e-05 0 1.0713e-05
6828.72 1.05621e-05 0 1.05621e-05
6876.52 1.04133e-05 0 1.04133e-05
6924.65 1.02667e-05 0 1.02667e-05
6973.13 1.01219e-05 0 1.01219e-05
7021.94 9.97934e-06 0 9.97934e-06
7071.09 9.83879e-06 0 9.83879e-06
7120.59 9.70022e-06 0 9.70022e-06
7170.43 9.56361e-06 0 9.56361e-06
7220.63 9.42892e-06 0 9.42892e-06
7271.17 9.29613e-06 0 9.29613e-06
7322.07 9.1652e-06 0 9.1652e-06
7373.32 9.03612e-06 0 9.03612e-06
7424.94 8.90886e-06 0 8.90886e-06
7476.91 8.78339e-06 0 8.78339e-06
7529.25 8.65968e-06 0 8.65968e-06
7581.95 8.53772e-06 0 8.53772e-06
7635.03 8.41747e-06 0 8.41747e-06
7688.47 8.29892e-06 0 8.29892e-06
7742.29 8.18204e-06 0 8.18204e-06
7796.49 8.06667e-06 0 8.06667e-06
7851.06 7.95307e-06 0 7.95307e-06
7906.02 7.84106e-06 0 7.84106e-06
7961.36 7.73063e-06 0 7.73063e-06
8017.09 7.62176e-06 0 7.62176e-06
8073.21 7.51442e-06 0 7.51442e-06
8129.72 7.40859e-06 0 7.40859e-06
8186.63 7.30425e-06 0 7.30425e-06
8243.94 7.20138e-06 0 7.20138e-06
8301.65 7.09996e-06 0 7.09996e-06
8359.76 6.99996e-06 0 6.99996e-06
8418.28 6.90138e-06 0 6.90138e-06
8477.2 6.80418e-06 0 6.80418e-06
8536.54 6.70835e-06 0 6.70835e-06
8596.3 6.61388e-06 0 6.61388e-06
8656.47 6.52073e-06 0 6.52073e-06
8717.07 6.42889e-06 0 6.42889e-06
8778.09 6.33824e-06 0 6.33824e-06
8839.54 6.24898e-06 0 6.24898e-06
8901.41 6.16098e-06 0 6.16098e-06
8963.72 6.07421e-06 0 6.07421e-06
9026.47 5.98867e-06 0 5.98867e-06
9089.65 5.90433e-06 0 5.90433e-06
9153.28 5.82117e-06 0 5.82117e-06
9217.35 5.73919e-06 0 5.73919e-06
9281.88 5.65836e-06 0 5.65836e-06
9346.85 5.57867e-06 0 5.57867e-06
9412.28 5.50011e-06 0 5.50011e-06
9478.16 5.42265e-06 0 5.42265e-06
9544.51 5.34628e-06 0 5.34628e-06
9611.32 5.27098e-06 0 5.27098e-06
9678.6 5.19675e-06 0 5.19675e-06
9746.35 5.12356e-06 0 5.12356e-06
9814.58 5.05131e-06 0 5.05131e-06
9883.28 4.98018e-06 0 4.98018e-06
9952.46 4.91004e-06 0 4.91004e-06
10022.1 4.84089e-06 0 4.84089e-06
10092.3 4.77272e-06 0 4.77272e-06
10162.9 4.7055e-06 0 4.7055e-06
10234.1 4.63923e-06 0 4.63923e-06
10305.7 4.5739e-06 0 4.5739e-06
10377.8 4.50948e-06 0 4.50948e-06
10450.5 4.44597e-06 0 4.44597e-06
10523.6 4.38336e-06 0 4.38336e-06
10597.3 4.32163e-06 0 4.32163e-06
10671.5 4.26076e-06 0 4.26076e-06
10746.2 4.20076e-06 0 4.20076e-06
10821.4 4.14159e-06 0 4.14159e-06
10897.2 4.08327e-06 0 4.08327e-06
10973.4 4.02576e-06 0 4.02576e-06
11050.3 3.969e-06 0 3.969e-06
11127.6 3.9131e-06 0 3.9131e-06
11205.5 3.85799e-06 0 3.85799e-06
11283.9 3.80366e-06 0 3.80366e-06
11362.9 3.75009e-06 0 3.75009e-06
11442.5 3.69728e-06 0 3.69728e-06
11522.6 3.64521e-06 0 3.64521e-06
11603.2 3.59387e-06 0 3.59387e-06
11684.5 3.54326e-06 0 3.54326e-06
11766.2 3.49336e-06 0 3.49336e-06
11848.6 3.44416e-06 0 3.44416e-06
11931.5 3.39566e-06 0 3.39566e-06
12015.1 3.34783e-06 0 3.34783e-06
12099.2 3.30068e-06 0 3.30068e-06
12183.9 3.2542e-06 0 3.2542e-06
12269.2 3.20837e-06 0 3.20837e-06
12355 3.16313e-06 0 3.16313e-06
12441.5 3.11858e-06 0 3.11858e-06
12528.6 3.07466e-06 0 3.07466e-06
12616.3 3.03136e-06 0 3.03136e-06
12704.6 2.98867e-06 0 2.98867e-06
12793.6 2.94658e-06 0 2.94658e-06
12883.1 2.90509e-06 0 2.90509e-06
12973.3 2.86417e-06 0 2.86417e-06
13064.1 2.82384e-06 0 2.82384e-06
13155.6 2.78407e-06 0 2.78407e-06
13247.6 2.74486e-06 0 2.74486e-06
13340.4 2.7062e-06 0 2.7062e-06
13433.8 2.66809e-06 0 2.66809e-06
13527.8 2.63051e-06 0 2.63051e-06
13622.5 2.59346e-06 0 2.59346e-06
13717.9 2.55694e-06 0 2.55694e-06
13813.9 2.52093e-06 0 2.52093e-06
13910.6 2.48538e-06 0 2.48538e-06
14007.9 2.45038e-06 0 2.45038e-06
14106 2.41587e-06 0 2.41587e-06
14204.7 2.38185e-06 0 2.38185e-06
14304.2 2.34831e-06 0 2.34831e-06
14404.3 2.31523e-06 0 2.31523e-06
14505.1 2.28263e-06 0 2.28263e-06
14606.7 2.25048e-06 0 2.25048e-06
14708.9 2.21879e-06 0 2.21879e-06
14811.9 2.18754e-06 0 2.18754e-06
14915.6 2.15673e-06 0 2.15673e-06
15020 2.12635e-06 0 2.12635e-06
15125.1 2.09641e-06 0 2.09641e-06
15231 2.06688e-06 0 2.06688e-06
15337.6 2.03777e-06 0 2.03777e-06
15445 2.00907e-06 0 2.00907e-06
15553.1 1.98074e-06 0 1.98074e-06
15662 1.95285e-06 0 1.95285e-06
15771.6 1.92535e-06 0 1.92535e-06
15882 1.89823e-06 0 1.89823e-06
15993.2 1.8715e-06 0 1.8715e-06
16105.1 1.84514e-06 0 1.84514e-06
16217.9 1.81915e-06 0 1.81915e-06
16331.4 1.79353e-06 0 1.79353e-06
16445.7 1.76828e-06 0 1.76828e-06
16560.8 1.74337e-06 0 1.74337e-06
16676.7 1.71882e-06 0 1.71882e-06
16793.5 1.69461e-06 0 1.69461e-06
16911 1.67074e-06 0 1.67074e-06
17029.4 1.64721e-06 0 1.64721e-06
17148.6 1.62401e-06 0 1.62401e-06
17268.7 1.60114e-06 0 1.60114e-06
17389.5 1.57859e-06 0 1.57859e-06
17511.3 1.55633e-06 0 1.55633e-06
17633.8 1.53441e-06 0 1.53441e-06
17757.3 1.5128e-06 0 1.5128e-06
17881.6 1.4915e-06 0 1.4915e-06
18006.8 1.47049e-06 0 1.47049e-06
18132.8 1.44978e-06 0 1.44978e-06
18259.7 1.42936e-06 0 1.42936e-06
18387.6 1.40923e-06 0 1.40923e-06
18516.3 1.38939e-06 0 1.38939e-06
18645.9 1.36982e-06 0 1.36982e-06
18776.4 1.35052e-06 0 1.35052e-06
18907.8 1.3315e-06 0 1.3315e-06
19040.2 1.31275e-06 0 1.31275e-06
19173.5 1.29426e-06 0 1.29426e-06
19307.7 1.27603e-06 0 1.27603e-06
19442.8 1.25806e-06 0 1.25806e-06
19578.9 1.24032e-06 0 1.24032e-06
19716 1.22285e-06 0 1.22285e-06
19854 1.20563e-06 0 1.20563e-06
19993 1.18865e-06 0 1.18865e-06
20132.9 1.17191e-06 0 1.17191e-06
20273.9 1.1554e-06 0 1.1554e-06
20415.8 1.13913e-06 0 1.13913e-06
20558.7 1.12309e-06 0 1.12309e-06
20702.6 1.10727e-06 0 1.10727e-06
20847.5 1.09167e-06 0 1.09167e-06
20993.5 1.0763e-06 0 1.0763e-06
21140.4 1.06114e-06 0 1.06114e-06
21288.4 1.04619e-06 0 1.04619e-06
21437.4 1.03146e-06 0 1.03146e-06
21587.5 1.01693e-06 0 1.01693e-06
21738.6 1.00261e-06 0 1.00261e-06
21890.8 9.88486e-07 0 9.88486e-07
22044 9.74548e-07 0 9.74548e-07
22198.3 9.60823e-07 0 9.60823e-07
22353.7 9.4729e-07 0 9.4729e-07
22510.2 9.33948e-07 0 9.33948e-07
22667.7 9.20794e-07 0 9.20794e-07
22826.4 9.07825e-07 0 9.07825e-07
22986.2 8.95039e-07 0 8.95039e-07
23147.1 8.82432e-07 0 8.82432e-07
23309.1 8.70003e-07 0 8.70003e-07
23472.3 8.57749e-07 0 8.57749e-07
23636.6 8.45668e-07 0 8.45668e-07
23802 8.33757e-07 0 8.33757e-07
23968.7 8.22013e-07 0 8.22013e-07
24136.4 8.10435e-07 0 8.10435e-07
24305.4 7.9902e-07 0 7.9902e-07
24475.5 7.87766e-07 0 7.87766e-07
24646.9 7.76657e-07 0 7.76657e-07
24819.4 7.65718e-07 0 7.65718e-07
24993.1 7.54933e-07 0 7.54933e-07
25168.1 7.443e-07 0 7.443e-07
25344.3 7.33816e-07 0 7.33816e-07
25521.7 7.23481e-07 0 7.23481e-07
25700.3 7.1329e-07 0 7.1329e-07
25880.2 7.03243e-07 0 7.03243e-07
26061.4 6.93338e-07 0 6.93338e-07
26243.8 6.83572e-07 0 6.83572e-07
26427.5 6.73944e-07 0 6.73944e-07
26612.5 6.64451e-07 0 6.64451e-07
26798.8 6.55092e-07 0 6.55092e-07
26986.4 6.45864e-07 0 6.45864e-07
27175.3 6.36767e-07 0 6.36767e-07
27365.5 6.27797e-07 0 6.27797e-07
27557.1 6.18954e-07 0 6.18954e-07
27750 6.10226e-07 0 6.10226e-07
27944.2 6.01631e-07 0 6.01631e-07
28139.8 5.93156e-07 0 5.93156e-07
28336.8 5.84801e-07 0 5.84801e-07
28535.2 5.76564e-07 0 5.76564e-07
28734.9 5.68443e-07 0 5.68443e-07
28936.1 5.60436e-07 0 5.60436e-07
29138.6 5.52541e-07 0 5.52541e-07
29342.6 5.44758e-07 0 5.44758e-07
29548 5.37085e-07 0 5.37085e-07
29754.8 5.29519e-07 0 5.29519e-07
29963.1 5.2206e-07 0 5.2206e-07
30172.8 5.14706e-07 0 5.14706e-07
30384.1 5.07456e-07 0 5.07456e-07
30596.7 5.00308e-07 0 5.00308e-07
30810.9 4.9326e-07 0 4.9326e-07
31026.6 4.86304e-07 0 4.86304e-07
31243.8 4.79454e-07 0 4.79454e-07
31462.5 4.727e-07 0 4.727e-07
31682.7 4.66041e-07 0 4.66041e-07
31904.5 4.59477e-07 0 4.59477e-07
32127.8 4.53004e-07 0 4.53004e-07
32352.7 4.46623e-07 0 4.46623e-07
32579.2 4.40331e-07 0 4.40331e-07
32807.3 4.34129e-07 0 4.34129e-07
33036.9 4.28013e-07 0 4.28013e-07
33268.2 4.21984e-07 0 4.21984e-07
33501 4.16039e-07 0 4.16039e-07
33735.6 4.10178e-07 0 4.10178e-07
33971.7 4.044e-07 0 4.044e-07
34209.5 3.98703e-07 0 3.98703e-07
34449 3.93086e-07 0 3.93086e-07
34690.1 3.87549e-07 0 3.87549e-07
34932.9 3.82083e-07 0 3.82083e-07
35177.5 3.76701e-07 0 3.76701e-07
35423.7 3.71394e-07 0 3.71394e-07
35671.7 3.66162e-07 0 3.66162e-07
35921.4 3.61004e-07 0 3.61004e-07
36172.8 3.55918e-07 0 3.55918e-07
36426 3.50904e-07 0 3.50904e-07
36681 3.45961e-07 0 3.45961e-07
36937.8 3.41087e-07 0 3.41087e-07
37196.4 3.36282e-07 0 3.36282e-07
37456.7 3.31544e-07 0 3.31544e-07
37718.9 3.26873e-07 0 3.26873e-07
37983 3.22268e-07 0 3.22268e-07
38248.8 3.17728e-07 0 3.17728e-07
38516.6 3.13252e-07 0 3.13252e-07
38786.2 3.08839e-07 0 3.08839e-07
39057.7 3.04483e-07 0 3.04483e-07
39331.1 3.00193e-07 0 3.00193e-07
39606.4 2.95964e-07 0 2.95964e-07
39883.7 2.91794e-07 0 2.91794e-07
40162.9 2.87683e-07 0 2.87683e-07
40444 2.8363e-07 0 2.8363e-07
40727.1 2.79634e-07 0 2.79634e-07
41012.2 2.75695e-07 0 2.75695e-07
41299.3 2.7181e-07 0 2.7181e-07
41588.4 2.67981e-07 0 2.67981e-07
41879.5 2.64205e-07 0 2.64205e-07
42172.6 2.60483e-07 0 2.60483e-07
42467.9 2.56813e-07 0 2.56813e-07
42765.1 2.53195e-07 0 2.53195e-07
43064.5 2.49627e-07 0 2.49627e-07
43365.9 2.4611e-07 0 2.4611e-07
43669.5 2.42642e-07 0 2.42642e-07
43975.2 2.3922e-07 0 2.3922e-07
44283 2.35849e-07 0 2.35849e-07
44593 2.32526e-07 0 2.32526e-07
44905.1 2.2925e-07 0 2.2925e-07
45219.5 2.2602e-07 0 2.2602e-07
45536 2.22836e-07 0 2.22836e-07
45854.8 2.19696e-07 0 2.19696e-07
46175.8 2.166e-07 0 2.166e-07
46499 2.13549e-07 0 2.13549e-07
46824.5 2.1054e-07 0 2.1054e-07
47152.2 2.07573e-07 0 2.07573e-07
47482.3 2.04648e-07 0 2.04648e-07
47814.7 2.01765e-07 0 2.01765e-07
48149.4 1.98922e-07 0 1.98922e-07
48486.4 1.96119e-07 0 1.96119e-07
48825.8 1.93355e-07 0 1.93355e-07
49167.6 1.90627e-07 0 1.90627e-07
49511.8 1.87941e-07 0 1.87941e-07
49858.4 1.85293e-07 0 1.85293e-07
50207.4 1.82682e-07 0 1.82682e-07
50558.8 1.80108e-07 0 1.80108e-07
50912.8 1.7757e-07 0 1.7757e-07
51269.1 1.75068e-07 0 1.75068e-07
51628 1.72601e-07 0 1.72601e-07
51989.4 1.70169e-07 0 1.70169e-07
52353.3 1.67771e-07 0 1.67771e-07
52719.8 1.65407e-07 0 1.65407e-07
53088.9 1.63076e-07 0 1.63076e-07
53460.5 1.60778e-07 0 1.60778e-07
53834.7 1.58512e-07 0 1.58512e-07
54211.5 1.56278e-07 0 1.56278e-07
54591 1.54076e-07 0 1.54076e-07
54973.2 1.51905e-07 0 1.51905e-07
55358 1.49761e-07 0 1.49761e-07
55745.5 1.47651e-07 0 1.47651e-07
56135.7 1.4557e-07 0 1.4557e-07
56528.7 1.43519e-07 0 1.43519e-07
56924.4 1.41496e-07 0 1.41496e-07
57322.8 1.39502e-07 0 1.39502e-07
57724.1 1.37536e-07 0 1.37536e-07
58128.2 1.35598e-07 0 1.35598e-07
58535 1.33687e-07 0 1.33687e-07
58944.8 1.31803e-07 0 1.31803e-07
59357.4 1.29945e-07 0 1.29945e-07
59772.9 1.28114e-07 0 1.28114e-07
60191.3 1.26308e-07 0 1.26308e-07
60612.7 1.24528e-07 0 1.24528e-07
61036.9 1.22773e-07 0 1.22773e-07
61464.2 1.21042e-07 0 1.21042e-07
61894.5 1.19334e-07 0 1.19334e-07
62327.7 1.17653e-07 0 1.17653e-07
62764 1.15994e-07 0 1.15994e-07
63203.4 1.1436e-07 0 1.1436e-07
63645.8 1.12748e-07 0 1.12748e-07
64091.3 1.11159e-07 0 1.11159e-07
64539.9 1.09592e-07 0 1.09592e-07
64991.7 1.08047e-07 0 1.08047e-07
65446.7 1.06524e-07 0 1.06524e-07
65904.8 1.05023e-07 0 1.05023e-07
66366.1 1.03542e-07 0 1.03542e-07
66830.7 1.02083e-07 0 1.02083e-07
67298.5 1.00644e-07 0 1.00644e-07
67769.6 9.92254e-08 0 9.92254e-08
68244 9.78267e-08 0 9.78267e-08
68721.7 9.64477e-08 0 9.64477e-08
69202.7 9.50882e-08 0 9.50882e-08
69687.2 9.37463e-08 0 9.37463e-08
70175 9.24248e-08 0 9.24248e-08
70666.2 9.1122e-08 0 9.1122e-08
71160.9 8.98375e-08 0 8.98375e-08
71659 8.85711e-08 0 8.85711e-08
72160.6 8.73226e-08 0 8.73226e-08
72665.7 8.60916e-08 0 8.60916e-08
73174.4 8.48779e-08 0 8.48779e-08
73686.6 8.36814e-08 0 8.36814e-08
74202.4 8.25017e-08 0 8.25017e-08
74721.8 8.13386e-08 0 8.13386e-08
75244.9 8.01919e-08 0 8.01919e-08
75771.6 7.90614e-08 0 7.90614e-08
76302 7.79468e-08 0 7.79468e-08
76836.1 7.68479e-08 0 7.68479e-08
77374 7.57644e-08 0 7.57644e-08
77915.6 7.46962e-08 0 7.46962e-08
78461 7.36419e-08 0 7.36419e-08
79010.2 7.26037e-08 0 7.26037e-08
79563.3 7.15801e-08 0 7.15801e-08
80120.2 7.05709e-08 0 7.05709e-08
80681.1 6.95759e-08 0 6.95759e-08
81245.8 6.8595e-08 0 6.8595e-08
81814.6 6.76278e-08 0 6.76278e-08
82387.3 6.66743e-08 0 6.66743e-08
82964 6.57342e-08 0 6.57342e-08
83544.7 6.48074e-08 0 6.48074e-08
84129.5 6.38936e-08 0 6.38936e-08
84718.4 6.29926e-08 0 6.29926e-08
85311.5 6.21044e-08 0 6.21044e-08
85908.6 6.12287e-08 0 6.12287e-08
86510 6.03653e-08 0 6.03653e-08
87115.6 5.95141e-08 0 5.95141e-08
87725.4 5.86739e-08 0 5.86739e-08
88339.5 5.78465e-08 0 5.78465e-08
88957.8 5.70308e-08 0 5.70308e-08
89580.5 5.62266e-08 0 5.62266e-08
90207.6 5.54337e-08 0 5.54337e-08
90839.1 5.4652e-08 0 5.4652e-08
91474.9 5.38813e-08 0 5.38813e-08
92115.3 5.31214e-08 0 5.31214e-08
92760.1 5.23723e-08 0 5.23723e-08
93409.4 5.16337e-08 0 5.16337e-08
94063.3 5.09055e-08 0 5.09055e-08
94721.7 5.01876e-08 0 5.01876e-08
95384.7 4.94798e-08 0 4.94798e-08
96052.4 4.87819e-08 0 4.87819e-08
96724.8 4.80939e-08 0 4.80939e-08
97401.9 4.74156e-08 0 4.74156e-08
98083.7 4.67468e-08 0 4.67468e-08
98770.3 4.60867e-08 0 4.60867e-08
99461.7 4.54367e-08 0 4.54367e-08
100158 4.47959e-08 0 4.47959e-08
100859 4.4164e-08 0 4.4164e-08
101565 4.35411e-08 0 4.35411e-08
102276 4.2927e-08 0 4.2927e-08
102992 4.23215e-08 0 4.23215e-08
103713 4.17245e-08 0 4.17245e-08
104439 4.11359e-08 0 4.11359e-08
105170 4.05557e-08 0 4.05557e-08
105906 3.99836e-08 0 3.99836e-08
106647 3.94195e-08 0 3.94195e-08
107394 3.88634e-08 0 3.88634e-08
108146 3.83152e-08 0 3.83152e-08
108903 3.77747e-08 0 3.77747e-08
109665 3.72418e-08 0 3.72418e-08
110433 3.67158e-08 0 3.67158e-08
111206 3.61978e-08 0 3.61978e-08
111984 3.56871e-08 0 3.56871e-08
112768 3.51836e-08 0 3.51836e-08
113557 3.46873e-08 0 3.46873e-08
114352 3.41979e-08 0 3.41979e-08
115153 3.37154e-08 0 3.37154e-08
115959 3.32397e-08 0 3.32397e-08
116771 3.27707e-08 0 3.27707e-08
117588 3.23083e-08 0 3.23083e-08
118411 3.18524e-08 0 3.18524e-08
119240 3.1403e-08 0 3.1403e-08
120075 3.09599e-08 0 3.09599e-08
120915 3.0523e-08 0 3.0523e-08
121762 3.00923e-08 0 3.00923e-08
122614 2.96676e-08 0 2.96676e-08
123472 2.9249e-08 0 2.9249e-08
124337 2.88357e-08 0 2.88357e-08
125207 2.84288e-08 0 2.84288e-08
126083 2.80276e-08 0 2.80276e-08
126966 2.76321e-08 0 2.76321e-08
127855 2.72421e-08 0 2.72421e-08
128750 2.68577e-08 0 2.68577e-08
129651 2.64786e-08 0 2.64786e-08
130558 2.61049e-08 0 2.61049e-08
131472 2.57365e-08 0 2.57365e-08
132393 2.53732e-08 0 2.53732e-08
133319 2.50151e-08 0 2.50151e-08
134253 2.4662e-08 0 2.4662e-08
135192 2.43139e-08 0 2.43139e-08
136139 2.39707e-08 0 2.39707e-08
137092 2.36323e-08 0 2.36323e-08
138051 2.32987e-08 0 2.32987e-08
139018 2.29694e-08 0 2.29694e-08
139991 2.26452e-08 0 2.26452e-08
140971 2.23255e-08 0 2.23255e-08
141958 2.20104e-08 0 2.20104e-08
142951 2.16996e-08 0 2.16996e-08
143952 2.13933e-08 0 2.13933e-08
144960 2.10913e-08 0 2.10913e-08
145974 2.07935e-08 0 2.07935e-08
146996 2.04999e-08 0 2.04999e-08
148025 2.02105e-08 0 2.02105e-08
149061 1.99251e-08 0 1.99251e-08
150105 1.96438e-08 0 1.96438e-08
151156 1.93664e-08 0 1.93664e-08
152214 1.90929e-08 0 1.90929e-08
153279 1.88233e-08 0 1.88233e-08
154352 1.85575e-08 0 1.85575e-08
155433 1.82954e-08 0 1.82954e-08
156521 1.80368e-08 0 1.80368e-08
157616 1.77821e-08 0 1.77821e-08
158719 1.7531e-08 0 1.7531e-08
159831 1.72834e-08 0 1.72834e-08
160949 1.70393e-08 0 1.70393e-08
162076 1.67986e-08 0 1.67986e-08
163211 1.65614e-08 0 1.65614e-08
164353 1.63275e-08 0 1.63275e-08
165503 1.60968e-08 0 1.60968e-08
166662 1.58695e-08 0 1.58695e-08
167829 1.56453e-08 0 1.56453e-08
169003 1.54243e-08 0 1.54243e-08
170186 1.52064e-08 0 1.52064e-08
171378 1.49916e-08 0 1.49916e-08
172577 1.47798e-08 0 1.47798e-08
173785 1.4571e-08 0 1.4571e-08
175002 1.43652e-08 0 1.43652e-08
176227 1.4162e-08 0 1.4162e-08
177461 1.39619e-08 0 1.39619e-08
178703 1.37646e-08 0 1.37646e-08
179954 1.35701e-08 0 1.35701e-08
181213 1.33784e-08 0 1.33784e-08
182482 1.31894e-08 0 1.31894e-08
183759 1.3003e-08 0 1.3003e-08
185046 1.28193e-08 0 1.28193e-08
186341 1.26381e-08 0 1.26381e-08
187645 1.24595e-08 0 1.24595e-08
188959 1.22834e-08 0 1.22834e-08
190281 1.21098e-08 0 1.21098e-08
191613 1.19387e-08 0 1.19387e-08
192955 1.17699e-08 0 1.17699e-08
194305 1.16036e-08 0 1.16036e-08
195666 1.14396e-08 0 1.14396e-08
197035 1.12777e-08 0 1.12777e-08
198414 1.11183e-08 0 1.11183e-08
199803 1.09611e-08 0 1.09611e-08
201202 1.08062e-08 0 1.08062e-08
202610 1.06534e-08 0 1.06534e-08
204029 1.05028e-08 0 1.05028e-08
205457 1.03543e-08 0 1.03543e-08
206895 1.02079e-08 0 1.02079e-08
208343 1.00636e-08 0 1.00636e-08
209802 9.9213e-09 0 9.9213e-09
211270 9.78102e-09 0 9.78102e-09
212749 9.64272e-09 0 9.64272e-09
214238 9.50636e-09 0 9.50636e-09
215738 9.37193e-09 0 9.37193e-09
217248 9.23939e-09 0 9.23939e-09
218769 9.10873e-09 0 9.10873e-09
220300 8.9799e-09 0 8.9799e-09
221843 8.85275e-09 0 8.85275e-09
223395 8.72754e-09 0 8.72754e-09
224959 8.6041e-09 0 8.6041e-09
226534 8.4824e-09 0 8.4824e-09
228120 8.36242e-09 0 8.36242e-09
229717 8.24413e-09 0 8.24413e-09
231325 8.12751e-09 0 8.12751e-09
232944 8.01253e-09 0 8.01253e-09
234574 7.89917e-09 0 7.89917e-09
236216 7.78742e-09 0 7.78742e-09
237870 7.67723e-09 0 7.67723e-09
239535 7.56861e-09 0 7.56861e-09
241212 7.46151e-09 0 7.46151e-09
242900 7.35593e-09 0 7.35593e-09
244601 7.25184e-09 0 7.25184e-09
246313 7.14921e-09 0 7.14921e-09
248037 7.04804e-09 0 7.04804e-09
249773 6.94817e-09 0 6.94817e-09
251522 6.84984e-09 0 6.84984e-09
253282 6.75289e-09 0 6.75289e-09
255055 6.65731e-09 0 6.65731e-09
256841 6.56308e-09 0 6.56308e-09
258639 6.47017e-09 0 6.47017e-09
260449 6.37858e-09 0 6.37858e-09
262272 6.28828e-09 0 6.28828e-09
264108 6.19926e-09 0 6.19926e-09
265957 6.11149e-09 0 6.11149e-09
267819 6.02496e-09 0 6.02496e-09
269693 5.93965e-09 0 5.93965e-09
271581 5.85554e-09 0 5.85554e-09
273482 5.77262e-09 0 5.77262e-09
275397 5.69087e-09 0 5.69087e-09
277324 5.61028e-09 0 5.61028e-09
279266 5.53073e-09 0 5.53073e-09
281220 5.4524e-09 0 5.4524e-09
283189 5.37517e-09 0 5.37517e-09
285171 5.29904e-09 0 5.29904e-09
287167 5.22398e-09 0 5.22398e-09
289178 5.14998e-09 0 5.14998e-09
291202 5.07702e-09 0 5.07702e-09
293240 5.0051e-09 0 5.0051e-09
295293 4.93418e-09 0 4.93418e-09
297360 4.86427e-09 0 4.86427e-09
299442 4.79535e-09 0 4.79535e-09
301538 4.7274e-09 0 4.7274e-09
303648 4.66041e-09 0 4.66041e-09
305774 4.59436e-09 0 4.59436e-09
307914 4.52925e-09 0 4.52925e-09
310070 4.46506e-09 0 4.46506e-09
312240 4.40177e-09 0 4.40177e-09
314426 4.33931e-09 0 4.33931e-09
316627 4.2778e-09 0 4.2778e-09
318843 4.21716e-09 0 4.21716e-09
321075 4.15737e-09 0 4.15737e-09
323323 4.09844e-09 0 4.09844e-09
325586 4.04033e-09 0 4.04033e-09
327865 3.98304e-09 0 3.98304e-09
330160 3.92657e-09 0 3.92657e-09
332471 3.87089e-09 0 3.87089e-09
334799 3.81599e-09 0 3.81599e-09
337142 3.76187e-09 0 3.76187e-09
339502 3.70852e-09 0 3.70852e-09
341879 3.65592e-09 0 3.65592e-09
344272 3.60406e-09 0 3.60406e-09
346682 3.55294e-09 0 3.55294e-09
349109 3.50254e-09 0 3.50254e-09
351552 3.45285e-09 0 3.45285e-09
354013 3.4038e-09 0 3.4038e-09
356491 3.35551e-09 0 3.35551e-09
358987 3.3079e-09 0 3.3079e-09
361500 3.26096e-09 0 3.26096e-09
364030 3.21469e-09 0 3.21469e-09
366578 3.16907e-09 0 3.16907e-09
369144 3.12409e-09 0 3.12409e-09
371728 3.07975e-09 0 3.07975e-09
374330 3.03604e-09 0 3.03604e-09
376951 2.99294e-09 0 2.99294e-09
379589 2.95045e-09 0 2.95045e-09
382247 2.90857e-09 0 2.90857e-09
384922 2.86727e-09 0 2.86727e-09
387617 2.82656e-09 0 2.82656e-09
390330 2.78643e-09 0 2.78643e-09
393062 2.74686e-09 0 2.74686e-09
395814 2.7078e-09 0 2.7078e-09
398584 2.66935e-09 0 2.66935e-09
401375 2.63144e-09 0 2.63144e-09
404184 2.59406e-09 0 2.59406e-09
407013 2.55722e-09 0 2.55722e-09
409863 2.52089e-09 0 2.52089e-09
412732 2.48508e-09 0 2.48508e-09
415621 2.44977e-09 0 2.44977e-09
418530 2.41497e-09 0 2.41497e-09
421460 2.38065e-09 0 2.38065e-09
424410 2.34682e-09 0 2.34682e-09
427381 2.31347e-09 0 2.31347e-09
430373 2.28059e-09 0 2.28059e-09
433385 2.24818e-09 0 2.24818e-09
436419 2.21623e-09 0 2.21623e-09
439474 2.18472e-09 0 2.18472e-09
442550 2.15366e-09 0 2.15366e-09
445648 2.12301e-09 0 2.12301e-09
448767 2.09283e-09 0 2.09283e-09
451909 2.06307e-09 0 2.06307e-09
455072 2.03374e-09 0 2.03374e-09
458258 2.00482e-09 0 2.00482e-09
461466 1.9763e-09 0 1.9763e-09
464696 1.9482e-09 0 1.9482e-09
467949 1.92049e-09 0 1.92049e-09
471224 1.89317e-09 0 1.89317e-09
474523 1.86624e-09 0 1.86624e-09
477845 1.83969e-09 0 1.83969e-09
481189 1.81352e-09 0 1.81352e-09
484558 1.78771e-09 0 1.78771e-09
487950 1.76227e-09 0 1.76227e-09
491365 1.7372e-09 0 1.7372e-09
494805 1.71247e-09 0 1.71247e-09
498269 1.6881e-09 0 1.6881e-09
501756 1.66404e-09 0 1.66404e-09
505269 1.64036e-09 0 1.64036e-09
508806 1.61701e-09 0 1.61701e-09
512367 1.59399e-09 0 1.59399e-09
515954 1.57129e-09 0 1.57129e-09
519565 1.54892e-09 0 1.54892e-09
523202 1.52686e-09 0 1.52686e-09
526865 1.50512e-09 0 1.50512e-09
530553 1.48369e-09 0 1.48369e-09
534267 1.46255e-09 0 1.46255e-09
538007 1.44172e-09 0 1.44172e-09
541773 1.42118e-09 0 1.42118e-09
545565 1.40094e-09 0 1.40094e-09
549384 1.38098e-09 0 1.38098e-09
553230 1.3613e-09 0 1.3613e-09
557102 1.3419e-09 0 1.3419e-09
561002 1.32278e-09 0 1.32278e-09
564929 1.30391e-09 0 1.30391e-09
568884 1.28532e-09 0 1.28532e-09
572866 1.267e-09 0 1.267e-09
576876 1.24894e-09 0 1.24894e-09
580914 1.23114e-09 0 1.23114e-09
584980 1.21358e-09 0 1.21358e-09
589075 1.19628e-09 0 1.19628e-09
593199 1.17922e-09 0 1.17922e-09
597351 1.16241e-09 0 1.16241e-09
601533 1.14583e-09 0 1.14583e-09
605743 1.12949e-09 0 1.12949e-09
609984 1.11337e-09 0 1.11337e-09
614253 1.09749e-09 0 1.09749e-09
618553 1.08184e-09 0 1.08184e-09
622883 1.0664e-09 0 1.0664e-09
627243 1.05118e-09 0 1.05118e-09
631634 1.03618e-09 0 1.03618e-09
636055 1.02138e-09 0 1.02138e-09
640508 1.00681e-09 0 1.00681e-09
644991 9.92436e-10 0 9.92436e-10
