6.7469 8.25114e-07 113.054 6.57542e-56
6.79413 1.00591e-06 112.091 2.09886e-55
6.84169 1.2229e-06 111.11 6.80929e-55
6.88958 1.48258e-06 110.129 2.20013e-54
6.93781 1.79305e-06 109.137 7.17583e-54
6.98637 2.16205e-06 108.139 2.34699e-53
7.03528 2.60009e-06 107.132 7.73029e-53
7.08452 3.11873e-06 106.119 2.55235e-52
7.13411 3.73122e-06 105.099 8.46689e-52
7.18405 4.45269e-06 104.075 2.81391e-51
7.23434 5.30039e-06 103.045 9.38477e-51
7.28498 6.29394e-06 102.009 3.13997e-50
7.33598 7.45559e-06 100.969 1.05293e-49
7.38733 8.81051e-06 99.9225 3.54163e-49
7.43904 1.03871e-05 98.8703 1.19589e-48
7.49111 1.22173e-05 97.8109 4.05722e-48
7.54355 1.43371e-05 96.744 1.38374e-47
7.59636 1.67867e-05 95.6699 4.74306e-47
7.64953 1.96109e-05 94.5942 1.62465e-46
7.70308 2.286e-05 93.5082 5.61042e-46
7.757 2.65896e-05 92.4201 1.93727e-45
7.8113 3.08686e-05 91.324 6.7298e-45
7.86598 3.57523e-05 90.2276 2.33312e-44
7.92104 4.13228e-05 89.1242 8.12906e-44
7.97649 4.76634e-05 88.0074 2.86447e-43
8.03232 5.48661e-05 86.9028 9.95133e-43
8.08855 6.30316e-05 85.773 3.53856e-42
8.14517 7.22704e-05 84.6563 1.23936e-41
8.20218 8.27033e-05 83.5247 4.39741e-41
8.2596 9.44619e-05 82.3905 1.56144e-40
8.31742 0.00010769 81.2544 5.54401e-40
8.37564 0.000122542 80.1111 1.97924e-39
8.43427 0.000139189 78.9726 7.01835e-39
8.49331 0.000157813 77.8133 2.53649e-38
8.55276 0.00017861 76.6663 9.04001e-38
8.61263 0.000201795 75.5089 3.24944e-37
8.67292 0.000227597 74.3532 1.16402e-36
8.73363 0.000256307 73.1862 4.21113e-36
8.79476 0.0002881 72.0147 1.52741e-35
8.85633 0.000323302 70.8509 5.48846e-35
8.91832 0.000362213 69.678 1.98705e-34
8.98075 0.000405157 68.5051 7.18197e-34
9.04361 0.000452474 67.3314 2.59385e-33
9.10692 0.000504529 66.155 9.37829e-33
9.17067 0.000561706 64.9752 3.39749e-32
9.23486 0.000624415 63.7915 1.23364e-31
9.29951 0.000693086 62.6135 4.44717e-31
9.3646 0.000768176 61.434 1.60322e-30
9.43016 0.000850162 60.2552 5.7677e-30
9.49617 0.000939551 59.0675 2.09041e-29
9.56264 0.00103687 57.8856 7.52194e-29
9.62958 0.00114268 56.7054 2.69816e-28
9.69699 0.00125755 55.5224 9.69295e-28
9.76486 0.0013821 54.3396 3.47661e-27
9.83322 0.00151717 53.1621 1.23883e-26
9.90205 0.001663 51.9758 4.44714e-26
9.97137 0.00182049 50.803 1.57295e-25
10.0412 0.00199034 49.6248 5.58655e-25
10.1115 0.0021733 48.4569 1.9613e-24
10.1822 0.00237012 47.2865 6.89462e-24
10.2535 0.00258161 46.1162 2.42043e-23
10.3253 0.00280857 44.9598 8.36966e-23
10.3976 0.00305184 43.8032 2.89122e-22
10.4703 0.00331229 42.6475 9.96646e-22
10.5436 0.00359081 41.4921 3.43079e-21
10.6174 0.0038883 40.3521 1.16168e-20
10.6918 0.00420571 39.2176 3.90691e-20
10.7666 0.00454398 38.086 1.30884e-19
10.842 0.00490409 36.9625 4.34465e-19
10.9179 0.00528704 35.8438 1.43363e-18
10.9943 0.00569447 34.7336 4.6862e-18
11.0713 0.00612614 33.6296 1.52063e-17
11.1487 0.00658373 32.5363 4.87672e-17
11.2268 0.0070683 31.4566 1.54134e-16
11.3054 0.00758092 30.3851 4.82654e-16
11.3845 0.00812267 29.3195 1.50105e-15
11.4642 0.00869464 28.2659 4.60826e-15
11.5445 0.00929795 27.228 1.39135e-14
11.6253 0.00993368 26.1956 4.1737e-14
11.7066 0.010603 25.1837 1.22542e-13
11.7886 0.0113069 24.1782 3.57172e-13
11.8711 0.0120466 23.1925 1.01973e-12
11.9542 0.0128233 22.2151 2.88469e-12
12.0379 0.0136379 21.2602 7.97151e-12
12.1222 0.0144917 20.3183 2.17262e-11
12.207 0.0153857 19.3895 5.83911e-11
12.2925 0.016321 18.4822 1.5348e-10
12.3785 0.0173003 17.592 3.96241e-10
12.4652 0.0183215 16.7217 1.00194e-09
12.5524 0.0193873 15.8693 2.48641e-09
12.6403 0.0204988 15.0356 6.05158e-09
12.7288 0.0216568 14.2224 1.44168e-08
12.8179 0.0228625 13.4341 3.34802e-08
12.9076 0.0241169 12.6653 7.61844e-08
12.9979 0.0254209 11.9188 1.69402e-07
13.0889 0.0267754 11.1967 3.67333e-07
13.1805 0.0281814 10.4972 7.78187e-07
13.2728 0.0296398 9.82028 1.61058e-06
13.3657 0.0311515 9.17139 3.23889e-06
13.4593 0.0327172 8.54699 6.35135e-06
13.5535 0.0343378 7.94636 1.21537e-05
13.6484 0.036014 7.37237 2.26304e-05
13.7439 0.0377466 6.82461 4.10193e-05
13.8401 0.0395391 6.30164 7.24872e-05
13.937 0.0413865 5.80432 0.000124759
14.0346 0.0432923 5.33585 0.000208487
14.1328 0.045257 4.89104 0.000340043
14.2317 0.0472812 4.47194 0.000540196
14.3313 0.0493654 4.07836 0.000836016
14.4317 0.0515101 3.70973 0.00126118
14.5327 0.0537156 3.36583 0.00185497
14.6344 0.0559824 3.04567 0.00266277
14.7369 0.0583108 2.7487 0.00373254
14.84 0.060701 2.47394 0.0051142
14.9439 0.0631533 2.21939 0.00686319
15.0485 0.0656679 1.98698 0.00900365
15.1538 0.0682449 1.77364 0.0115822
15.2599 0.0708845 1.57856 0.0146215
15.3667 0.0735867 1.40085 0.0181309
15.4743 0.0763515 1.24038 0.0220865
15.5826 0.0791832 1.09475 0.0264965
15.6917 0.082073 0.963449 0.031317
15.8015 0.0850251 0.845664 0.0364989
15.9122 0.0880395 0.740188 0.041997
16.0235 0.0911159 0.646153 0.04775
16.1357 0.094254 0.56254 0.0537021
16.2487 0.0974535 0.488352 0.059801
16.3624 0.100714 0.422678 0.0659969
16.4769 0.104035 0.364705 0.0722423
16.5923 0.107417 0.313966 0.0784727
16.7084 0.110858 0.269315 0.0846848
16.8254 0.114359 0.230474 0.0908188
16.9432 0.117918 0.196601 0.0968718
17.0618 0.121535 0.167142 0.102829
17.1812 0.12521 0.141666 0.108671
17.3015 0.128942 0.119704 0.114395
17.4226 0.132735 0.100821 0.120005
17.5445 0.136578 0.0846516 0.125493
17.6673 0.140476 0.0708292 0.13087
17.791 0.144427 0.0590495 0.136146
17.9156 0.148431 0.0490089 0.141332
18.041 0.152488 0.0405737 0.146424
18.1672 0.156595 0.0334195 0.151448
18.2944 0.160753 0.0274522 0.1564
18.4225 0.16496 0.0224403 0.161299
18.5514 0.169215 0.0182632 0.166153
18.6813 0.173518 0.014795 0.170969
18.8121 0.177866 0.0119422 0.175755
18.9437 0.182261 0.00959205 0.180521
19.0764 0.186699 0.00767097 0.185272
19.2099 0.19118 0.00610543 0.190016
19.3444 0.195703 0.0048286 0.19476
19.4798 0.200267 0.00380796 0.199506
19.6161 0.204877 0.00298484 0.204267
19.7534 0.209519 0.00232932 0.209032
19.8917 0.214199 0.00180633 0.213812
20.031 0.218914 0.00139623 0.218609
20.1712 0.223664 0.00107277 0.223425
20.3124 0.228449 0.000820163 0.228261
20.4546 0.233265 0.000623674 0.23312
20.5977 0.238113 0.000471418 0.238001
20.7419 0.242991 0.000354833 0.242905
20.8871 0.247898 0.000265233 0.247833
21.0333 0.252833 0.00019712 0.252783
21.1806 0.257794 0.000145308 0.257757
21.3288 0.26278 0.000106235 0.262752
21.4781 0.26779 7.71848e-05 0.26777
21.6285 0.272823 5.54755e-05 0.272808
21.7799 0.277877 3.94434e-05 0.277866
21.9323 0.282959 2.76607e-05 0.282952
22.0859 0.288053 1.91176e-05 0.288047
22.2405 0.293163 1.29923e-05 0.29316
22.3961 0.298291 8.59453e-06 0.298288
22.5529 0.303434 5.51846e-06 0.303432
22.7108 0.30859 3.38107e-06 0.308589
22.8698 0.31376 1.96984e-06 0.31376
23.0298 0.318942 1.04532e-06 0.318941
23.1911 0.324134 4.67871e-07 0.324134
23.3534 0.329335 1.30577e-07 0.329335
23.5169 0.334545 0 0.334545
23.6815 0.339761 0 0.339761
23.8473 0.344984 0 0.344984
24.0142 0.350211 0 0.350211
24.1823 0.355442 0 0.355442
24.3516 0.360676 0 0.360676
24.522 0.365911 0 0.365911
24.6937 0.371154 0 0.371154
24.8665 0.376388 0 0.376388
25.0406 0.381621 0 0.381621
25.2159 0.38685 0 0.38685
25.3924 0.392077 0 0.392077
25.5701 0.397298 0 0.397298
25.7491 0.402514 0 0.402514
25.9294 0.407723 0 0.407723
26.1109 0.412924 0 0.412924
26.2937 0.418117 0 0.418117
26.4777 0.423301 0 0.423301
26.6631 0.428474 0 0.428474
26.8497 0.433635 0 0.433635
27.0376 0.438785 0 0.438785
27.2269 0.443922 0 0.443922
27.4175 0.449045 0 0.449045
27.6094 0.454161 0 0.454161
27.8027 0.459254 0 0.459254
27.9973 0.464331 0 0.464331
28.1933 0.469391 0 0.469391
28.3906 0.474434 0 0.474434
28.5894 0.479458 0 0.479458
28.7895 0.484464 0 0.484464
28.991 0.48945 0 0.48945
29.194 0.494415 0 0.494415
29.3983 0.49936 0 0.49936
29.6041 0.504283 0 0.504283
29.8113 0.509185 0 0.509185
30.02 0.514063 0 0.514063
30.2302 0.518919 0 0.518919
30.4418 0.523751 0 0.523751
30.6549 0.528558 0 0.528558
30.8694 0.533341 0 0.533341
31.0855 0.538106 0 0.538106
31.3031 0.542837 0 0.542837
31.5223 0.547543 0 0.547543
31.7429 0.552221 0 0.552221
31.9651 0.556873 0 0.556873
32.1889 0.561498 0 0.561498
32.4142 0.566095 0 0.566095
32.6411 0.570664 0 0.570664
32.8696 0.575204 0 0.575204
33.0997 0.579715 0 0.579715
33.3314 0.584198 0 0.584198
33.5647 0.588651 0 0.588651
33.7996 0.593074 0 0.593074
34.0362 0.597467 0 0.597467
34.2745 0.60183 0 0.60183
34.5144 0.606163 0 0.606163
34.756 0.610471 0 0.610471
34.9993 0.614742 0 0.614742
35.2443 0.618982 0 0.618982
35.491 0.62319 0 0.62319
35.7394 0.627367 0 0.627367
35.9896 0.631513 0 0.631513
36.2415 0.635626 0 0.635626
36.4952 0.639708 0 0.639708
36.7507 0.643758 0 0.643758
37.008 0.647775 0 0.647775
37.267 0.651761 0 0.651761
37.5279 0.655714 0 0.655714
37.7906 0.659635 0 0.659635
38.0551 0.663523 0 0.663523
38.3215 0.667379 0 0.667379
38.5897 0.671202 0 0.671202
38.8599 0.674993 0 0.674993
39.1319 0.678756 0 0.678756
39.4058 0.682481 0 0.682481
39.6817 0.686174 0 0.686174
39.9594 0.689834 0 0.689834
40.2391 0.693461 0 0.693461
40.5208 0.697056 0 0.697056
40.8045 0.700618 0 0.700618
41.0901 0.704148 0 0.704148
41.3777 0.707645 0 0.707645
41.6674 0.71111 0 0.71111
41.959 0.714543 0 0.714543
42.2528 0.717943 0 0.717943
42.5485 0.721311 0 0.721311
42.8464 0.724647 0 0.724647
43.1463 0.727951 0 0.727951
43.4483 0.731223 0 0.731223
43.7525 0.734468 0 0.734468
44.0587 0.737676 0 0.737676
44.3671 0.740853 0 0.740853
44.6777 0.743998 0 0.743998
44.9904 0.747112 0 0.747112
45.3054 0.750195 0 0.750195
45.6225 0.753246 0 0.753246
45.9419 0.756267 0 0.756267
46.2635 0.759257 0 0.759257
46.5873 0.762216 0 0.762216
46.9134 0.765144 0 0.765144
47.2418 0.768043 0 0.768043
47.5725 0.770911 0 0.770911
47.9055 0.773749 0 0.773749
48.2409 0.776557 0 0.776557
48.5785 0.779335 0 0.779335
48.9186 0.782084 0 0.782084
49.261 0.784808 0 0.784808
49.6058 0.787498 0 0.787498
49.9531 0.790159 0 0.790159
50.3028 0.792792 0 0.792792
50.6549 0.795396 0 0.795396
51.0095 0.797971 0 0.797971
51.3665 0.800519 0 0.800519
51.7261 0.803038 0 0.803038
52.0882 0.80553 0 0.80553
52.4528 0.807993 0 0.807993
52.82 0.81043 0 0.81043
53.1897 0.812839 0 0.812839
53.562 0.815221 0 0.815221
53.937 0.817577 0 0.817577
54.3145 0.819905 0 0.819905
54.6947 0.822208 0 0.822208
55.0776 0.824487 0 0.824487
55.4631 0.826737 0 0.826737
55.8514 0.828961 0 0.828961
56.2423 0.83116 0 0.83116
56.636 0.833334 0 0.833334
57.0325 0.835482 0 0.835482
57.4317 0.837605 0 0.837605
57.8337 0.839704 0 0.839704
58.2386 0.841778 0 0.841778
58.6462 0.843828 0 0.843828
59.0568 0.845854 0 0.845854
59.4702 0.847856 0 0.847856
59.8864 0.849834 0 0.849834
60.3057 0.851789 0 0.851789
60.7278 0.85372 0 0.85372
61.1529 0.855629 0 0.855629
61.581 0.857515 0 0.857515
62.012 0.859381 0 0.859381
62.4461 0.861222 0 0.861222
62.8832 0.863041 0 0.863041
63.3234 0.864837 0 0.864837
63.7667 0.866612 0 0.866612
64.213 0.868366 0 0.868366
64.6625 0.870098 0 0.870098
65.1152 0.87181 0 0.87181
65.571 0.8735 0 0.8735
66.03 0.87517 0 0.87517
66.4922 0.876819 0 0.876819
66.9576 0.878448 0 0.878448
67.4263 0.880057 0 0.880057
67.8983 0.881646 0 0.881646
68.3736 0.883215 0 0.883215
68.8522 0.884765 0 0.884765
69.3342 0.886298 0 0.886298
69.8195 0.88781 0 0.88781
70.3083 0.889303 0 0.889303
70.8004 0.890777 0 0.890777
71.296 0.892233 0 0.892233
71.7951 0.893671 0 0.893671
72.2977 0.89509 0 0.89509
72.8037 0.896492 0 0.896492
73.3134 0.897876 0 0.897876
73.8266 0.899243 0 0.899243
74.3434 0.900592 0 0.900592
74.8638 0.901924 0 0.901924
75.3878 0.90324 0 0.90324
75.9155 0.904538 0 0.904538
76.4469 0.905821 0 0.905821
76.9821 0.907086 0 0.907086
77.5209 0.908336 0 0.908336
78.0636 0.909572 0 0.909572
78.61 0.91079 0 0.91079
79.1603 0.911992 0 0.911992
79.7144 0.913179 0 0.913179
80.2724 0.91435 0 0.91435
80.8343 0.915507 0 0.915507
81.4002 0.916649 0 0.916649
81.97 0.917776 0 0.917776
82.5438 0.918888 0 0.918888
83.1216 0.919986 0 0.919986
83.7034 0.92107 0 0.92107
84.2893 0.922139 0 0.922139
84.8794 0.923195 0 0.923195
85.4735 0.924237 0 0.924237
86.0718 0.925266 0 0.925266
86.6743 0.926281 0 0.926281
87.2811 0.927284 0 0.927284
87.892 0.928273 0 0.928273
88.5073 0.929249 0 0.929249
89.1268 0.930212 0 0.930212
89.7507 0.931163 0 0.931163
90.379 0.932101 0 0.932101
91.0116 0.933026 0 0.933026
91.6487 0.93394 0 0.93394
92.2902 0.934841 0 0.934841
92.9363 0.935731 0 0.935731
93.5868 0.936609 0 0.936609
94.2419 0.937475 0 0.937475
94.9016 0.93833 0 0.93833
95.5659 0.939173 0 0.939173
96.2349 0.940006 0 0.940006
96.9085 0.940827 0 0.940827
97.5869 0.941637 0 0.941637
98.27 0.942438 0 0.942438
98.9579 0.943227 0 0.943227
99.6506 0.944006 0 0.944006
100.348 0.944774 0 0.944774
101.051 0.945532 0 0.945532
101.758 0.946279 0 0.946279
102.47 0.947017 0 0.947017
103.188 0.947745 0 0.947745
103.91 0.948463 0 0.948463
104.637 0.949172 0 0.949172
105.37 0.949871 0 0.949871
106.107 0.950561 0 0.950561
106.85 0.951242 0 0.951242
107.598 0.951913 0 0.951913
108.351 0.952575 0 0.952575
109.11 0.953229 0 0.953229
109.873 0.953874 0 0.953874
110.642 0.95451 0 0.95451
111.417 0.955138 0 0.955138
112.197 0.955757 0 0.955757
112.982 0.956367 0 0.956367
113.773 0.95697 0 0.95697
114.57 0.957564 0 0.957564
115.372 0.95815 0 0.95815
116.179 0.958729 0 0.958729
116.992 0.959299 0 0.959299
117.811 0.959862 0 0.959862
118.636 0.960417 0 0.960417
119.467 0.960965 0 0.960965
120.303 0.961505 0 0.961505
121.145 0.962038 0 0.962038
121.993 0.962563 0 0.962563
122.847 0.963082 0 0.963082
123.707 0.963594 0 0.963594
124.573 0.964098 0 0.964098
125.445 0.964596 0 0.964596
126.323 0.965087 0 0.965087
127.207 0.965571 0 0.965571
128.098 0.966049 0 0.966049
128.994 0.96652 0 0.96652
129.897 0.966984 0 0.966984
130.806 0.967442 0 0.967442
131.722 0.967895 0 0.967895
132.644 0.96834 0 0.96834
133.573 0.96878 0 0.96878
134.508 0.969214 0 0.969214
135.449 0.969642 0 0.969642
136.397 0.970064 0 0.970064
137.352 0.97048 0 0.97048
138.314 0.970891 0 0.970891
139.282 0.971296 0 0.971296
140.257 0.971695 0 0.971695
141.239 0.972089 0 0.972089
142.227 0.972477 0 0.972477
143.223 0.97286 0 0.97286
144.225 0.973238 0 0.973238
145.235 0.973611 0 0.973611
146.252 0.973978 0 0.973978
147.275 0.974341 0 0.974341
148.306 0.974698 0 0.974698
149.344 0.975051 0 0.975051
150.39 0.975398 0 0.975398
151.443 0.975741 0 0.975741
152.503 0.97608 0 0.97608
153.57 0.976413 0 0.976413
154.645 0.976742 0 0.976742
155.728 0.977067 0 0.977067
156.818 0.977387 0 0.977387
157.916 0.977702 0 0.977702
159.021 0.978013 0 0.978013
160.134 0.97832 0 0.97832
161.255 0.978623 0 0.978623
162.384 0.978921 0 0.978921
163.521 0.979216 0 0.979216
164.665 0.979506 0 0.979506
165.818 0.979792 0 0.979792
166.979 0.980074 0 0.980074
168.147 0.980353 0 0.980353
169.324 0.980627 0 0.980627
170.51 0.980898 0 0.980898
171.703 0.981165 0 0.981165
172.905 0.981428 0 0.981428
174.116 0.981688 0 0.981688
175.334 0.981944 0 0.981944
176.562 0.982197 0 0.982197
177.798 0.982446 0 0.982446
179.042 0.982691 0 0.982691
180.296 0.982934 0 0.982934
181.558 0.983172 0 0.983172
182.828 0.983408 0 0.983408
184.108 0.98364 0 0.98364
185.397 0.983869 0 0.983869
186.695 0.984095 0 0.984095
188.002 0.984317 0 0.984317
189.318 0.984537 0 0.984537
190.643 0.984753 0 0.984753
191.977 0.984967 0 0.984967
193.321 0.985177 0 0.985177
194.675 0.985385 0 0.985385
196.037 0.98559 0 0.98559
197.409 0.985792 0 0.985792
198.791 0.985991 0 0.985991
200.183 0.986187 0 0.986187
201.584 0.986381 0 0.986381
202.995 0.986572 0 0.986572
204.416 0.98676 0 0.98676
205.847 0.986945 0 0.986945
207.288 0.987128 0 0.987128
208.739 0.987309 0 0.987309
210.2 0.987487 0 0.987487
211.672 0.987662 0 0.987662
213.153 0.987835 0 0.987835
214.645 0.988006 0 0.988006
216.148 0.988174 0 0.988174
217.661 0.98834 0 0.98834
219.185 0.988504 0 0.988504
220.719 0.988665 0 0.988665
222.264 0.988824 0 0.988824
223.82 0.988981 0 0.988981
225.387 0.989135 0 0.989135
226.964 0.989288 0 0.989288
228.553 0.989438 0 0.989438
230.153 0.989586 0 0.989586
231.764 0.989732 0 0.989732
233.386 0.989876 0 0.989876
235.02 0.990019 0 0.990019
236.665 0.990159 0 0.990159
238.322 0.990297 0 0.990297
239.99 0.990433 0 0.990433
241.67 0.990567 0 0.990567
243.362 0.9907 0 0.9907
245.065 0.99083 0 0.99083
246.781 0.990959 0 0.990959
248.508 0.991086 0 0.991086
250.248 0.991212 0 0.991212
251.999 0.991335 0 0.991335
253.763 0.991457 0 0.991457
255.54 0.991577 0 0.991577
257.329 0.991695 0 0.991695
259.13 0.991812 0 0.991812
260.944 0.991927 0 0.991927
262.77 0.99204 0 0.99204
264.61 0.992152 0 0.992152
266.462 0.992262 0 0.992262
268.327 0.992371 0 0.992371
270.206 0.992478 0 0.992478
272.097 0.992584 0 0.992584
274.002 0.992688 0 0.992688
275.92 0.992791 0 0.992791
277.851 0.992892 0 0.992892
279.796 0.992992 0 0.992992
281.755 0.993091 0 0.993091
283.727 0.993188 0 0.993188
285.713 0.993284 0 0.993284
287.713 0.993378 0 0.993378
289.727 0.993471 0 0.993471
291.755 0.993563 0 0.993563
293.797 0.993653 0 0.993653
295.854 0.993743 0 0.993743
297.925 0.993831 0 0.993831
300.01 0.993917 0 0.993917
302.11 0.994003 0 0.994003
304.225 0.994087 0 0.994087
306.355 0.99417 0 0.99417
308.499 0.994252 0 0.994252
310.659 0.994333 0 0.994333
312.833 0.994413 0 0.994413
315.023 0.994492 0 0.994492
317.228 0.994569 0 0.994569
319.449 0.994646 0 0.994646
321.685 0.994721 0 0.994721
323.937 0.994795 0 0.994795
326.204 0.994868 0 0.994868
328.488 0.994941 0 0.994941
330.787 0.995012 0 0.995012
333.103 0.995082 0 0.995082
335.435 0.995151 0 0.995151
337.783 0.995219 0 0.995219
340.147 0.995287 0 0.995287
342.528 0.995353 0 0.995353
344.926 0.995418 0 0.995418
347.34 0.995483 0 0.995483
349.772 0.995546 0 0.995546
352.22 0.995609 0 0.995609
354.686 0.995671 0 0.995671
357.168 0.995732 0 0.995732
359.669 0.995792 0 0.995792
362.186 0.995851 0 0.995851
364.722 0.99591 0 0.99591
367.275 0.995967 0 0.995967
369.846 0.996024 0 0.996024
372.434 0.99608 0 0.99608
375.041 0.996135 0 0.996135
377.667 0.996189 0 0.996189
380.31 0.996243 0 0.996243
382.973 0.996296 0 0.996296
385.653 0.996348 0 0.996348
388.353 0.996399 0 0.996399
391.071 0.99645 0 0.99645
393.809 0.9965 0 0.9965
396.566 0.996549 0 0.996549
399.342 0.996598 0 0.996598
402.137 0.996646 0 0.996646
404.952 0.996693 0 0.996693
407.787 0.99674 0 0.99674
410.641 0.996786 0 0.996786
413.516 0.996831 0 0.996831
416.41 0.996876 0 0.996876
419.325 0.996919 0 0.996919
422.26 0.996963 0 0.996963
425.216 0.997006 0 0.997006
428.193 0.997048 0 0.997048
431.19 0.997089 0 0.997089
434.208 0.99713 0 0.99713
437.248 0.997171 0 0.997171
440.309 0.997211 0 0.997211
443.391 0.99725 0 0.99725
446.494 0.997289 0 0.997289
449.62 0.997327 0 0.997327
452.767 0.997364 0 0.997364
455.937 0.997402 0 0.997402
459.128 0.997438 0 0.997438
462.342 0.997474 0 0.997474
465.578 0.99751 0 0.99751
468.838 0.997545 0 0.997545
472.119 0.997579 0 0.997579
475.424 0.997614 0 0.997614
478.752 0.997647 0 0.997647
482.103 0.99768 0 0.99768
485.478 0.997713 0 0.997713
488.877 0.997745 0 0.997745
492.299 0.997777 0 0.997777
495.745 0.997808 0 0.997808
499.215 0.997839 0 0.997839
502.709 0.99787 0 0.99787
506.228 0.9979 0 0.9979
509.772 0.997929 0 0.997929
513.34 0.997958 0 0.997958
516.934 0.997987 0 0.997987
520.552 0.998016 0 0.998016
524.196 0.998043 0 0.998043
527.866 0.998071 0 0.998071
531.561 0.998098 0 0.998098
535.282 0.998125 0 0.998125
539.029 0.998151 0 0.998151
542.802 0.998177 0 0.998177
546.601 0.998203 0 0.998203
550.428 0.998228 0 0.998228
554.281 0.998253 0 0.998253
558.161 0.998278 0 0.998278
562.068 0.998302 0 0.998302
566.002 0.998326 0 0.998326
569.964 0.99835 0 0.99835
573.954 0.998373 0 0.998373
577.972 0.998396 0 0.998396
582.017 0.998419 0 0.998419
586.092 0.998441 0 0.998441
590.194 0.998463 0 0.998463
594.326 0.998484 0 0.998484
598.486 0.998506 0 0.998506
602.675 0.998527 0 0.998527
606.894 0.998548 0 0.998548
611.142 0.998568 0 0.998568
615.42 0.998588 0 0.998588
619.728 0.998608 0 0.998608
624.066 0.998628 0 0.998628
628.435 0.998647 0 0.998647
632.834 0.998666 0 0.998666
637.264 0.998685 0 0.998685
641.724 0.998703 0 0.998703
646.216 0.998722 0 0.998722
650.74 0.99874 0 0.99874
655.295 0.998758 0 0.998758
659.882 0.998775 0 0.998775
664.501 0.998792 0 0.998792
669.153 0.998809 0 0.998809
673.837 0.998826 0 0.998826
678.554 0.998843 0 0.998843
683.304 0.998859 0 0.998859
688.087 0.998875 0 0.998875
692.903 0.998891 0 0.998891
697.754 0.998906 0 0.998906
702.638 0.998922 0 0.998922
707.557 0.998937 0 0.998937
712.509 0.998952 0 0.998952
717.497 0.998967 0 0.998967
722.519 0.998981 0 0.998981
727.577 0.998996 0 0.998996
732.67 0.99901 0 0.99901
737.799 0.999024 0 0.999024
742.963 0.999038 0 0.999038
748.164 0.999051 0 0.999051
753.401 0.999065 0 0.999065
758.675 0.999078 0 0.999078
763.986 0.999091 0 0.999091
769.334 0.999104 0 0.999104
774.719 0.999116 0 0.999116
780.142 0.999129 0 0.999129
785.603 0.999141 0 0.999141
791.102 0.999153 0 0.999153
796.64 0.999165 0 0.999165
802.217 0.999177 0 0.999177
807.832 0.999188 0 0.999188
813.487 0.9992 0 0.9992
819.181 0.999211 0 0.999211
824.916 0.999222 0 0.999222
830.69 0.999233 0 0.999233
836.505 0.999244 0 0.999244
842.36 0.999255 0 0.999255
848.257 0.999265 0 0.999265
854.195 0.999275 0 0.999275
860.174 0.999286 0 0.999286
866.195 0.999296 0 0.999296
872.259 0.999306 0 0.999306
878.364 0.999315 0 0.999315
884.513 0.999325 0 0.999325
890.705 0.999335 0 0.999335
896.939 0.999344 0 0.999344
903.218 0.999353 0 0.999353
909.541 0.999362 0 0.999362
915.907 0.999371 0 0.999371
922.319 0.99938 0 0.99938
928.775 0.999389 0 0.999389
935.276 0.999397 0 0.999397
941.823 0.999406 0 0.999406
948.416 0.999414 0 0.999414
955.055 0.999423 0 0.999423
961.74 0.999431 0 0.999431
968.473 0.999439 0 0.999439
975.252 0.999447 0 0.999447
982.079 0.999454 0 0.999454
988.953 0.999462 0 0.999462
995.876 0.99947 0 0.99947
1002.85 0.999477 0 0.999477
1009.87 0.999485 0 0.999485
1016.94 0.999492 0 0.999492
1024.05 0.999499 0 0.999499
1031.22 0.999506 0 0.999506
1038.44 0.999513 0 0.999513
1045.71 0.99952 0 0.99952
1053.03 0.999527 0 0.999527
1060.4 0.999533 0 0.999533
1067.82 0.99954 0 0.99954
1075.3 0.999546 0 0.999546
1082.83 0.999553 0 0.999553
1090.41 0.999559 0 0.999559
1098.04 0.999565 0 0.999565
1105.73 0.999571 0 0.999571
1113.47 0.999577 0 0.999577
1121.26 0.999583 0 0.999583
1129.11 0.999589 0 0.999589
1137.01 0.999595 0 0.999595
1144.97 0.999601 0 0.999601
1152.99 0.999606 0 0.999606
1161.06 0.999612 0 0.999612
1169.18 0.999617 0 0.999617
1177.37 0.999623 0 0.999623
1185.61 0.999628 0 0.999628
1193.91 0.999633 0 0.999633
1202.27 0.999639 0 0.999639
1210.68 0.999644 0 0.999644
1219.16 0.999649 0 0.999649
1227.69 0.999654 0 0.999654
1236.29 0.999658 0 0.999658
1244.94 0.999663 0 0.999663
1253.65 0.999668 0 0.999668
1262.43 0.999673 0 0.999673
1271.27 0.999677 0 0.999677
1280.17 0.999682 0 0.999682
1289.13 0.999686 0 0.999686
1298.15 0.999691 0 0.999691
1307.24 0.999695 0 0.999695
1316.39 0.999699 0 0.999699
1325.6 0.999704 0 0.999704
1334.88 0.999708 0 0.999708
1344.23 0.999712 0 0.999712
1353.64 0.999716 0 0.999716
1363.11 0.99972 0 0.99972
1372.65 0.999724 0 0.999724
1382.26 0.999728 0 0.999728
1391.94 0.999732 0 0.999732
1401.68 0.999735 0 0.999735
1411.49 0.999739 0 0.999739
1421.37 0.999743 0 0.999743
1431.32 0.999746 0 0.999746
1441.34 0.99975 0 0.99975
1451.43 0.999754 0 0.999754
1461.59 0.999757 0 0.999757
1471.82 0.99976 0 0.99976
1482.13 0.999764 0 0.999764
1492.5 0.999767 0 0.999767
1502.95 0.99977 0 0.99977
1513.47 0.999774 0 0.999774
1524.06 0.999777 0 0.999777
1534.73 0.99978 0 0.99978
1545.47 0.999783 0 0.999783
1556.29 0.999786 0 0.999786
1567.19 0.999789 0 0.999789
1578.16 0.999792 0 0.999792
1589.2 0.999795 0 0.999795
1600.33 0.999798 0 0.999798
1611.53 0.999801 0 0.999801
1622.81 0.999804 0 0.999804
1634.17 0.999806 0 0.999806
1645.61 0.999809 0 0.999809
1657.13 0.999812 0 0.999812
1668.73 0.999814 0 0.999814
1680.41 0.999817 0 0.999817
1692.17 0.99982 0 0.99982
1704.02 0.999822 0 0.999822
1715.95 0.999825 0 0.999825
1727.96 0.999827 0 0.999827
1740.05 0.99983 0 0.99983
1752.23 0.999832 0 0.999832
1764.5 0.999834 0 0.999834
1776.85 0.999837 0 0.999837
1789.29 0.999839 0 0.999839
1801.81 0.999841 0 0.999841
1814.43 0.999844 0 0.999844
1827.13 0.999846 0 0.999846
1839.92 0.999848 0 0.999848
1852.8 0.99985 0 0.99985
1865.77 0.999852 0 0.999852
1878.83 0.999854 0 0.999854
1891.98 0.999856 0 0.999856
1905.22 0.999858 0 0.999858
1918.56 0.99986 0 0.99986
1931.99 0.999862 0 0.999862
1945.51 0.999864 0 0.999864
1959.13 0.999866 0 0.999866
1972.85 0.999868 0 0.999868
1986.66 0.99987 0 0.99987
2000.56 0.999872 0 0.999872
2014.57 0.999874 0 0.999874
2028.67 0.999875 0 0.999875
2042.87 0.999877 0 0.999877
2057.17 0.999879 0 0.999879
2071.57 0.999881 0 0.999881
2086.07 0.999882 0 0.999882
2100.67 0.999884 0 0.999884
2115.38 0.999885 0 0.999885
2130.19 0.999887 0 0.999887
2145.1 0.999889 0 0.999889
2160.11 0.99989 0 0.99989
2175.23 0.999892 0 0.999892
2190.46 0.999893 0 0.999893
2205.79 0.999895 0 0.999895
2221.23 0.999896 0 0.999896
2236.78 0.999898 0 0.999898
2252.44 0.999899 0 0.999899
2268.21 0.999901 0 0.999901
2284.08 0.999902 0 0.999902
2300.07 0.999903 0 0.999903
2316.17 0.999905 0 0.999905
2332.39 0.999906 0 0.999906
2348.71 0.999907 0 0.999907
2365.15 0.999909 0 0.999909
2381.71 0.99991 0 0.99991
2398.38 0.999911 0 0.999911
2415.17 0.999913 0 0.999913
2432.08 0.999914 0 0.999914
2449.1 0.999915 0 0.999915
2466.25 0.999916 0 0.999916
2483.51 0.999917 0 0.999917
2500.89 0.999919 0 0.999919
2518.4 0.99992 0 0.99992
2536.03 0.999921 0 0.999921
2553.78 0.999922 0 0.999922
2571.66 0.999923 0 0.999923
2589.66 0.999924 0 0.999924
2607.79 0.999925 0 0.999925
2626.04 0.999926 0 0.999926
2644.42 0.999927 0 0.999927
2662.93 0.999928 0 0.999928
2681.58 0.999929 0 0.999929
2700.35 0.99993 0 0.99993
2719.25 0.999931 0 0.999931
2738.28 0.999932 0 0.999932
2757.45 0.999933 0 0.999933
2776.75 0.999934 0 0.999934
2796.19 0.999935 0 0.999935
2815.76 0.999936 0 0.999936
2835.47 0.999937 0 0.999937
2855.32 0.999938 0 0.999938
2875.31 0.999939 0 0.999939
2895.44 0.99994 0 0.99994
2915.71 0.99994 0 0.99994
2936.12 0.999941 0 0.999941
2956.67 0.999942 0 0.999942
2977.36 0.999943 0 0.999943
2998.21 0.999944 0 0.999944
3019.19 0.999944 0 0.999944
3040.33 0.999945 0 0.999945
3061.61 0.999946 0 0.999946
3083.04 0.999947 0 0.999947
3104.62 0.999948 0 0.999948
3126.36 0.999948 0 0.999948
3148.24 0.999949 0 0.999949
3170.28 0.99995 0 0.99995
3192.47 0.99995 0 0.99995
3214.82 0.999951 0 0.999951
3237.32 0.999952 0 0.999952
3259.98 0.999952 0 0.999952
3282.8 0.999953 0 0.999953
3305.78 0.999954 0 0.999954
3328.92 0.999954 0 0.999954
3352.22 0.999955 0 0.999955
3375.69 0.999956 0 0.999956
3399.32 0.999956 0 0.999956
3423.11 0.999957 0 0.999957
3447.08 0.999958 0 0.999958
3471.21 0.999958 0 0.999958
3495.5 0.999959 0 0.999959
3519.97 0.999959 0 0.999959
3544.61 0.99996 0 0.99996
3569.43 0.99996 0 0.99996
3594.41 0.999961 0 0.999961
3619.57 0.999962 0 0.999962
3644.91 0.999962 0 0.999962
3670.42 0.999963 0 0.999963
3696.12 0.999963 0 0.999963
3721.99 0.999964 0 0.999964
3748.04 0.999964 0 0.999964
3774.28 0.999965 0 0.999965
3800.7 0.999965 0 0.999965
3827.3 0.999966 0 0.999966
3854.1 0.999966 0 0.999966
3881.07 0.999967 0 0.999967
3908.24 0.999967 0 0.999967
3935.6 0.999968 0 0.999968
3963.15 0.999968 0 0.999968
3990.89 0.999969 0 0.999969
4018.83 0.999969 0 0.999969
4046.96 0.999969 0 0.999969
4075.29 0.99997 0 0.99997
4103.81 0.99997 0 0.99997
4132.54 0.999971 0 0.999971
4161.47 0.999971 0 0.999971
4190.6 0.999971 0 0.999971
4219.93 0.999972 0 0.999972
4249.47 0.999972 0 0.999972
4279.22 0.999973 0 0.999973
4309.17 0.999973 0 0.999973
4339.34 0.999973 0 0.999973
4369.71 0.999974 0 0.999974
4400.3 0.999974 0 0.999974
4431.1 0.999975 0 0.999975
4462.12 0.999975 0 0.999975
4493.36 0.999975 0 0.999975
4524.81 0.999976 0 0.999976
4556.48 0.999976 0 0.999976
4588.38 0.999976 0 0.999976
4620.5 0.999977 0 0.999977
4652.84 0.999977 0 0.999977
4685.41 0.999977 0 0.999977
4718.21 0.999978 0 0.999978
4751.24 0.999978 0 0.999978
4784.49 0.999978 0 0.999978
4817.99 0.999979 0 0.999979
4851.71 0.999979 0 0.999979
4885.67 0.999979 0 0.999979
4919.87 0.999979 0 0.999979
4954.31 0.99998 0 0.99998
4988.99 0.99998 0 0.99998
5023.92 0.99998 0 0.99998
5059.08 0.999981 0 0.999981
5094.5 0.999981 0 0.999981
5130.16 0.999981 0 0.999981
5166.07 0.999981 0 0.999981
5202.23 0.999982 0 0.999982
5238.65 0.999982 0 0.999982
5275.32 0.999982 0 0.999982
5312.25 0.999982 0 0.999982
5349.43 0.999983 0 0.999983
5386.88 0.999983 0 0.999983
5424.59 0.999983 0 0.999983
5462.56 0.999983 0 0.999983
5500.8 0.999984 0 0.999984
5539.3 0.999984 0 0.999984
5578.08 0.999984 0 0.999984
5617.12 0.999984 0 0.999984
5656.44 0.999985 0 0.999985
5696.04 0.999985 0 0.999985
5735.91 0.999985 0 0.999985
5776.06 0.999985 0 0.999985
5816.49 0.999985 0 0.999985
5857.21 0.999986 0 0.999986
5898.21 0.999986 0 0.999986
5939.5 0.999986 0 0.999986
5981.07 0.999986 0 0.999986
6022.94 0.999986 0 0.999986
6065.1 0.999987 0 0.999987
6107.56 0.999987 0 0.999987
6150.31 0.999987 0 0.999987
6193.36 0.999987 0 0.999987
6236.72 0.999987 0 0.999987
6280.37 0.999987 0 0.999987
6324.34 0.999988 0 0.999988
6368.61 0.999988 0 0.999988
6413.19 0.999988 0 0.999988
6458.08 0.999988 0 0.999988
6503.28 0.999988 0 0.999988
6548.81 0.999988 0 0.999988
6594.65 0.999989 0 0.999989
6640.81 0.999989 0 0.999989
6687.3 0.999989 0 0.999989
6734.11 0.999989 0 0.999989
6781.25 0.999989 0 0.999989
6828.72 0.999989 0 0.999989
6876.52 0.99999 0 0.99999
6924.65 0.99999 0 0.99999
6973.13 0.99999 0 0.99999
7021.94 0.99999 0 0.99999
7071.09 0.99999 0 0.99999
7120.59 0.99999 0 0.99999
7170.43 0.99999 0 0.99999
7220.63 0.999991 0 0.999991
7271.17 0.999991 0 0.999991
7322.07 0.999991 0 0.999991
7373.32 0.999991 0 0.999991
7424.94 0.999991 0 0.999991
7476.91 0.999991 0 0.999991
7529.25 0.999991 0 0.999991
7581.95 0.999991 0 0.999991
7635.03 0.999992 0 0.999992
7688.47 0.999992 0 0.999992
7742.29 0.999992 0 0.999992
7796.49 0.999992 0 0.999992
7851.06 0.999992 0 0.999992
7906.02 0.999992 0 0.999992
7961.36 0.999992 0 0.999992
8017.09 0.999992 0 0.999992
8073.21 0.999992 0 0.999992
8129.72 0.999993 0 0.999993
8186.63 0.999993 0 0.999993
8243.94 0.999993 0 0.999993
8301.65 0.999993 0 0.999993
8359.76 0.999993 0 0.999993
8418.28 0.999993 0 0.999993
8477.2 0.999993 0 0.999993
8536.54 0.999993 0 0.999993
8596.3 0.999993 0 0.999993
8656.47 0.999993 0 0.999993
8717.07 0.999994 0 0.999994
8778.09 0.999994 0 0.999994
8839.54 0.999994 0 0.999994
8901.41 0.999994 0 0.999994
8963.72 0.999994 0 0.999994
9026.47 0.999994 0 0.999994
9089.65 0.999994 0 0.999994
9153.28 0.999994 0 0.999994
9217.35 0.999994 0 0.999994
9281.88 0.999994 0 0.999994
9346.85 0.999994 0 0.999994
9412.28 0.999994 0 0.999994
9478.16 0.999995 0 0.999995
9544.51 0.999995 0 0.999995
9611.32 0.999995 0 0.999995
9678.6 0.999995 0 0.999995
9746.35 0.999995 0 0.999995
9814.58 0.999995 0 0.999995
9883.28 0.999995 0 0.999995
9952.46 0.999995 0 0.999995
10022.1 0.999995 0 0.999995
10092.3 0.999995 0 0.999995
10162.9 0.999995 0 0.999995
10234.1 0.999995 0 0.999995
10305.7 0.999995 0 0.999995
10377.8 0.999995 0 0.999995
10450.5 0.999996 0 0.999996
10523.6 0.999996 0 0.999996
10597.3 0.999996 0 0.999996
10671.5 0.999996 0 0.999996
10746.2 0.999996 0 0.999996
10821.4 0.999996 0 0.999996
10897.2 0.999996 0 0.999996
10973.4 0.999996 0 0.999996
11050.3 0.999996 0 0.999996
11127.6 0.999996 0 0.999996
11205.5 0.999996 0 0.999996
11283.9 0.999996 0 0.999996
11362.9 0.999996 0 0.999996
11442.5 0.999996 0 0.999996
11522.6 0.999996 0 0.999996
11603.2 0.999996 0 0.999996
11684.5 0.999996 0 0.999996
11766.2 0.999997 0 0.999997
11848.6 0.999997 0 0.999997
11931.5 0.999997 0 0.999997
12015.1 0.999997 0 0.999997
12099.2 0.999997 0 0.999997
12183.9 0.999997 0 0.999997
12269.2 0.999997 0 0.999997
12355 0.999997 0 0.999997
12441.5 0.999997 0 0.999997
12528.6 0.999997 0 0.999997
12616.3 0.999997 0 0.999997
12704.6 0.999997 0 0.999997
12793.6 0.999997 0 0.999997
12883.1 0.999997 0 0.999997
12973.3 0.999997 0 0.999997
13064.1 0.999997 0 0.999997
13155.6 0.999997 0 0.999997
13247.6 0.999997 0 0.999997
13340.4 0.999997 0 0.999997
13433.8 0.999997 0 0.999997
13527.8 0.999997 0 0.999997
13622.5 0.999997 0 0.999997
13717.9 0.999997 0 0.999997
13813.9 0.999997 0 0.999997
13910.6 0.999998 0 0.999998
14007.9 0.999998 0 0.999998
14106 0.999998 0 0.999998
14204.7 0.999998 0 0.999998
14304.2 0.999998 0 0.999998
14404.3 0.999998 0 0.999998
14505.1 0.999998 0 0.999998
14606.7 0.999998 0 0.999998
14708.9 0.999998 0 0.999998
14811.9 0.999998 0 0.999998
14915.6 0.999998 0 0.999998
15020 0.999998 0 0.999998
15125.1 0.999998 0 0.999998
15231 0.999998 0 0.999998
15337.6 0.999998 0 0.999998
15445 0.999998 0 0.999998
15553.1 0.999998 0 0.999998
15662 0.999998 0 0.999998
15771.6 0.999998 0 0.999998
15882 0.999998 0 0.999998
15993.2 0.999998 0 0.999998
16105.1 0.999998 0 0.999998
16217.9 0.999998 0 0.999998
16331.4 0.999998 0 0.999998
16445.7 0.999998 0 0.999998
16560.8 0.999998 0 0.999998
16676.7 0.999998 0 0.999998
16793.5 0.999998 0 0.999998
16911 0.999998 0 0.999998
17029.4 0.999998 0 0.999998
17148.6 0.999998 0 0.999998
17268.7 0.999998 0 0.999998
17389.5 0.999998 0 0.999998
17511.3 0.999998 0 0.999998
17633.8 0.999998 0 0.999998
17757.3 0.999998 0 0.999998
17881.6 0.999999 0 0.999999
18006.8 0.999999 0 0.999999
18132.8 0.999999 0 0.999999
18259.7 0.999999 0 0.999999
18387.6 0.999999 0 0.999999
18516.3 0.999999 0 0.999999
18645.9 0.999999 0 0.999999
18776.4 0.999999 0 0.999999
18907.8 0.999999 0 0.999999
19040.2 0.999999 0 0.999999
19173.5 0.999999 0 0.999999
19307.7 0.999999 0 0.999999
19442.8 0.999999 0 0.999999
19578.9 0.999999 0 0.999999
19716 0.999999 0 0.999999
19854 0.999999 0 0.999999
19993 0.999999 0 0.999999
20132.9 0.999999 0 0.999999
20273.9 0.999999 0 0.999999
20415.8 0.999999 0 0.999999
20558.7 0.999999 0 0.999999
20702.6 0.999999 0 0.999999
20847.5 0.999999 0 0.999999
20993.5 0.999999 0 0.999999
21140.4 0.999999 0 0.999999
21288.4 0.999999 0 0.999999
21437.4 0.999999 0 0.999999
21587.5 0.999999 0 0.999999
21738.6 0.999999 0 0.999999
21890.8 0.999999 0 0.999999
22044 0.999999 0 0.999999
22198.3 0.999999 0 0.999999
22353.7 0.999999 0 0.999999
22510.2 0.999999 0 0.999999
22667.7 0.999999 0 0.999999
22826.4 0.999999 0 0.999999
22986.2 0.999999 0 0.999999
23147.1 0.999999 0 0.999999
23309.1 0.999999 0 0.999999
23472.3 0.999999 0 0.999999
23636.6 0.999999 0 0.999999
23802 0.999999 0 0.999999
23968.7 0.999999 0 0.999999
24136.4 0.999999 0 0.999999
24305.4 0.999999 0 0.999999
24475.5 0.999999 0 0.999999
24646.9 0.999999 0 0.999999
24819.4 0.999999 0 0.999999
24993.1 0.999999 0 0.999999
25168.1 0.999999 0 0.999999
25344.3 0.999999 0 0.999999
25521.7 0.999999 0 0.999999
25700.3 0.999999 0 0.999999
25880.2 0.999999 0 0.999999
26061.4 0.999999 0 0.999999
26243.8 0.999999 0 0.999999
26427.5 0.999999 0 0.999999
26612.5 0.999999 0 0.999999
26798.8 0.999999 0 0.999999
26986.4 0.999999 0 0.999999
27175.3 0.999999 0 0.999999
27365.5 0.999999 0 0.999999
27557.1 0.999999 0 0.999999
27750 0.999999 0 0.999999
27944.2 0.999999 0 0.999999
28139.8 0.999999 0 0.999999
28336.8 0.999999 0 0.999999
28535.2 0.999999 0 0.999999
28734.9 0.999999 0 0.999999
28936.1 0.999999 0 0.999999
29138.6 0.999999 0 0.999999
29342.6 0.999999 0 0.999999
29548 0.999999 0 0.999999
29754.8 0.999999 0 0.999999
29963.1 0.999999 0 0.999999
30172.8 0.999999 0 0.999999
30384.1 0.999999 0 0.999999
30596.7 0.999999 0 0.999999
30810.9 1 0 1
31026.6 1 0 1
31243.8 1 0 1
31462.5 1 0 1
31682.7 1 0 1
31904.5 1 0 1
32127.8 1 0 1
32352.7 1 0 1
32579.2 1 0 1
32807.3 1 0 1
33036.9 1 0 1
33268.2 1 0 1
33501 1 0 1
33735.6 1 0 1
33971.7 1 0 1
34209.5 1 0 1
34449 1 0 1
34690.1 1 0 1
34932.9 1 0 1
35177.5 1 0 1
35423.7 1 0 1
35671.7 1 0 1
35921.4 1 0 1
36172.8 1 0 1
36426 1 0 1
36681 1 0 1
36937.8 1 0 1
37196.4 1 0 1
37456.7 1 0 1
37718.9 1 0 1
37983 1 0 1
38248.8 1 0 1
38516.6 1 0 1
38786.2 1 0 1
39057.7 1 0 1
39331.1 1 0 1
39606.4 1 0 1
39883.7 1 0 1
40162.9 1 0 1
40444 1 0 1
40727.1 1 0 1
41012.2 1 0 1
41299.3 1 0 1
41588.4 1 0 1
41879.5 1 0 1
42172.6 1 0 1
42467.9 1 0 1
42765.1 1 0 1
43064.5 1 0 1
43365.9 1 0 1
43669.5 1 0 1
43975.2 1 0 1
44283 1 0 1
44593 1 0 1
44905.1 1 0 1
45219.5 1 0 1
45536 1 0 1
45854.8 1 0 1
46175.8 1 0 1
46499 1 0 1
46824.5 1 0 1
47152.2 1 0 1
47482.3 1 0 1
47814.7 1 0 1
48149.4 1 0 1
48486.4 1 0 1
48825.8 1 0 1
49167.6 1 0 1
49511.8 1 0 1
49858.4 1 0 1
50207.4 1 0 1
50558.8 1 0 1
50912.8 1 0 1
51269.1 1 0 1
51628 1 0 1
51989.4 1 0 1
52353.3 1 0 1
52719.8 1 0 1
53088.9 1 0 1
53460.5 1 0 1
53834.7 1 0 1
54211.5 1 0 1
54591 1 0 1
54973.2 1 0 1
55358 1 0 1
55745.5 1 0 1
56135.7 1 0 1
56528.7 1 0 1
56924.4 1 0 1
57322.8 1 0 1
57724.1 1 0 1
58128.2 1 0 1
58535 1 0 1
58944.8 1 0 1
59357.4 1 0 1
59772.9 1 0 1
60191.3 1 0 1
60612.7 1 0 1
61036.9 1 0 1
61464.2 1 0 1
61894.5 1 0 1
62327.7 1 0 1
62764 1 0 1
63203.4 1 0 1
63645.8 1 0 1
64091.3 1 0 1
64539.9 1 0 1
64991.7 1 0 1
65446.7 1 0 1
65904.8 1 0 1
66366.1 1 0 1
66830.7 1 0 1
67298.5 1 0 1
67769.6 1 0 1
68244 1 0 1
68721.7 1 0 1
69202.7 1 0 1
69687.2 1 0 1
70175 1 0 1
70666.2 1 0 1
71160.9 1 0 1
71659 1 0 1
72160.6 1 0 1
72665.7 1 0 1
73174.4 1 0 1
73686.6 1 0 1
74202.4 1 0 1
74721.8 1 0 1
75244.9 1 0 1
75771.6 1 0 1
76302 1 0 1
76836.1 1 0 1
77374 1 0 1
77915.6 1 0 1
78461 1 0 1
79010.2 1 0 1
79563.3 1 0 1
80120.2 1 0 1
80681.1 1 0 1
81245.8 1 0 1
81814.6 1 0 1
82387.3 1 0 1
82964 1 0 1
83544.7 1 0 1
84129.5 1 0 1
84718.4 1 0 1
85311.5 1 0 1
85908.6 1 0 1
86510 1 0 1
87115.6 1 0 1
87725.4 1 0 1
88339.5 1 0 1
88957.8 1 0 1
89580.5 1 0 1
90207.6 1 0 1
90839.1 1 0 1
91474.9 1 0 1
92115.3 1 0 1
92760.1 1 0 1
93409.4 1 0 1
94063.3 1 0 1
94721.7 1 0 1
95384.7 1 0 1
96052.4 1 0 1
96724.8 1 0 1
97401.9 1 0 1
98083.7 1 0 1
98770.3 1 0 1
99461.7 1 0 1
100158 1 0 1
100859 1 0 1
101565 1 0 1
102276 1 0 1
102992 1 0 1
103713 1 0 1
104439 1 0 1
105170 1 0 1
105906 1 0 1
106647 1 0 1
107394 1 0 1
108146 1 0 1
108903 1 0 1
109665 1 0 1
110433 1 0 1
111206 1 0 1
111984 1 0 1
112768 1 0 1
113557 1 0 1
114352 1 0 1
115153 1 0 1
115959 1 0 1
116771 1 0 1
117588 1 0 1
118411 1 0 1
119240 1 0 1
120075 1 0 1
120915 1 0 1
121762 1 0 1
122614 1 0 1
123472 1 0 1
124337 1 0 1
125207 1 0 1
126083 1 0 1
126966 1 0 1
127855 1 0 1
128750 1 0 1
129651 1 0 1
130558 1 0 1
131472 1 0 1
132393 1 0 1
133319 1 0 1
134253 1 0 1
135192 1 0 1
136139 1 0 1
137092 1 0 1
138051 1 0 1
139018 1 0 1
139991 1 0 1
140971 1 0 1
141958 1 0 1
142951 1 0 1
143952 1 0 1
144960 1 0 1
145974 1 0 1
146996 1 0 1
148025 1 0 1
149061 1 0 1
150105 1 0 1
151156 1 0 1
152214 1 0 1
153279 1 0 1
154352 1 0 1
155433 1 0 1
156521 1 0 1
157616 1 0 1
158719 1 0 1
159831 1 0 1
160949 1 0 1
162076 1 0 1
163211 1 0 1
164353 1 0 1
165503 1 0 1
166662 1 0 1
167829 1 0 1
169003 1 0 1
170186 1 0 1
171378 1 0 1
172577 1 0 1
173785 1 0 1
175002 1 0 1
176227 1 0 1
177461 1 0 1
178703 1 0 1
179954 1 0 1
181213 1 0 1
182482 1 0 1
183759 1 0 1
185046 1 0 1
186341 1 0 1
187645 1 0 1
188959 1 0 1
190281 1 0 1
191613 1 0 1
192955 1 0 1
194305 1 0 1
195666 1 0 1
197035 1 0 1
198414 1 0 1
199803 1 0 1
201202 1 0 1
202610 1 0 1
204029 1 0 1
205457 1 0 1
206895 1 0 1
208343 1 0 1
209802 1 0 1
211270 1 0 1
212749 1 0 1
214238 1 0 1
215738 1 0 1
217248 1 0 1
218769 1 0 1
220300 1 0 1
221843 1 0 1
223395 1 0 1
224959 1 0 1
226534 1 0 1
228120 1 0 1
229717 1 0 1
231325 1 0 1
232944 1 0 1
234574 1 0 1
236216 1 0 1
237870 1 0 1
239535 1 0 1
241212 1 0 1
242900 1 0 1
244601 1 0 1
246313 1 0 1
248037 1 0 1
249773 1 0 1
251522 1 0 1
253282 1 0 1
255055 1 0 1
256841 1 0 1
258639 1 0 1
260449 1 0 1
262272 1 0 1
264108 1 0 1
265957 1 0 1
267819 1 0 1
269693 1 0 1
271581 1 0 1
273482 1 0 1
275397 1 0 1
277324 1 0 1
279266 1 0 1
281220 1 0 1
283189 1 0 1
285171 1 0 1
287167 1 0 1
289178 1 0 1
291202 1 0 1
293240 1 0 1
295293 1 0 1
297360 1 0 1
299442 1 0 1
301538 1 0 1
303648 1 0 1
305774 1 0 1
307914 1 0 1
310070 1 0 1
312240 1 0 1
314426 1 0 1
316627 1 0 1
318843 1 0 1
321075 1 0 1
323323 1 0 1
325586 1 0 1
327865 1 0 1
330160 1 0 1
332471 1 0 1
334799 1 0 1
337142 1 0 1
339502 1 0 1
341879 1 0 1
344272 1 0 1
346682 1 0 1
349109 1 0 1
351552 1 0 1
354013 1 0 1
356491 1 0 1
358987 1 0 1
361500 1 0 1
364030 1 0 1
366578 1 0 1
369144 1 0 1
371728 1 0 1
374330 1 0 1
376951 1 0 1
379589 1 0 1
382247 1 0 1
384922 1 0 1
387617 1 0 1
390330 1 0 1
393062 1 0 1
395814 1 0 1
398584 1 0 1
401375 1 0 1
404184 1 0 1
407013 1 0 1
409863 1 0 1
412732 1 0 1
415621 1 0 1
418530 1 0 1
421460 1 0 1
424410 1 0 1
427381 1 0 1
430373 1 0 1
433385 1 0 1
436419 1 0 1
439474 1 0 1
442550 1 0 1
445648 1 0 1
448767 1 0 1
451909 1 0 1
455072 1 0 1
458258 1 0 1
461466 1 0 1
464696 1 0 1
467949 1 0 1
471224 1 0 1
474523 1 0 1
477845 1 0 1
481189 1 0 1
484558 1 0 1
487950 1 0 1
491365 1 0 1
494805 1 0 1
498269 1 0 1
501756 1 0 1
505269 1 0 1
508806 1 0 1
512367 1 0 1
515954 1 0 1
519565 1 0 1
523202 1 0 1
526865 1 0 1
530553 1 0 1
534267 1 0 1
538007 1 0 1
541773 1 0 1
545565 1 0 1
549384 1 0 1
553230 1 0 1
557102 1 0 1
561002 1 0 1
564929 1 0 1
568884 1 0 1
572866 1 0 1
576876 1 0 1
580914 1 0 1
584980 1 0 1
589075 1 0 1
593199 1 0 1
597351 1 0 1
601533 1 0 1
605743 1 0 1
609984 1 0 1
614253 1 0 1
618553 1 0 1
622883 1 0 1
627243 1 0 1
631634 1 0 1
636055 1 0 1
640508 1 0 1
644991 1 0 1
649506 1 0 1
654053 1 0 1
658631 1 0 1
663242 1 0 1
667884 1 0 1
672559 1 0 1
677267 1 0 1
682008 1 0 1
686782 1 0 1
691590 1 0 1
696431 1 0 1
701306 1 0 1
706215 1 0 1
711159 1 0 1
716137 1 0 1
721150 1 0 1
726198 1 0 1
731281 1 0 1
736400 1 0 1
741555 1 0 1
746746 1 0 1
751973 1 0 1
757237 1 0 1
762537 1 0 1
767875 1 0 1
773250 1 0 1
778663 1 0 1
784114 1 0 1
789602 1 0 1
795130 1 0 1
800696 1 0 1
806300 1 0 1
811945 1 0 1
817628 1 0 1
823352 1 0 1
829115 1 0 1
834919 1 0 1
840763 1 0 1
846649 1 0 1
852575 1 0 1
858543 1 0 1
864553 1 0 1
870605 1 0 1
876699 1 0 1
882836 1 0 1
889016 1 0 1
895239 1 0 1
901506 1 0 1
907816 1 0 1
914171 1 0 1
920570 1 0 1
927014 1 0 1
933503 1 0 1
940038 1 0 1
946618 1 0 1
953244 1 0 1
959917 1 0 1
966636 1 0 1
973403 1 0 1
980217 1 0 1
987078 1 0 1
993988 1 0 1
1.00095e+06 1 0 1
1.00795e+06 1 0 1
1.01501e+06 1 0 1
1.02211e+06 1 0 1
1.02927e+06 1 0 1
1.03647e+06 1 0 1
1.04373e+06 1 0 1
1.05103e+06 1 0 1
1.05839e+06 1 0 1
1.0658e+06 1 0 1
1.07326e+06 1 0 1
1.08077e+06 1 0 1
1.08834e+06 1 0 1
1.09596e+06 1 0 1
1.10363e+06 1 0 1
1.11135e+06 1 0 1
1.11913e+06 1 0 1
1.12697e+06 1 0 1
1.13486e+06 1 0 1
1.1428e+06 1 0 1
1.1508e+06 1 0 1
1.15886e+06 1 0 1
1.16697e+06 1 0 1
1.17514e+06 1 0 1
1.18336e+06 1 0 1
1.19165e+06 1 0 1
1.19999e+06 1 0 1
1.20839e+06 1 0 1
1.21685e+06 1 0 1
1.22536e+06 1 0 1
1.23394e+06 1 0 1
1.24258e+06 1 0 1
1.25128e+06 1 0 1
1.26004e+06 1 0 1
1.26886e+06 1 0 1
1.27774e+06 1 0 1
1.28668e+06 1 0 1
1.29569e+06 1 0 1
1.30476e+06 1 0 1
1.31389e+06 1 0 1
1.32309e+06 1 0 1
1.33235e+06 1 0 1
1.34168e+06 1 0 1
1.35107e+06 1 0 1
1.36053e+06 1 0 1
1.37005e+06 1 0 1
1.37964e+06 1 0 1
1.3893e+06 1 0 1
1.39902e+06 1 0 1
1.40882e+06 1 0 1
1.41868e+06 1 0 1
1.42861e+06 1 0 1
1.43861e+06 1 0 1
1.44868e+06 1 0 1
1.45882e+06 1 0 1
1.46903e+06 1 0 1
1.47932e+06 1 0 1
1.48967e+06 1 0 1
1.5001e+06 1 0 1
1.5106e+06 1 0 1
1.52117e+06 1 0 1
1.53182e+06 1 0 1
1.54254e+06 1 0 1
1.55334e+06 1 0 1
1.56422e+06 1 0 1
1.57517e+06 1 0 1
1.58619e+06 1 0 1
1.59729e+06 1 0 1
1.60848e+06 1 0 1
1.61974e+06 1 0 1
1.63107e+06 1 0 1
1.64249e+06 1 0 1
1.65399e+06 1 0 1
1.66557e+06 1 0 1
1.67723e+06 1 0 1
1.68897e+06 1 0 1
1.70079e+06 1 0 1
1.71269e+06 1 0 1
1.72468e+06 1 0 1
1.73676e+06 1 0 1
1.74891e+06 1 0 1
1.76116e+06 1 0 1
1.77348e+06 1 0 1
1.7859e+06 1 0 1
1.7984e+06 1 0 1
1.81099e+06 1 0 1
1.82366e+06 1 0 1
1.83643e+06 1 0 1
1.84929e+06 1 0 1
1.86223e+06 1 0 1
1.87527e+06 1 0 1
1.88839e+06 1 0 1
1.90161e+06 1 0 1
1.91492e+06 1 0 1
1.92833e+06 1 0 1
1.94183e+06 1 0 1
1.95542e+06 1 0 1
1.96911e+06 1 0 1
1.98289e+06 1 0 1
1.99677e+06 1 0 1
2.01075e+06 1 0 1
2.02482e+06 1 0 1
2.039e+06 1 0 1
2.05327e+06 1 0 1
2.06764e+06 1 0 1
2.08212e+06 1 0 1
2.09669e+06 1 0 1
2.11137e+06 1 0 1
2.12615e+06 1 0 1
2.14103e+06 1 0 1
2.15602e+06 1 0 1
2.17111e+06 1 0 1
2.18631e+06 1 0 1
2.20161e+06 1 0 1
2.21702e+06 1 0 1
2.23254e+06 1 0 1
2.24817e+06 1 0 1
2.26391e+06 1 0 1
2.27975e+06 1 0 1
2.29571e+06 1 0 1
2.31178e+06 1 0 1
2.32796e+06 1 0 1
2.34426e+06 1 0 1
2.36067e+06 1 0 1
2.3772e+06 1 0 1
2.39384e+06 1 0 1
2.41059e+06 1 0 1
2.42747e+06 1 0 1
2.44446e+06 1 0 1
2.46157e+06 1 0 1
2.4788e+06 1 0 1
2.49615e+06 1 0 1
2.51363e+06 1 0 1
2.53122e+06 1 0 1
2.54894e+06 1 0 1
2.56678e+06 1 0 1
2.58475e+06 1 0 1
2.60284e+06 1 0 1
2.62106e+06 1 0 1
2.63941e+06 1 0 1
2.65789e+06 1 0 1
2.67649e+06 1 0 1
2.69523e+06 1 0 1
2.71409e+06 1 0 1
2.73309e+06 1 0 1
2.75222e+06 1 0 1
2.77149e+06 1 0 1
2.79089e+06 1 0 1
2.81043e+06 1 0 1
2.8301e+06 1 0 1
2.84991e+06 1 0 1
2.86986e+06 1 0 1
2.88995e+06 1 0 1
2.91018e+06 1 0 1
2.93055e+06 1 0 1
2.95106e+06 1 0 1
2.97172e+06 1 0 1
2.99252e+06 1 0 1
3.01347e+06 1 0 1
3.03456e+06 1 0 1
3.05581e+06 1 0 1
3.0772e+06 1 0 1
3.09874e+06 1 0 1
3.12043e+06 1 0 1
3.14227e+06 1 0 1
3.16427e+06 1 0 1
3.18642e+06 1 0 1
3.20872e+06 1 0 1
3.23118e+06 1 0 1
3.2538e+06 1 0 1
3.27658e+06 1 0 1
3.29951e+06 1 0 1
3.32261e+06 1 0 1
3.34587e+06 1 0 1
3.36929e+06 1 0 1
3.39287e+06 1 0 1
3.41663e+06 1 0 1
3.44054e+06 1 0 1
3.46463e+06 1 0 1
3.48888e+06 1 0 1
3.5133e+06 1 0 1
3.53789e+06 1 0 1
3.56266e+06 1 0 1
3.5876e+06 1 0 1
3.61271e+06 1 0 1
3.638e+06 1 0 1
3.66346e+06 1 0 1
3.68911e+06 1 0 1
3.71493e+06 1 0 1
3.74094e+06 1 0 1
3.76712e+06 1 0 1
3.79349e+06 1 0 1
3.82005e+06 1 0 1
3.84679e+06 1 0 1
3.87372e+06 1 0 1
3.90083e+06 1 0 1
3.92814e+06 1 0 1
3.95563e+06 1 0 1
3.98332e+06 1 0 1
4.01121e+06 1 0 1
4.03929e+06 1 0 1
4.06756e+06 1 0 1
4.09603e+06 1 0 1
4.12471e+06 1 0 1
4.15358e+06 1 0 1
4.18265e+06 1 0 1
4.21193e+06 1 0 1
4.24142e+06 1 0 1
4.27111e+06 1 0 1
4.301e+06 1 0 1
4.33111e+06 1 0 1
4.36143e+06 1 0 1
4.39196e+06 1 0 1
4.4227e+06 1 0 1
4.45366e+06 1 0 1
4.48484e+06 1 0 1
4.51623e+06 1 0 1
4.54784e+06 1 0 1
4.57968e+06 1 0 1
4.61174e+06 1 0 1
4.64402e+06 1 0 1
4.67653e+06 1 0 1
4.70926e+06 1 0 1
4.74223e+06 1 0 1
4.77542e+06 1 0 1
4.80885e+06 1 0 1
4.84251e+06 1 0 1
4.87641e+06 1 0 1
4.91055e+06 1 0 1
4.94492e+06 1 0 1
4.97953e+06 1 0 1
5.01439e+06 1 0 1
5.04949e+06 1 0 1
5.08484e+06 1 0 1
5.12043e+06 1 0 1
5.15628e+06 1 0 1
5.19237e+06 1 0 1
5.22872e+06 1 0 1
5.26532e+06 1 0 1
5.30217e+06 1 0 1
5.33929e+06 1 0 1
5.37666e+06 1 0 1
5.4143e+06 1 0 1
5.4522e+06 1 0 1
5.49037e+06 1 0 1
5.5288e+06 1 0 1
5.5675e+06 1 0 1
5.60647e+06 1 0 1
5.64572e+06 1 0 1
5.68524e+06 1 0 1
5.72504e+06 1 0 1
5.76511e+06 1 0 1
5.80547e+06 1 0 1
5.8461e+06 1 0 1
5.88703e+06 1 0 1
5.92824e+06 1 0 1
5.96973e+06 1 0 1
6.01152e+06 1 0 1
6.0536e+06 1 0 1
6.09598e+06 1 0 1
6.13865e+06 1 0 1
6.18162e+06 1 0 1
6.22489e+06 1 0 1
6.26847e+06 1 0 1
6.31235e+06 1 0 1
6.35653e+06 1 0 1
6.40103e+06 1 0 1
6.44583e+06 1 0 1
6.49096e+06 1 0 1
6.53639e+06 1 0 1
6.58215e+06 1 0 1
6.62822e+06 1 0 1
6.67462e+06 1 0 1
6.72134e+06 1 0 1
6.76839e+06 1 0 1
6.81577e+06 1 0 1
6.86348e+06 1 0 1
6.91152e+06 1 0 1
6.95991e+06 1 0 1
7.00862e+06 1 0 1
7.05768e+06 1 0 1
7.10709e+06 1 0 1
7.15684e+06 1 0 1
7.20694e+06 1 0 1
7.25738e+06 1 0 1
7.30819e+06 1 0 1
7.35934e+06 1 0 1
7.41086e+06 1 0 1
7.46274e+06 1 0 1
7.51497e+06 1 0 1
7.56758e+06 1 0 1
7.62055e+06 1 0 1
7.6739e+06 1 0 1
7.72761e+06 1 0 1
7.78171e+06 1 0 1
7.83618e+06 1 0 1
7.89103e+06 1 0 1
7.94627e+06 1 0 1
8.00189e+06 1 0 1
8.05791e+06 1 0 1
8.11431e+06 1 0 1
8.17111e+06 1 0 1
8.22831e+06 1 0 1
8.28591e+06 1 0 1
8.34391e+06 1 0 1
8.40232e+06 1 0 1
8.46113e+06 1 0 1
8.52036e+06 1 0 1
8.58e+06 1 0 1
8.64006e+06 1 0 1
8.70054e+06 1 0 1
8.76145e+06 1 0 1
8.82278e+06 1 0 1
8.88454e+06 1 0 1
8.94673e+06 1 0 1
9.00936e+06 1 0 1
9.07242e+06 1 0 1
9.13593e+06 1 0 1
9.19988e+06 1 0 1
9.26428e+06 1 0 1
9.32913e+06 1 0 1
9.39443e+06 1 0 1
9.46019e+06 1 0 1
9.52642e+06 1 0 1
9.5931e+06 1 0 1
9.66025e+06 1 0 1
9.72787e+06 1 0 1
9.79597e+06 1 0 1
9.86454e+06 1 0 1
9.93359e+06 1 0 1
1.00031e+07 1 0 1
1.00731e+07 1 0 1
1.01437e+07 1 0 1
1.02147e+07 1 0 1
1.02862e+07 1 0 1
1.03582e+07 1 0 1
1.04307e+07 1 0 1
1.05037e+07 1 0 1
1.05772e+07 1 0 1
1.06513e+07 1 0 1
1.07258e+07 1 0 1
1.08009e+07 1 0 1
1.08765e+07 1 0 1
1.09526e+07 1 0 1
1.10293e+07 1 0 1
1.11065e+07 1 0 1
1.11843e+07 1 0 1
1.12626e+07 1 0 1
1.13414e+07 1 0 1
1.14208e+07 1 0 1
1.15007e+07 1 0 1
1.15812e+07 1 0 1
1.16623e+07 1 0 1
1.17439e+07 1 0 1
1.18261e+07 1 0 1
1.19089e+07 1 0 1
1.19923e+07 1 0 1
1.20762e+07 1 0 1
1.21608e+07 1 0 1
1.22459e+07 1 0 1
1.23316e+07 1 0 1
1.24179e+07 1 0 1
1.25049e+07 1 0 1
1.25924e+07 1 0 1
1.26805e+07 1 0 1
1.27693e+07 1 0 1
1.28587e+07 1 0 1
1.29487e+07 1 0 1
1.30393e+07 1 0 1
1.31306e+07 1 0 1
1.32225e+07 1 0 1
1.33151e+07 1 0 1
1.34083e+07 1 0 1
1.35022e+07 1 0 1
1.35967e+07 1 0 1
1.36918e+07 1 0 1
1.37877e+07 1 0 1
1.38842e+07 1 0 1
1.39814e+07 1 0 1
1.40793e+07 1 0 1
1.41778e+07 1 0 1
1.42771e+07 1 0 1
1.4377e+07 1 0 1
1.44776e+07 1 0 1
1.4579e+07 1 0 1
1.4681e+07 1 0 1
1.47838e+07 1 0 1
1.48873e+07 1 0 1
1.49915e+07 1 0 1
1.50964e+07 1 0 1
1.52021e+07 1 0 1
1.53085e+07 1 0 1
1.54157e+07 1 0 1
1.55236e+07 1 0 1
1.56323e+07 1 0 1
1.57417e+07 1 0 1
1.58519e+07 1 0 1
1.59628e+07 1 0 1
1.60746e+07 1 0 1
1.61871e+07 1 0 1
1.63004e+07 1 0 1
1.64145e+07 1 0 1
1.65294e+07 1 0 1
1.66451e+07 1 0 1
1.67616e+07 1 0 1
1.6879e+07 1 0 1
1.69971e+07 1 0 1
1.71161e+07 1 0 1
1.72359e+07 1 0 1
1.73566e+07 1 0 1
1.74781e+07 1 0 1
1.76004e+07 1 0 1
1.77236e+07 1 0 1
1.78477e+07 1 0 1
1.79726e+07 1 0 1
1.80984e+07 1 0 1
1.82251e+07 1 0 1
1.83527e+07 1 0 1
1.84812e+07 1 0 1
1.86105e+07 1 0 1
1.87408e+07 1 0 1
1.8872e+07 1 0 1
1.90041e+07 1 0 1
1.91371e+07 1 0 1
1.92711e+07 1 0 1
1.9406e+07 1 0 1
1.95418e+07 1 0 1
1.96786e+07 1 0 1
1.98164e+07 1 0 1
1.99551e+07 1 0 1
2.00948e+07 1 0 1
2.02354e+07 1 0 1
2.03771e+07 1 0 1
2.05197e+07 1 0 1
2.06633e+07 1 0 1
2.0808e+07 1 0 1
2.09536e+07 1 0 1
2.11003e+07 1 0 1
2.1248e+07 1 0 1
2.13968e+07 1 0 1
2.15465e+07 1 0 1
2.16974e+07 1 0 1
2.18492e+07 1 0 1
2.20022e+07 1 0 1
2.21562e+07 1 0 1
2.23113e+07 1 0 1
2.24675e+07 1 0 1
2.26248e+07 1 0 1
2.27831e+07 1 0 1
2.29426e+07 1 0 1
2.31032e+07 1 0 1
2.32649e+07 1 0 1
2.34278e+07 1 0 1
2.35918e+07 1 0 1
2.37569e+07 1 0 1
2.39232e+07 1 0 1
2.40907e+07 1 0 1
2.42593e+07 1 0 1
2.44291e+07 1 0 1
2.46001e+07 1 0 1
2.47723e+07 1 0 1
2.49457e+07 1 0 1
2.51204e+07 1 0 1
2.52962e+07 1 0 1
2.54733e+07 1 0 1
2.56516e+07 1 0 1
2.58312e+07 1 0 1
2.6012e+07 1 0 1
2.61941e+07 1 0 1
2.63774e+07 1 0 1
2.65621e+07 1 0 1
2.6748e+07 1 0 1
2.69352e+07 1 0 1
2.71238e+07 1 0 1
2.73136e+07 1 0 1
2.75048e+07 1 0 1
2.76974e+07 1 0 1
2.78912e+07 1 0 1
2.80865e+07 1 0 1
2.82831e+07 1 0 1
2.84811e+07 1 0 1
2.86804e+07 1 0 1
2.88812e+07 1 0 1
2.90834e+07 1 0 1
2.9287e+07 1 0 1
2.9492e+07 1 0 1
2.96984e+07 1 0 1
2.99063e+07 1 0 1
3.01156e+07 1 0 1
3.03265e+07 1 0 1
3.05387e+07 1 0 1
3.07525e+07 1 0 1
3.09678e+07 1 0 1
3.11846e+07 1 0 1
3.14028e+07 1 0 1
3.16227e+07 1 0 1
3.1844e+07 1 0 1
3.20669e+07 1 0 1
3.22914e+07 1 0 1
3.25174e+07 1 0 1
3.27451e+07 1 0 1
3.29743e+07 1 0 1
3.32051e+07 1 0 1
3.34375e+07 1 0 1
3.36716e+07 1 0 1
3.39073e+07 1 0 1
3.41446e+07 1 0 1
3.43837e+07 1 0 1
3.46243e+07 1 0 1
3.48667e+07 1 0 1
3.51108e+07 1 0 1
3.53566e+07 1 0 1
3.56041e+07 1 0 1
3.58533e+07 1 0 1
3.61043e+07 1 0 1
3.6357e+07 1 0 1
3.66115e+07 1 0 1
3.68678e+07 1 0 1
3.71258e+07 1 0 1
3.73857e+07 1 0 1
3.76474e+07 1 0 1
3.79109e+07 1 0 1
3.81763e+07 1 0 1
3.84436e+07 1 0 1
3.87127e+07 1 0 1
3.89837e+07 1 0 1
3.92565e+07 1 0 1
3.95313e+07 1 0 1
3.98081e+07 1 0 1
4.00867e+07 1 0 1
4.03673e+07 1 0 1
4.06499e+07 1 0 1
4.09344e+07 1 0 1
4.1221e+07 1 0 1
4.15095e+07 1 0 1
4.18001e+07 1 0 1
4.20927e+07 1 0 1
4.23873e+07 1 0 1
4.26841e+07 1 0 1
4.29828e+07 1 0 1
4.32837e+07 1 0 1
4.35867e+07 1 0 1
4.38918e+07 1 0 1
4.41991e+07 1 0 1
4.45085e+07 1 0 1
4.482e+07 1 0 1
4.51338e+07 1 0 1
4.54497e+07 1 0 1
4.57678e+07 1 0 1
4.60882e+07 1 0 1
4.64108e+07 1 0 1
4.67357e+07 1 0 1
4.70629e+07 1 0 1
4.73923e+07 1 0 1
4.7724e+07 1 0 1
4.80581e+07 1 0 1
4.83945e+07 1 0 1
4.87333e+07 1 0 1
4.90744e+07 1 0 1
4.94179e+07 1 0 1
4.97639e+07 1 0 1
5.01122e+07 1 0 1
5.0463e+07 1 0 1
5.08162e+07 1 0 1
5.11719e+07 1 0 1
5.15301e+07 1 0 1
5.18909e+07 1 0 1
5.22541e+07 1 0 1
5.26199e+07 1 0 1
5.29882e+07 1 0 1
5.33591e+07 1 0 1
5.37326e+07 1 0 1
5.41088e+07 1 0 1
5.44875e+07 1 0 1
5.48689e+07 1 0 1
5.5253e+07 1 0 1
5.56398e+07 1 0 1
5.60293e+07 1 0 1
5.64215e+07 1 0 1
5.68164e+07 1 0 1
5.72141e+07 1 0 1
5.76146e+07 1 0 1
5.80179e+07 1 0 1
5.84241e+07 1 0 1
5.8833e+07 1 0 1
5.92449e+07 1 0 1
5.96596e+07 1 0 1
6.00772e+07 1 0 1
6.04977e+07 1 0 1
6.09212e+07 1 0 1
6.13477e+07 1 0 1
6.17771e+07 1 0 1
6.22096e+07 1 0 1
6.2645e+07 1 0 1
6.30835e+07 1 0 1
6.35251e+07 1 0 1
6.39698e+07 1 0 1
6.44176e+07 1 0 1
6.48685e+07 1 0 1
6.53226e+07 1 0 1
6.57798e+07 1 0 1
6.62403e+07 1 0 1
6.6704e+07 1 0 1
6.71709e+07 1 0 1
6.76411e+07 1 0 1
6.81146e+07 1 0 1
6.85914e+07 1 0 1
6.90715e+07 1 0 1
6.9555e+07 1 0 1
7.00419e+07 1 0 1
7.05322e+07 1 0 1
7.10259e+07 1 0 1
7.15231e+07 1 0 1
7.20238e+07 1 0 1
7.2528e+07 1 0 1
7.30357e+07 1 0 1
7.35469e+07 1 0 1
7.40617e+07 1 0 1
7.45802e+07 1 0 1
7.51022e+07 1 0 1
7.56279e+07 1 0 1
7.61573e+07 1 0 1
7.66904e+07 1 0 1
7.72273e+07 1 0 1
7.77679e+07 1 0 1
7.83122e+07 1 0 1
7.88604e+07 1 0 1
7.94124e+07 1 0 1
7.99683e+07 1 0 1
8.05281e+07 1 0 1
8.10918e+07 1 0 1
8.16594e+07 1 0 1
8.22311e+07 1 0 1
8.28067e+07 1 0 1
8.33863e+07 1 0 1
8.397e+07 1 0 1
8.45578e+07 1 0 1
8.51497e+07 1 0 1
8.57458e+07 1 0 1
8.6346e+07 1 0 1
8.69504e+07 1 0 1
8.75591e+07 1 0 1
8.8172e+07 1 0 1
8.87892e+07 1 0 1
8.94107e+07 1 0 1
9.00366e+07 1 0 1
9.06668e+07 1 0 1
9.13015e+07 1 0 1
9.19406e+07 1 0 1
9.25842e+07 1 0 1
9.32323e+07 1 0 1
9.38849e+07 1 0 1
9.45421e+07 1 0 1
9.52039e+07 1 0 1
9.58703e+07 1 0 1
9.65414e+07 1 0 1
9.72172e+07 1 0 1
9.78977e+07 1 0 1
9.8583e+07 1 0 1
9.92731e+07 1 0 1
9.9968e+07 1 0 1
1.00668e+08 1 0 1
1.01372e+08 1 0 1
1.02082e+08 1 0 1
1.02797e+08 1 0 1
1.03516e+08 1 0 1
1.04241e+08 1 0 1
1.04971e+08 1 0 1
1.05705e+08 1 0 1
1.06445e+08 1 0 1
1.0719e+08 1 0 1
1.07941e+08 1 0 1
1.08696e+08 1 0 1
1.09457e+08 1 0 1
1.10223e+08 1 0 1
1.10995e+08 1 0 1
1.11772e+08 1 0 1
1.12554e+08 1 0 1
1.13342e+08 1 0 1
1.14136e+08 1 0 1
1.14935e+08 1 0 1
1.15739e+08 1 0 1
1.16549e+08 1 0 1
1.17365e+08 1 0 1
1.18187e+08 1 0 1
1.19014e+08 1 0 1
1.19847e+08 1 0 1
1.20686e+08 1 0 1
1.21531e+08 1 0 1
1.22381e+08 1 0 1
1.23238e+08 1 0 1
1.24101e+08 1 0 1
1.2497e+08 1 0 1
1.25844e+08 1 0 1
1.26725e+08 1 0 1
1.27612e+08 1 0 1
1.28506e+08 1 0 1
1.29405e+08 1 0 1
1.30311e+08 1 0 1
1.31223e+08 1 0 1
1.32142e+08 1 0 1
1.33067e+08 1 0 1
1.33998e+08 1 0 1
1.34936e+08 1 0 1
1.35881e+08 1 0 1
1.36832e+08 1 0 1
1.3779e+08 1 0 1
1.38754e+08 1 0 1
1.39725e+08 1 0 1
1.40704e+08 1 0 1
1.41688e+08 1 0 1
1.4268e+08 1 0 1
1.43679e+08 1 0 1
1.44685e+08 1 0 1
1.45698e+08 1 0 1
1.46718e+08 1 0 1
1.47745e+08 1 0 1
1.48779e+08 1 0 1
1.4982e+08 1 0 1
1.50869e+08 1 0 1
1.51925e+08 1 0 1
1.52988e+08 1 0 1
1.54059e+08 1 0 1
1.55138e+08 1 0 1
1.56224e+08 1 0 1
1.57317e+08 1 0 1
1.58419e+08 1 0 1
1.59528e+08 1 0 1
1.60644e+08 1 0 1
1.61769e+08 1 0 1
1.62901e+08 1 0 1
1.64041e+08 1 0 1
1.6519e+08 1 0 1
1.66346e+08 1 0 1
1.6751e+08 1 0 1
1.68683e+08 1 0 1
1.69864e+08 1 0 1
1.71053e+08 1 0 1
1.7225e+08 1 0 1
1.73456e+08 1 0 1
1.7467e+08 1 0 1
1.75893e+08 1 0 1
1.77124e+08 1 0 1
1.78364e+08 1 0 1
1.79613e+08 1 0 1
1.8087e+08 1 0 1
1.82136e+08 1 0 1
1.83411e+08 1 0 1
1.84695e+08 1 0 1
1.85988e+08 1 0 1
1.87289e+08 1 0 1
1.88601e+08 1 0 1
1.89921e+08 1 0 1
1.9125e+08 1 0 1
1.92589e+08 1 0 1
1.93937e+08 1 0 1
1.95295e+08 1 0 1
1.96662e+08 1 0 1
1.98038e+08 1 0 1
1.99425e+08 1 0 1
2.00821e+08 1 0 1
2.02226e+08 1 0 1
2.03642e+08 1 0 1
2.05067e+08 1 0 1
2.06503e+08 1 0 1
2.07948e+08 1 0 1
2.09404e+08 1 0 1
2.1087e+08 1 0 1
2.12346e+08 1 0 1
2.13832e+08 1 0 1
2.15329e+08 1 0 1
2.16836e+08 1 0 1
2.18354e+08 1 0 1
2.19883e+08 1 0 1
2.21422e+08 1 0 1
2.22972e+08 1 0 1
2.24533e+08 1 0 1
2.26104e+08 1 0 1
2.27687e+08 1 0 1
2.29281e+08 1 0 1
2.30886e+08 1 0 1
2.32502e+08 1 0 1
2.3413e+08 1 0 1
2.35769e+08 1 0 1
2.37419e+08 1 0 1
2.39081e+08 1 0 1
2.40754e+08 1 0 1
2.4244e+08 1 0 1
2.44137e+08 1 0 1
2.45846e+08 1 0 1
2.47567e+08 1 0 1
2.493e+08 1 0 1
2.51045e+08 1 0 1
2.52802e+08 1 0 1
2.54572e+08 1 0 1
2.56354e+08 1 0 1
2.58148e+08 1 0 1
2.59955e+08 1 0 1
2.61775e+08 1 0 1
2.63607e+08 1 0 1
2.65453e+08 1 0 1
2.67311e+08 1 0 1
2.69182e+08 1 0 1
2.71066e+08 1 0 1
2.72964e+08 1 0 1
2.74874e+08 1 0 1
2.76799e+08 1 0 1
2.78736e+08 1 0 1
2.80687e+08 1 0 1
2.82652e+08 1 0 1
2.84631e+08 1 0 1
2.86623e+08 1 0 1
2.88629e+08 1 0 1
2.9065e+08 1 0 1
2.92684e+08 1 0 1
2.94733e+08 1 0 1
2.96796e+08 1 0 1
2.98874e+08 1 0 1
3.00966e+08 1 0 1
3.03073e+08 1 0 1
3.05194e+08 1 0 1
3.07331e+08 1 0 1
3.09482e+08 1 0 1
3.11648e+08 1 0 1
3.1383e+08 1 0 1
3.16027e+08 1 0 1
3.18239e+08 1 0 1
3.20467e+08 1 0 1
3.2271e+08 1 0 1
3.24969e+08 1 0 1
3.27244e+08 1 0 1
3.29534e+08 1 0 1
3.31841e+08 1 0 1
3.34164e+08 1 0 1
3.36503e+08 1 0 1
3.38859e+08 1 0 1
3.41231e+08 1 0 1
3.43619e+08 1 0 1
3.46024e+08 1 0 1
3.48447e+08 1 0 1
3.50886e+08 1 0 1
3.53342e+08 1 0 1
3.55815e+08 1 0 1
3.58306e+08 1 0 1
3.60814e+08 1 0 1
3.6334e+08 1 0 1
3.65883e+08 1 0 1
3.68444e+08 1 0 1
3.71024e+08 1 0 1
3.73621e+08 1 0 1
3.76236e+08 1 0 1
3.7887e+08 1 0 1
3.81522e+08 1 0 1
3.84193e+08 1 0 1
3.86882e+08 1 0 1
3.8959e+08 1 0 1
3.92317e+08 1 0 1
3.95063e+08 1 0 1
3.97829e+08 1 0 1
4.00614e+08 1 0 1
4.03418e+08 1 0 1
4.06242e+08 1 0 1
4.09086e+08 1 0 1
4.11949e+08 1 0 1
4.14833e+08 1 0 1
4.17737e+08 1 0 1
4.20661e+08 1 0 1
4.23605e+08 1 0 1
4.26571e+08 1 0 1
4.29557e+08 1 0 1
4.32564e+08 1 0 1
4.35591e+08 1 0 1
4.38641e+08 1 0 1
4.41711e+08 1 0 1
4.44803e+08 1 0 1
4.47917e+08 1 0 1
4.51052e+08 1 0 1
4.54209e+08 1 0 1
4.57389e+08 1 0 1
4.60591e+08 1 0 1
4.63815e+08 1 0 1
4.67061e+08 1 0 1
4.70331e+08 1 0 1
4.73623e+08 1 0 1
4.76939e+08 1 0 1
4.80277e+08 1 0 1
4.83639e+08 1 0 1
4.87025e+08 1 0 1
4.90434e+08 1 0 1
4.93867e+08 1 0 1
4.97324e+08 1 0 1
5.00805e+08 1 0 1
5.04311e+08 1 0 1
5.07841e+08 1 0 1
5.11396e+08 1 0 1
5.14976e+08 1 0 1
5.1858e+08 1 0 1
5.2221e+08 1 0 1
5.25866e+08 1 0 1
5.29547e+08 1 0 1
5.33254e+08 1 0 1
5.36987e+08 1 0 1
5.40746e+08 1 0 1
5.44531e+08 1 0 1
5.48342e+08 1 0 1
5.52181e+08 1 0 1
5.56046e+08 1 0 1
5.59938e+08 1 0 1
5.63858e+08 1 0 1
5.67805e+08 1 0 1
5.7178e+08 1 0 1
5.75782e+08 1 0 1
5.79813e+08 1 0 1
5.83871e+08 1 0 1
5.87958e+08 1 0 1
5.92074e+08 1 0 1
5.96219e+08 1 0 1
6.00392e+08 1 0 1
6.04595e+08 1 0 1
6.08827e+08 1 0 1
6.13089e+08 1 0 1
6.1738e+08 1 0 1
6.21702e+08 1 0 1
6.26054e+08 1 0 1
6.30436e+08 1 0 1
6.34849e+08 1 0 1
6.39293e+08 1 0 1
6.43768e+08 1 0 1
6.48275e+08 1 0 1
6.52813e+08 1 0 1
6.57382e+08 1 0 1
6.61984e+08 1 0 1
6.66618e+08 1 0 1
6.71284e+08 1 0 1
6.75983e+08 1 0 1
6.80715e+08 1 0 1
6.8548e+08 1 0 1
6.90279e+08 1 0 1
6.95111e+08 1 0 1
6.99976e+08 1 0 1
7.04876e+08 1 0 1
7.0981e+08 1 0 1
7.14779e+08 1 0 1
7.19782e+08 1 0 1
7.24821e+08 1 0 1
7.29895e+08 1 0 1
7.35004e+08 1 0 1
7.40149e+08 1 0 1
7.4533e+08 1 0 1
7.50547e+08 1 0 1
7.55801e+08 1 0 1
7.61092e+08 1 0 1
7.66419e+08 1 0 1
7.71784e+08 1 0 1
7.77187e+08 1 0 1
7.82627e+08 1 0 1
7.88105e+08 1 0 1
7.93622e+08 1 0 1
7.99178e+08 1 0 1
8.04772e+08 1 0 1
8.10405e+08 1 0 1
8.16078e+08 1 0 1
8.21791e+08 1 0 1
8.27543e+08 1 0 1
8.33336e+08 1 0 1
8.39169e+08 1 0 1
8.45043e+08 1 0 1
8.50959e+08 1 0 1
8.56916e+08 1 0 1
8.62914e+08 1 0 1
8.68954e+08 1 0 1
8.75037e+08 1 0 1
8.81162e+08 1 0 1
8.8733e+08 1 0 1
8.93542e+08 1 0 1
8.99796e+08 1 0 1
9.06095e+08 1 0 1
9.12438e+08 1 0 1
9.18825e+08 1 0 1
9.25257e+08 1 0 1
9.31733e+08 1 0 1
9.38256e+08 1 0 1
9.44823e+08 1 0 1
9.51437e+08 1 0 1
9.58097e+08 1 0 1
9.64804e+08 1 0 1
9.71557e+08 1 0 1
9.78358e+08 1 0 1
9.85207e+08 1 0 1
9.92103e+08 1 0 1
9.99048e+08 1 0 1
1.00604e+09 1 0 1
1.01308e+09 1 0 1
1.02018e+09 1 0 1
1.02732e+09 1 0 1
1.03451e+09 1 0 1
1.04175e+09 1 0 1
1.04904e+09 1 0 1
1.05638e+09 1 0 1
1.06378e+09 1 0 1
1.07123e+09 1 0 1
1.07872e+09 1 0 1
1.08628e+09 1 0 1
1.09388e+09 1 0 1
1.10154e+09 1 0 1
1.10925e+09 1 0 1
1.11701e+09 1 0 1
1.12483e+09 1 0 1
1.13271e+09 1 0 1
1.14063e+09 1 0 1
1.14862e+09 1 0 1
1.15666e+09 1 0 1
1.16476e+09 1 0 1
1.17291e+09 1 0 1
1.18112e+09 1 0 1
1.18939e+09 1 0 1
1.19771e+09 1 0 1
1.2061e+09 1 0 1
1.21454e+09 1 0 1
1.22304e+09 1 0 1
1.2316e+09 1 0 1
1.24022e+09 1 0 1
1.24891e+09 1 0 1
1.25765e+09 1 0 1
1.26645e+09 1 0 1
1.27532e+09 1 0 1
1.28424e+09 1 0 1
1.29323e+09 1 0 1
1.30229e+09 1 0 1
1.3114e+09 1 0 1
1.32058e+09 1 0 1
1.32983e+09 1 0 1
1.33913e+09 1 0 1
1.34851e+09 1 0 1
1.35795e+09 1 0 1
1.36745e+09 1 0 1
1.37703e+09 1 0 1
1.38666e+09 1 0 1
1.39637e+09 1 0 1
1.40615e+09 1 0 1
1.41599e+09 1 0 1
1.4259e+09 1 0 1
1.43588e+09 1 0 1
1.44593e+09 1 0 1
1.45605e+09 1 0 1
1.46625e+09 1 0 1
1.47651e+09 1 0 1
1.48685e+09 1 0 1
1.49725e+09 1 0 1
1.50774e+09 1 0 1
1.51829e+09 1 0 1
1.52892e+09 1 0 1
1.53962e+09 0 0 0
