6.71669 0.00170182 108.057 2.00669e-50
6.76371 0.00188059 107.084 5.86462e-50
6.81105 0.00207518 106.1 1.73184e-49
6.85873 0.0022867 105.12 5.08491e-49
6.90674 0.0025163 104.137 1.49519e-48
6.95509 0.00276557 103.142 4.44582e-48
7.00377 0.00303498 102.139 1.33025e-47
7.0528 0.00332622 101.127 4.01007e-47
7.10217 0.00364063 100.11 1.21294e-46
7.15189 0.00397962 99.0882 3.68438e-46
7.20195 0.00434464 98.061 1.12354e-45
7.25236 0.00473717 97.0298 3.43563e-45
7.30313 0.00515875 95.9939 1.05415e-44
7.35425 0.00561099 94.953 3.24684e-44
7.40573 0.00609549 93.9068 1.00421e-43
7.45757 0.00661395 92.8556 3.11733e-43
7.50977 0.00716806 91.7978 9.73057e-43
7.56234 0.00775958 90.7294 3.06585e-42
7.61528 0.00839029 89.6523 9.73395e-42
7.66859 0.00906202 88.5804 3.07063e-41
7.72227 0.0097766 87.5058 9.70322e-41
7.77632 0.0105371 86.4212 3.09354e-40
7.83076 0.0113431 85.3318 9.89962e-40
7.88557 0.0121976 84.2319 3.19758e-39
7.94077 0.0131026 83.1386 1.02504e-38
7.99636 0.01406 82.0367 3.31056e-38
8.05233 0.0150718 80.9306 1.07265e-37
8.1087 0.01614 79.8168 3.49886e-37
8.16546 0.0172664 78.7089 1.13332e-36
8.22261 0.0184532 77.5835 3.73231e-36
8.28017 0.0197021 76.4654 1.21905e-35
8.33813 0.0210151 75.3328 4.03583e-35
8.3965 0.0223943 74.2087 1.32351e-34
8.45528 0.0238413 73.0778 4.36555e-34
8.51446 0.0253582 71.9467 1.43907e-33
8.57407 0.0269467 70.8 4.81324e-33
8.63408 0.0286086 69.6618 1.59493e-32
8.69452 0.0303457 68.5227 5.28527e-32
8.75538 0.0321625 67.3809 1.75467e-31
8.81667 0.0340549 66.234 5.84926e-31
8.87839 0.0360274 65.0813 1.95963e-30
8.94054 0.0380814 63.9328 6.53208e-30
9.00312 0.0402185 62.7786 2.18785e-29
9.06614 0.04244 61.6269 7.30402e-29
9.12961 0.0447472 60.4734 2.44053e-28
9.19351 0.0471412 59.3178 8.16572e-28
9.25787 0.0496232 58.1676 2.71523e-27
9.32267 0.0521941 57.0147 9.04609e-27
9.38793 0.054855 55.8566 3.02694e-26
9.45365 0.0576066 54.7003 1.01028e-25
9.51982 0.0604496 53.5501 3.34874e-25
9.58646 0.0633846 52.3985 1.11074e-24
9.65357 0.0664121 51.2428 3.69658e-24
9.72114 0.0695325 50.0983 1.21551e-23
9.78919 0.0727509 48.9514 4.00439e-23
9.85771 0.0760574 47.8055 1.31672e-22
9.92672 0.0794571 46.6684 4.28856e-22
9.9962 0.0829498 45.5259 1.40332e-21
10.0662 0.0865352 44.3928 4.54615e-21
10.1366 0.090213 43.2601 1.47113e-20
10.2076 0.0939826 42.1291 4.74887e-20
10.2791 0.0978432 41.0136 1.50859e-19
10.351 0.101794 39.8925 4.81561e-19
10.4235 0.105834 38.7762 1.52876e-18
10.4964 0.109963 37.6727 4.7883e-18
10.5699 0.114179 36.5763 1.48833e-17
10.6439 0.11848 35.4824 4.61132e-17
10.7184 0.122865 34.3973 1.4154e-16
10.7934 0.127333 33.3197 4.30922e-16
10.869 0.131882 32.2497 1.30116e-15
10.9451 0.136509 31.1885 3.89184e-15
11.0217 0.141221 30.1384 1.15073e-14
11.0988 0.146 29.0941 3.38022e-14
11.1765 0.150851 28.0593 9.82988e-14
11.2548 0.155773 27.0427 2.80553e-13
11.3335 0.160762 26.0344 7.93535e-13
11.4129 0.165816 25.0374 2.21839e-12
11.4928 0.170933 24.05 6.13801e-12
11.5732 0.176109 23.0819 1.66507e-11
11.6542 0.181341 22.1238 4.46951e-11
11.7358 0.186627 21.1826 1.17893e-10
11.818 0.191963 20.255 3.06603e-10
11.9007 0.197346 19.3448 7.83257e-10
11.984 0.202774 18.4452 1.97861e-09
12.0679 0.208242 17.5709 4.87128e-09
12.1524 0.213747 16.7115 1.18081e-08
12.2374 0.219286 15.8674 2.81778e-08
12.3231 0.224864 15.0454 6.57362e-08
12.4093 0.230459 14.2422 1.50406e-07
12.4962 0.236077 13.4606 3.36666e-07
12.5837 0.241715 12.6996 7.37825e-07
12.6718 0.247368 11.9587 1.58391e-06
12.7605 0.253033 11.2401 3.324e-06
12.8498 0.258706 10.5437 6.81958e-06
12.9397 0.264384 9.87225 1.36387e-05
13.0303 0.270062 9.22469 2.66215e-05
13.1215 0.275736 8.60054 5.0737e-05
13.2134 0.281404 8.00191 9.422e-05
13.3059 0.287061 7.42822 0.000170583
13.399 0.292703 6.87998 0.000300946
13.4928 0.298327 6.35549 0.000518247
13.5873 0.303929 5.85727 0.000868944
13.6824 0.309505 5.38519 0.00141876
13.7781 0.315051 4.93737 0.00226
13.8746 0.320573 4.51624 0.00350389
13.9717 0.326049 4.11914 0.00530109
14.0695 0.331485 3.74659 0.00782242
14.168 0.336878 3.39934 0.0112502
14.2672 0.342223 3.07547 0.0157997
14.367 0.347518 2.77457 0.0216769
14.4676 0.352759 2.49596 0.0290736
14.5689 0.357944 2.23908 0.0381413
14.6709 0.363068 2.00248 0.0490142
14.7736 0.368128 1.78537 0.0617483
14.877 0.373123 1.58823 0.0762241
14.9811 0.378048 1.40859 0.0924285
15.086 0.382902 1.24499 0.110254
15.1916 0.38768 1.09817 0.129284
15.2979 0.392382 0.965059 0.149482
15.405 0.397003 0.846318 0.170311
15.5129 0.401549 0.739819 0.191619
15.6214 0.406002 0.64471 0.213076
15.7308 0.410369 0.560258 0.234346
15.8409 0.414646 0.485543 0.255158
15.9518 0.418832 0.419638 0.275292
16.0635 0.422925 0.361687 0.294568
16.1759 0.426923 0.310889 0.312847
16.2891 0.430824 0.266466 0.330046
16.4032 0.434626 0.227633 0.346143
16.518 0.438328 0.193931 0.361058
16.6336 0.441929 0.164794 0.374786
16.75 0.445427 0.139548 0.38741
16.8673 0.44882 0.117762 0.39896
16.9854 0.452108 0.0992191 0.409404
17.1043 0.45529 0.0832649 0.418916
17.224 0.458365 0.0696395 0.427531
17.3446 0.461331 0.0580615 0.435309
17.466 0.464193 0.0482464 0.442329
17.5882 0.466941 0.0399495 0.448654
17.7114 0.469579 0.0329561 0.454355
17.8353 0.472106 0.0270678 0.459498
17.9602 0.474522 0.0221734 0.464116
18.0859 0.476827 0.0180599 0.468293
18.2125 0.479022 0.01468 0.472041
18.34 0.481104 0.0118608 0.475432
18.4684 0.483076 0.00954283 0.478488
18.5976 0.484936 0.00765187 0.481239
18.7278 0.486685 0.0061022 0.483724
18.8589 0.488323 0.00484376 0.485963
18.9909 0.489851 0.00382394 0.487981
19.1239 0.491269 0.00300425 0.489795
19.2577 0.492577 0.00235131 0.49142
19.3925 0.493776 0.00182895 0.492874
19.5283 0.494868 0.00141691 0.494168
19.665 0.495851 0.0010926 0.49531
19.8026 0.496727 0.000837259 0.496312
19.9413 0.497497 0.000638198 0.49718
20.0809 0.498162 0.000485084 0.49792
20.2214 0.498723 0.000366518 0.49854
20.363 0.49918 0.000275532 0.499043
20.5055 0.499535 0.000205951 0.499433
20.649 0.49979 0.000153008 0.499713
20.7936 0.499944 0.000113165 0.499887
20.9391 0.5 8.32041e-05 0.499958
21.0857 0.499958 6.07474e-05 0.499928
21.2333 0.49982 4.40159e-05 0.499798
21.382 0.499588 3.15918e-05 0.499572
21.5316 0.499262 2.24773e-05 0.49925
21.6824 0.498844 1.58326e-05 0.498836
21.8341 0.498335 1.10204e-05 0.49833
21.987 0.497736 7.5654e-06 0.497733
22.1409 0.497051 5.09696e-06 0.497049
22.2959 0.49628 3.35572e-06 0.496278
22.4519 0.495424 2.15118e-06 0.495423
22.6091 0.494485 1.32067e-06 0.494484
22.7674 0.493464 7.77619e-07 0.493464
22.9267 0.492364 4.21787e-07 0.492364
23.0872 0.491186 1.99954e-07 0.491186
23.2488 0.489931 6.88443e-08 0.489931
23.4116 0.488602 1.77275e-09 0.488602
23.5755 0.487199 0 0.487199
23.7405 0.485724 0 0.485724
23.9067 0.48418 0 0.48418
24.074 0.482568 0 0.482568
24.2425 0.480889 0 0.480889
24.4122 0.479145 0 0.479145
24.5831 0.477335 0 0.477335
24.7552 0.475467 0 0.475467
24.9285 0.473539 0 0.473539
25.103 0.471553 0 0.471553
25.2787 0.46951 0 0.46951
25.4556 0.467413 0 0.467413
25.6338 0.465263 0 0.465263
25.8133 0.463061 0 0.463061
25.994 0.460809 0 0.460809
26.1759 0.458509 0 0.458509
26.3592 0.456163 0 0.456163
26.5437 0.453772 0 0.453772
26.7295 0.451338 0 0.451338
26.9166 0.448861 0 0.448861
27.105 0.446345 0 0.446345
27.2947 0.44379 0 0.44379
27.4858 0.441198 0 0.441198
27.6782 0.438566 0 0.438566
27.8719 0.435904 0 0.435904
28.067 0.43321 0 0.43321
28.2635 0.430485 0 0.430485
28.4614 0.42773 0 0.42773
28.6606 0.424946 0 0.424946
28.8612 0.422136 0 0.422136
29.0632 0.4193 0 0.4193
29.2667 0.41644 0 0.41644
29.4716 0.413557 0 0.413557
29.6779 0.410653 0 0.410653
29.8856 0.407729 0 0.407729
30.0948 0.404786 0 0.404786
30.3055 0.401825 0 0.401825
30.5176 0.398847 0 0.398847
30.7312 0.395855 0 0.395855
30.9463 0.392844 0 0.392844
31.163 0.389824 0 0.389824
31.3811 0.386793 0 0.386793
31.6008 0.383751 0 0.383751
31.822 0.3807 0 0.3807
32.0447 0.37764 0 0.37764
32.269 0.374573 0 0.374573
32.4949 0.371499 0 0.371499
32.7224 0.36842 0 0.36842
32.9515 0.365336 0 0.365336
33.1821 0.362249 0 0.362249
33.4144 0.359159 0 0.359159
33.6483 0.356067 0 0.356067
33.8838 0.352975 0 0.352975
34.121 0.349883 0 0.349883
34.3599 0.346791 0 0.346791
34.6004 0.343702 0 0.343702
34.8426 0.34061 0 0.34061
35.0865 0.337526 0 0.337526
35.3321 0.334446 0 0.334446
35.5794 0.331371 0 0.331371
35.8285 0.328302 0 0.328302
36.0793 0.325238 0 0.325238
36.3318 0.322182 0 0.322182
36.5861 0.319132 0 0.319132
36.8422 0.316091 0 0.316091
37.1001 0.313059 0 0.313059
37.3598 0.310035 0 0.310035
37.6214 0.307022 0 0.307022
37.8847 0.304019 0 0.304019
38.1499 0.301027 0 0.301027
38.417 0.298046 0 0.298046
38.6859 0.295077 0 0.295077
38.9567 0.292116 0 0.292116
39.2294 0.289173 0 0.289173
39.504 0.286243 0 0.286243
39.7805 0.283326 0 0.283326
40.059 0.280424 0 0.280424
40.3394 0.277536 0 0.277536
40.6218 0.274663 0 0.274663
40.9061 0.271805 0 0.271805
41.1925 0.268963 0 0.268963
41.4808 0.266136 0 0.266136
41.7712 0.263326 0 0.263326
42.0636 0.260533 0 0.260533
42.358 0.257756 0 0.257756
42.6545 0.254996 0 0.254996
42.9531 0.252254 0 0.252254
43.2538 0.249529 0 0.249529
43.5565 0.246822 0 0.246822
43.8614 0.244129 0 0.244129
44.1685 0.241459 0 0.241459
44.4776 0.238806 0 0.238806
44.789 0.236173 0 0.236173
45.1025 0.233558 0 0.233558
45.4182 0.230962 0 0.230962
45.7362 0.228386 0 0.228386
46.0563 0.225828 0 0.225828
46.3787 0.22329 0 0.22329
46.7034 0.220772 0 0.220772
47.0303 0.218273 0 0.218273
47.3595 0.215794 0 0.215794
47.691 0.213334 0 0.213334
48.0248 0.210894 0 0.210894
48.361 0.208475 0 0.208475
48.6995 0.206075 0 0.206075
49.0404 0.203692 0 0.203692
49.3837 0.201333 0 0.201333
49.7294 0.198994 0 0.198994
50.0775 0.196675 0 0.196675
50.4281 0.194376 0 0.194376
50.7811 0.192097 0 0.192097
51.1365 0.189839 0 0.189839
51.4945 0.187601 0 0.187601
51.8549 0.185383 0 0.185383
52.2179 0.183185 0 0.183185
52.5835 0.181008 0 0.181008
52.9515 0.178851 0 0.178851
53.3222 0.176714 0 0.176714
53.6955 0.174597 0 0.174597
54.0713 0.1725 0 0.1725
54.4498 0.170423 0 0.170423
54.831 0.168367 0 0.168367
55.2148 0.166327 0 0.166327
55.6013 0.16431 0 0.16431
55.9905 0.162314 0 0.162314
56.3824 0.160336 0 0.160336
56.7771 0.158379 0 0.158379
57.1746 0.156441 0 0.156441
57.5748 0.154523 0 0.154523
57.9778 0.152625 0 0.152625
58.3836 0.150745 0 0.150745
58.7923 0.148885 0 0.148885
59.2039 0.147044 0 0.147044
59.6183 0.145223 0 0.145223
60.0356 0.14342 0 0.14342
60.4559 0.141637 0 0.141637
60.8791 0.139872 0 0.139872
61.3052 0.138126 0 0.138126
61.7344 0.136396 0 0.136396
62.1665 0.134687 0 0.134687
62.6017 0.132996 0 0.132996
63.0399 0.131324 0 0.131324
63.4812 0.12967 0 0.12967
63.9255 0.128034 0 0.128034
64.373 0.126416 0 0.126416
64.8236 0.124816 0 0.124816
65.2774 0.123233 0 0.123233
65.7343 0.121668 0 0.121668
66.1945 0.120121 0 0.120121
66.6578 0.118591 0 0.118591
67.1244 0.117078 0 0.117078
67.5943 0.115582 0 0.115582
68.0675 0.114103 0 0.114103
68.5439 0.11264 0 0.11264
69.0237 0.111195 0 0.111195
69.5069 0.109764 0 0.109764
69.9935 0.108351 0 0.108351
70.4834 0.106955 0 0.106955
70.9768 0.105575 0 0.105575
71.4736 0.104211 0 0.104211
71.9739 0.102863 0 0.102863
72.4778 0.10153 0 0.10153
72.9851 0.100213 0 0.100213
73.496 0.098912 0 0.098912
74.0105 0.0976259 0 0.0976259
74.5285 0.096355 0 0.096355
75.0502 0.0950992 0 0.0950992
75.5756 0.0938582 0 0.0938582
76.1046 0.0926321 0 0.0926321
76.6374 0.0914205 0 0.0914205
77.1738 0.0902235 0 0.0902235
77.714 0.0890392 0 0.0890392
78.258 0.0878709 0 0.0878709
78.8058 0.0867167 0 0.0867167
79.3575 0.0855765 0 0.0855765
79.913 0.08445 0 0.08445
80.4724 0.0833373 0 0.0833373
81.0357 0.0822381 0 0.0822381
81.6029 0.0811524 0 0.0811524
82.1742 0.0800799 0 0.0800799
82.7494 0.0790206 0 0.0790206
83.3286 0.0779744 0 0.0779744
83.9119 0.076941 0 0.076941
84.4993 0.0759203 0 0.0759203
85.0908 0.0749123 0 0.0749123
85.6864 0.0739168 0 0.0739168
86.2862 0.0729337 0 0.0729337
86.8902 0.0719628 0 0.0719628
87.4985 0.0710027 0 0.0710027
88.111 0.070056 0 0.070056
88.7277 0.0691211 0 0.0691211
89.3488 0.0681979 0 0.0681979
89.9743 0.0672864 0 0.0672864
90.6041 0.0663863 0 0.0663863
91.2383 0.0654976 0 0.0654976
91.877 0.0646201 0 0.0646201
92.5201 0.0637537 0 0.0637537
93.1678 0.0628982 0 0.0628982
93.8199 0.0620537 0 0.0620537
94.4767 0.0612198 0 0.0612198
95.138 0.0603966 0 0.0603966
95.804 0.0595839 0 0.0595839
96.4746 0.0587816 0 0.0587816
97.1499 0.0579896 0 0.0579896
97.83 0.0572065 0 0.0572065
98.5148 0.0564347 0 0.0564347
99.2044 0.0556728 0 0.0556728
99.8988 0.0549208 0 0.0549208
100.598 0.0541784 0 0.0541784
101.302 0.0534455 0 0.0534455
102.011 0.0527222 0 0.0527222
102.726 0.0520082 0 0.0520082
103.445 0.0513035 0 0.0513035
104.169 0.0506079 0 0.0506079
104.898 0.0499213 0 0.0499213
105.632 0.0492437 0 0.0492437
106.372 0.0485748 0 0.0485748
107.116 0.0479148 0 0.0479148
107.866 0.0472633 0 0.0472633
108.621 0.0466203 0 0.0466203
109.381 0.0459858 0 0.0459858
110.147 0.0453587 0 0.0453587
110.918 0.0447407 0 0.0447407
111.695 0.0441308 0 0.0441308
112.476 0.043529 0 0.043529
113.264 0.042935 0 0.042935
114.057 0.0423489 0 0.0423489
114.855 0.0417705 0 0.0417705
115.659 0.0411998 0 0.0411998
116.469 0.0406365 0 0.0406365
117.284 0.0400808 0 0.0400808
118.105 0.0395323 0 0.0395323
118.932 0.0389912 0 0.0389912
119.764 0.0384572 0 0.0384572
120.602 0.0379303 0 0.0379303
121.447 0.0374104 0 0.0374104
122.297 0.0368974 0 0.0368974
123.153 0.0363905 0 0.0363905
124.015 0.0358912 0 0.0358912
124.883 0.0353984 0 0.0353984
125.757 0.0349123 0 0.0349123
126.638 0.0344326 0 0.0344326
127.524 0.0339594 0 0.0339594
128.417 0.0334925 0 0.0334925
129.316 0.0330318 0 0.0330318
130.221 0.0325773 0 0.0325773
131.132 0.0321289 0 0.0321289
132.05 0.0316865 0 0.0316865
132.975 0.03125 0 0.03125
133.905 0.0308194 0 0.0308194
134.843 0.0303946 0 0.0303946
135.787 0.0299755 0 0.0299755
136.737 0.0295621 0 0.0295621
137.694 0.0291542 0 0.0291542
138.658 0.0287513 0 0.0287513
139.629 0.0283544 0 0.0283544
140.606 0.0279628 0 0.0279628
141.59 0.0275765 0 0.0275765
142.582 0.0271955 0 0.0271955
143.58 0.0268196 0 0.0268196
144.585 0.0264487 0 0.0264487
145.597 0.0260829 0 0.0260829
146.616 0.0257221 0 0.0257221
147.642 0.0253662 0 0.0253662
148.676 0.025015 0 0.025015
149.717 0.0246687 0 0.0246687
150.765 0.024327 0 0.024327
151.82 0.02399 0 0.02399
152.883 0.0236576 0 0.0236576
153.953 0.0233297 0 0.0233297
155.03 0.0230063 0 0.0230063
156.116 0.0226868 0 0.0226868
157.208 0.0223721 0 0.0223721
158.309 0.0220618 0 0.0220618
159.417 0.0217556 0 0.0217556
160.533 0.0214537 0 0.0214537
161.657 0.0211558 0 0.0211558
162.788 0.020862 0 0.020862
163.928 0.0205723 0 0.0205723
165.075 0.0202865 0 0.0202865
166.231 0.0200046 0 0.0200046
167.395 0.0197265 0 0.0197265
168.566 0.0194523 0 0.0194523
169.746 0.0191818 0 0.0191818
170.934 0.018915 0 0.018915
172.131 0.0186519 0 0.0186519
173.336 0.0183924 0 0.0183924
174.549 0.0181361 0 0.0181361
175.771 0.0178837 0 0.0178837
177.002 0.0176348 0 0.0176348
178.241 0.0173892 0 0.0173892
179.488 0.0171471 0 0.0171471
180.745 0.0169082 0 0.0169082
182.01 0.0166727 0 0.0166727
183.284 0.0164404 0 0.0164404
184.567 0.0162113 0 0.0162113
185.859 0.0159853 0 0.0159853
187.16 0.0157625 0 0.0157625
188.47 0.0155427 0 0.0155427
189.789 0.0153259 0 0.0153259
191.118 0.0151122 0 0.0151122
192.456 0.0149014 0 0.0149014
193.803 0.0146935 0 0.0146935
195.159 0.0144884 0 0.0144884
196.526 0.014286 0 0.014286
197.901 0.0140866 0 0.0140866
199.287 0.0138899 0 0.0138899
200.682 0.013696 0 0.013696
202.086 0.0135047 0 0.0135047
203.501 0.0133161 0 0.0133161
204.925 0.0131301 0 0.0131301
206.36 0.0129467 0 0.0129467
207.804 0.0127658 0 0.0127658
209.259 0.0125874 0 0.0125874
210.724 0.0124115 0 0.0124115
212.199 0.012238 0 0.012238
213.684 0.0120669 0 0.0120669
215.18 0.0118982 0 0.0118982
216.686 0.0117318 0 0.0117318
218.203 0.0115678 0 0.0115678
219.731 0.0114058 0 0.0114058
221.269 0.0112462 0 0.0112462
222.818 0.0110889 0 0.0110889
224.377 0.0109338 0 0.0109338
225.948 0.0107808 0 0.0107808
227.53 0.0106299 0 0.0106299
229.122 0.0104811 0 0.0104811
230.726 0.0103344 0 0.0103344
232.341 0.0101898 0 0.0101898
233.968 0.0100471 0 0.0100471
235.605 0.00990642 0 0.00990642
237.255 0.0097677 0 0.0097677
238.915 0.00963091 0 0.00963091
240.588 0.00949602 0 0.00949602
242.272 0.009363 0 0.009363
243.968 0.00923184 0 0.00923184
245.676 0.0091025 0 0.0091025
247.395 0.00897479 0 0.00897479
249.127 0.00884904 0 0.00884904
250.871 0.00872503 0 0.00872503
252.627 0.00860276 0 0.00860276
254.396 0.00848218 0 0.00848218
256.176 0.00836328 0 0.00836328
257.97 0.00824604 0 0.00824604
259.775 0.00813044 0 0.00813044
261.594 0.00801644 0 0.00801644
263.425 0.00790403 0 0.00790403
265.269 0.00779319 0 0.00779319
267.126 0.0076839 0 0.0076839
268.996 0.00757613 0 0.00757613
270.879 0.00746986 0 0.00746986
272.775 0.00736508 0 0.00736508
274.684 0.00726175 0 0.00726175
276.607 0.00715974 0 0.00715974
278.543 0.00705928 0 0.00705928
280.493 0.00696023 0 0.00696023
282.456 0.00686257 0 0.00686257
284.434 0.00676626 0 0.00676626
286.425 0.0066713 0 0.0066713
288.43 0.00657767 0 0.00657767
290.449 0.00648534 0 0.00648534
292.482 0.00639431 0 0.00639431
294.529 0.00630454 0 0.00630454
296.591 0.00621603 0 0.00621603
298.667 0.00612876 0 0.00612876
300.758 0.00604271 0 0.00604271
302.863 0.00595786 0 0.00595786
304.983 0.00587419 0 0.00587419
307.118 0.0057917 0 0.0057917
309.268 0.00571036 0 0.00571036
311.433 0.00563005 0 0.00563005
313.613 0.00555098 0 0.00555098
315.808 0.00547301 0 0.00547301
318.019 0.00539613 0 0.00539613
320.245 0.00532033 0 0.00532033
322.486 0.00524559 0 0.00524559
324.744 0.00517189 0 0.00517189
327.017 0.00509923 0 0.00509923
329.306 0.00502758 0 0.00502758
331.611 0.00495693 0 0.00495693
333.933 0.00488728 0 0.00488728
336.27 0.0048186 0 0.0048186
338.624 0.00475088 0 0.00475088
340.994 0.00468411 0 0.00468411
343.381 0.00461827 0 0.00461827
345.785 0.00455336 0 0.00455336
348.206 0.00448928 0 0.00448928
350.643 0.00442617 0 0.00442617
353.097 0.00436396 0 0.00436396
355.569 0.00430261 0 0.00430261
358.058 0.00424212 0 0.00424212
360.565 0.00418249 0 0.00418249
363.088 0.00412368 0 0.00412368
365.63 0.0040657 0 0.0040657
368.19 0.00400854 0 0.00400854
370.767 0.00395217 0 0.00395217
373.362 0.0038966 0 0.0038966
375.976 0.0038418 0 0.0038418
378.608 0.00378778 0 0.00378778
381.258 0.00373451 0 0.00373451
383.927 0.00368199 0 0.00368199
386.614 0.0036302 0 0.0036302
389.32 0.00357914 0 0.00357914
392.046 0.00352874 0 0.00352874
394.79 0.00347911 0 0.00347911
397.553 0.00343017 0 0.00343017
400.336 0.00338192 0 0.00338192
403.139 0.00333435 0 0.00333435
405.961 0.00328744 0 0.00328744
408.802 0.0032412 0 0.0032412
411.664 0.0031956 0 0.0031956
414.546 0.00315064 0 0.00315064
417.448 0.00310632 0 0.00310632
420.37 0.00306261 0 0.00306261
423.312 0.00301952 0 0.00301952
426.275 0.00297703 0 0.00297703
429.259 0.00293515 0 0.00293515
432.264 0.00289384 0 0.00289384
435.29 0.00285312 0 0.00285312
438.337 0.00281292 0 0.00281292
441.405 0.00277334 0 0.00277334
444.495 0.00273431 0 0.00273431
447.607 0.00269583 0 0.00269583
450.74 0.0026579 0 0.0026579
453.895 0.00262049 0 0.00262049
457.072 0.00258361 0 0.00258361
460.272 0.00254725 0 0.00254725
463.494 0.0025114 0 0.0025114
466.738 0.00247605 0 0.00247605
470.005 0.0024412 0 0.0024412
473.295 0.00240684 0 0.00240684
476.609 0.00237296 0 0.00237296
479.945 0.00233956 0 0.00233956
483.304 0.00230663 0 0.00230663
486.688 0.00227416 0 0.00227416
490.094 0.00224214 0 0.00224214
493.525 0.00221054 0 0.00221054
496.98 0.00217942 0 0.00217942
500.459 0.00214874 0 0.00214874
503.962 0.00211849 0 0.00211849
507.489 0.00208867 0 0.00208867
511.042 0.00205927 0 0.00205927
514.619 0.00203027 0 0.00203027
518.222 0.00200169 0 0.00200169
521.849 0.00197351 0 0.00197351
525.502 0.00194572 0 0.00194572
529.181 0.00191833 0 0.00191833
532.885 0.00189132 0 0.00189132
536.615 0.00186469 0 0.00186469
540.371 0.00183843 0 0.00183843
544.154 0.00181255 0 0.00181255
547.963 0.00178702 0 0.00178702
551.799 0.00176183 0 0.00176183
555.661 0.00173702 0 0.00173702
559.551 0.00171256 0 0.00171256
563.468 0.00168845 0 0.00168845
567.412 0.00166467 0 0.00166467
571.384 0.00164123 0 0.00164123
575.384 0.00161812 0 0.00161812
579.411 0.00159533 0 0.00159533
583.467 0.00157287 0 0.00157287
587.551 0.00155072 0 0.00155072
591.664 0.00152888 0 0.00152888
595.806 0.00150735 0 0.00150735
599.977 0.00148612 0 0.00148612
604.176 0.00146519 0 0.00146519
608.406 0.00144455 0 0.00144455
612.665 0.00142421 0 0.00142421
616.953 0.00140415 0 0.00140415
621.272 0.00138435 0 0.00138435
625.621 0.00136485 0 0.00136485
630 0.00134563 0 0.00134563
634.41 0.00132668 0 0.00132668
638.851 0.00130799 0 0.00130799
643.323 0.00128957 0 0.00128957
647.826 0.00127141 0 0.00127141
652.361 0.0012535 0 0.0012535
656.928 0.00123584 0 0.00123584
661.526 0.00121844 0 0.00121844
666.157 0.00120128 0 0.00120128
670.82 0.00118436 0 0.00118436
675.516 0.00116767 0 0.00116767
680.244 0.00115123 0 0.00115123
685.006 0.00113501 0 0.00113501
689.801 0.00111902 0 0.00111902
694.629 0.00110324 0 0.00110324
699.492 0.0010877 0 0.0010877
704.388 0.00107238 0 0.00107238
709.319 0.00105727 0 0.00105727
714.284 0.00104238 0 0.00104238
719.284 0.0010277 0 0.0010277
724.319 0.00101322 0 0.00101322
729.39 0.000998948 0 0.000998948
734.495 0.000984876 0 0.000984876
739.637 0.000971002 0 0.000971002
744.814 0.000957324 0 0.000957324
750.028 0.000943838 0 0.000943838
755.278 0.000930542 0 0.000930542
760.565 0.000917433 0 0.000917433
765.889 0.000904509 0 0.000904509
771.25 0.000891766 0 0.000891766
776.649 0.000879204 0 0.000879204
782.085 0.000866802 0 0.000866802
787.56 0.000854592 0 0.000854592
793.073 0.000842553 0 0.000842553
798.625 0.000830683 0 0.000830683
804.215 0.000818981 0 0.000818981
809.844 0.000807444 0 0.000807444
815.513 0.000796069 0 0.000796069
821.222 0.000784854 0 0.000784854
826.97 0.000773797 0 0.000773797
832.759 0.000762896 0 0.000762896
838.589 0.000752148 0 0.000752148
844.459 0.000741551 0 0.000741551
850.37 0.000731104 0 0.000731104
856.322 0.000720804 0 0.000720804
862.317 0.000710649 0 0.000710649
868.353 0.000700637 0 0.000700637
874.431 0.000690753 0 0.000690753
880.552 0.000681022 0 0.000681022
886.716 0.000671428 0 0.000671428
892.923 0.000661968 0 0.000661968
899.174 0.000652642 0 0.000652642
905.468 0.000643448 0 0.000643448
911.806 0.000634383 0 0.000634383
918.189 0.000625445 0 0.000625445
924.616 0.000616633 0 0.000616633
931.089 0.000607946 0 0.000607946
937.606 0.00059938 0 0.00059938
944.169 0.000590936 0 0.000590936
950.779 0.00058261 0 0.00058261
957.434 0.000574402 0 0.000574402
964.136 0.000566309 0 0.000566309
970.885 0.00055833 0 0.00055833
977.681 0.000550464 0 0.000550464
984.525 0.000542698 0 0.000542698
991.417 0.000535052 0 0.000535052
998.357 0.000527514 0 0.000527514
1005.35 0.000520082 0 0.000520082
1012.38 0.000512755 0 0.000512755
1019.47 0.000505531 0 0.000505531
1026.61 0.000498408 0 0.000498408
1033.79 0.000491386 0 0.000491386
1041.03 0.000484463 0 0.000484463
1048.32 0.000477637 0 0.000477637
1055.65 0.000470907 0 0.000470907
1063.04 0.000464273 0 0.000464273
1070.48 0.000457731 0 0.000457731
1077.98 0.000451282 0 0.000451282
1085.52 0.000444924 0 0.000444924
1093.12 0.000438655 0 0.000438655
1100.77 0.000432467 0 0.000432467
1108.48 0.000426374 0 0.000426374
1116.24 0.000420367 0 0.000420367
1124.05 0.000414444 0 0.000414444
1131.92 0.000408605 0 0.000408605
1139.84 0.000402848 0 0.000402848
1147.82 0.000397172 0 0.000397172
1155.86 0.000391576 0 0.000391576
1163.95 0.000386059 0 0.000386059
1172.1 0.00038062 0 0.00038062
1180.3 0.000375257 0 0.000375257
1188.56 0.00036997 0 0.00036997
1196.88 0.000364757 0 0.000364757
1205.26 0.000359618 0 0.000359618
1213.7 0.000354551 0 0.000354551
1222.19 0.000349556 0 0.000349556
1230.75 0.00034463 0 0.00034463
1239.37 0.000339769 0 0.000339769
1248.04 0.000334982 0 0.000334982
1256.78 0.000330262 0 0.000330262
1265.57 0.000325609 0 0.000325609
1274.43 0.000321021 0 0.000321021
1283.35 0.000316498 0 0.000316498
1292.34 0.000312039 0 0.000312039
1301.38 0.000307643 0 0.000307643
1310.49 0.000303308 0 0.000303308
1319.67 0.000299035 0 0.000299035
1328.91 0.000294822 0 0.000294822
1338.21 0.000290668 0 0.000290668
1347.57 0.000286572 0 0.000286572
1357.01 0.000282535 0 0.000282535
1366.51 0.000278554 0 0.000278554
1376.07 0.000274629 0 0.000274629
1385.71 0.000270755 0 0.000270755
1395.41 0.00026694 0 0.00026694
1405.17 0.000263179 0 0.000263179
1415.01 0.000259471 0 0.000259471
1424.91 0.000255816 0 0.000255816
1434.89 0.000252211 0 0.000252211
1444.93 0.000248658 0 0.000248658
1455.05 0.000245155 0 0.000245155
1465.23 0.000241701 0 0.000241701
1475.49 0.000238295 0 0.000238295
1485.82 0.000234938 0 0.000234938
1496.22 0.000231628 0 0.000231628
1506.69 0.000228364 0 0.000228364
1517.24 0.000225147 0 0.000225147
1527.86 0.000221975 0 0.000221975
1538.55 0.000218847 0 0.000218847
1549.32 0.000215764 0 0.000215764
1560.17 0.00021272 0 0.00021272
1571.09 0.000209723 0 0.000209723
1582.09 0.000206768 0 0.000206768
1593.16 0.000203855 0 0.000203855
1604.32 0.000200983 0 0.000200983
1615.55 0.000198151 0 0.000198151
1626.85 0.00019536 0 0.00019536
1638.24 0.000192607 0 0.000192607
1649.71 0.000189894 0 0.000189894
1661.26 0.000187218 0 0.000187218
1672.89 0.00018458 0 0.00018458
1684.6 0.00018198 0 0.00018198
1696.39 0.000179416 0 0.000179416
1708.26 0.000176888 0 0.000176888
1720.22 0.000174396 0 0.000174396
1732.26 0.000171939 0 0.000171939
1744.39 0.000169513 0 0.000169513
1756.6 0.000167125 0 0.000167125
1768.9 0.000164771 0 0.000164771
1781.28 0.000162449 0 0.000162449
1793.75 0.000160161 0 0.000160161
1806.3 0.000157904 0 0.000157904
1818.95 0.00015568 0 0.00015568
1831.68 0.000153486 0 0.000153486
1844.5 0.000151324 0 0.000151324
1857.41 0.000149192 0 0.000149192
1870.42 0.00014709 0 0.00014709
1883.51 0.000145018 0 0.000145018
1896.69 0.000142975 0 0.000142975
1909.97 0.00014096 0 0.00014096
1923.34 0.000138974 0 0.000138974
1936.8 0.000137016 0 0.000137016
1950.36 0.000135086 0 0.000135086
1964.01 0.00013318 0 0.00013318
1977.76 0.000131304 0 0.000131304
1991.61 0.000129454 0 0.000129454
2005.55 0.000127631 0 0.000127631
2019.59 0.000125833 0 0.000125833
2033.72 0.00012406 0 0.00012406
2047.96 0.000122312 0 0.000122312
2062.29 0.000120589 0 0.000120589
2076.73 0.00011889 0 0.00011889
2091.27 0.000117215 0 0.000117215
2105.91 0.000115564 0 0.000115564
2120.65 0.000113936 0 0.000113936
2135.49 0.00011233 0 0.00011233
2150.44 0.000110748 0 0.000110748
2165.49 0.000109188 0 0.000109188
2180.65 0.000107649 0 0.000107649
2195.92 0.000106131 0 0.000106131
2211.29 0.000104636 0 0.000104636
2226.77 0.000103162 0 0.000103162
2242.35 0.000101708 0 0.000101708
2258.05 0.000100276 0 0.000100276
2273.86 9.88629e-05 0 9.88629e-05
2289.77 9.74702e-05 0 9.74702e-05
2305.8 9.6097e-05 0 9.6097e-05
2321.94 9.47432e-05 0 9.47432e-05
2338.2 9.34085e-05 0 9.34085e-05
2354.56 9.20926e-05 0 9.20926e-05
2371.05 9.07952e-05 0 9.07952e-05
2387.64 8.95161e-05 0 8.95161e-05
2404.36 8.8255e-05 0 8.8255e-05
2421.19 8.70117e-05 0 8.70117e-05
2438.14 8.57859e-05 0 8.57859e-05
2455.2 8.45773e-05 0 8.45773e-05
2472.39 8.33844e-05 0 8.33844e-05
2489.7 8.22097e-05 0 8.22097e-05
2507.12 8.10516e-05 0 8.10516e-05
2524.67 7.99098e-05 0 7.99098e-05
2542.35 7.87841e-05 0 7.87841e-05
2560.14 7.76743e-05 0 7.76743e-05
2578.06 7.65801e-05 0 7.65801e-05
2596.11 7.55013e-05 0 7.55013e-05
2614.28 7.44376e-05 0 7.44376e-05
2632.58 7.3389e-05 0 7.3389e-05
2651.01 7.23552e-05 0 7.23552e-05
2669.57 7.13359e-05 0 7.13359e-05
2688.26 7.03309e-05 0 7.03309e-05
2707.07 6.93402e-05 0 6.93402e-05
2726.02 6.83633e-05 0 6.83633e-05
2745.1 6.74003e-05 0 6.74003e-05
2764.32 6.64496e-05 0 6.64496e-05
2783.67 6.55136e-05 0 6.55136e-05
2803.16 6.45907e-05 0 6.45907e-05
2822.78 6.36808e-05 0 6.36808e-05
2842.54 6.27838e-05 0 6.27838e-05
2862.44 6.18993e-05 0 6.18993e-05
2882.47 6.10274e-05 0 6.10274e-05
2902.65 6.01677e-05 0 6.01677e-05
2922.97 5.93201e-05 0 5.93201e-05
2943.43 5.84845e-05 0 5.84845e-05
2964.03 5.76606e-05 0 5.76606e-05
2984.78 5.68484e-05 0 5.68484e-05
3005.68 5.60476e-05 0 5.60476e-05
3026.71 5.5258e-05 0 5.5258e-05
3047.9 5.44796e-05 0 5.44796e-05
3069.24 5.37122e-05 0 5.37122e-05
3090.72 5.29555e-05 0 5.29555e-05
3112.36 5.22086e-05 0 5.22086e-05
3134.14 5.14732e-05 0 5.14732e-05
3156.08 5.07482e-05 0 5.07482e-05
3178.17 5.00333e-05 0 5.00333e-05
3200.42 4.93285e-05 0 4.93285e-05
3222.83 4.86337e-05 0 4.86337e-05
3245.38 4.79486e-05 0 4.79486e-05
3268.1 4.72732e-05 0 4.72732e-05
3290.98 4.66073e-05 0 4.66073e-05
3314.02 4.59507e-05 0 4.59507e-05
3337.21 4.53035e-05 0 4.53035e-05
3360.57 4.46653e-05 0 4.46653e-05
3384.1 4.40361e-05 0 4.40361e-05
3407.79 4.34158e-05 0 4.34158e-05
3431.64 4.28042e-05 0 4.28042e-05
3455.66 4.22013e-05 0 4.22013e-05
3479.85 4.16061e-05 0 4.16061e-05
3504.21 4.102e-05 0 4.102e-05
3528.74 4.04422e-05 0 4.04422e-05
3553.44 3.98726e-05 0 3.98726e-05
3578.32 3.93109e-05 0 3.93109e-05
3603.37 3.87572e-05 0 3.87572e-05
3628.59 3.82113e-05 0 3.82113e-05
3653.99 3.7673e-05 0 3.7673e-05
3679.57 3.71424e-05 0 3.71424e-05
3705.32 3.66192e-05 0 3.66192e-05
3731.26 3.61034e-05 0 3.61034e-05
3757.38 3.55948e-05 0 3.55948e-05
3783.68 3.50934e-05 0 3.50934e-05
3810.17 3.45991e-05 0 3.45991e-05
3836.84 3.41118e-05 0 3.41118e-05
3863.7 3.36313e-05 0 3.36313e-05
3890.74 3.31575e-05 0 3.31575e-05
3917.98 3.26899e-05 0 3.26899e-05
3945.4 3.22295e-05 0 3.22295e-05
3973.02 3.17755e-05 0 3.17755e-05
4000.83 3.13279e-05 0 3.13279e-05
4028.84 3.08867e-05 0 3.08867e-05
4057.04 3.04516e-05 0 3.04516e-05
4085.44 3.00227e-05 0 3.00227e-05
4114.04 2.95998e-05 0 2.95998e-05
4142.84 2.91829e-05 0 2.91829e-05
4171.84 2.87718e-05 0 2.87718e-05
4201.04 2.83666e-05 0 2.83666e-05
4230.45 2.7967e-05 0 2.7967e-05
4260.06 2.75731e-05 0 2.75731e-05
4289.88 2.71847e-05 0 2.71847e-05
4319.91 2.68018e-05 0 2.68018e-05
4350.15 2.64243e-05 0 2.64243e-05
4380.6 2.60516e-05 0 2.60516e-05
4411.26 2.56847e-05 0 2.56847e-05
4442.14 2.53229e-05 0 2.53229e-05
4473.24 2.49662e-05 0 2.49662e-05
4504.55 2.46146e-05 0 2.46146e-05
4536.08 2.42679e-05 0 2.42679e-05
4567.83 2.39261e-05 0 2.39261e-05
4599.81 2.35891e-05 0 2.35891e-05
4632.01 2.32568e-05 0 2.32568e-05
4664.43 2.29293e-05 0 2.29293e-05
4697.08 2.26063e-05 0 2.26063e-05
4729.96 2.22879e-05 0 2.22879e-05
4763.07 2.1974e-05 0 2.1974e-05
4796.41 2.16644e-05 0 2.16644e-05
4829.99 2.13593e-05 0 2.13593e-05
4863.8 2.10585e-05 0 2.10585e-05
4897.84 2.07618e-05 0 2.07618e-05
4932.13 2.04691e-05 0 2.04691e-05
4966.65 2.01808e-05 0 2.01808e-05
5001.42 1.98965e-05 0 1.98965e-05
5036.43 1.96163e-05 0 1.96163e-05
5071.69 1.934e-05 0 1.934e-05
5107.19 1.90676e-05 0 1.90676e-05
5142.94 1.87991e-05 0 1.87991e-05
5178.94 1.85343e-05 0 1.85343e-05
5215.19 1.82732e-05 0 1.82732e-05
5251.7 1.80159e-05 0 1.80159e-05
5288.46 1.77621e-05 0 1.77621e-05
5325.48 1.75119e-05 0 1.75119e-05
5362.76 1.72653e-05 0 1.72653e-05
5400.3 1.70221e-05 0 1.70221e-05
5438.1 1.67823e-05 0 1.67823e-05
5476.16 1.6546e-05 0 1.6546e-05
5514.5 1.63126e-05 0 1.63126e-05
5553.1 1.60829e-05 0 1.60829e-05
5591.97 1.58564e-05 0 1.58564e-05
5631.11 1.56331e-05 0 1.56331e-05
5670.53 1.54129e-05 0 1.54129e-05
5710.23 1.51958e-05 0 1.51958e-05
5750.2 1.49818e-05 0 1.49818e-05
5790.45 1.47708e-05 0 1.47708e-05
5830.98 1.45627e-05 0 1.45627e-05
5871.8 1.43576e-05 0 1.43576e-05
5912.9 1.41554e-05 0 1.41554e-05
5954.29 1.3956e-05 0 1.3956e-05
5995.97 1.37595e-05 0 1.37595e-05
6037.94 1.35657e-05 0 1.35657e-05
6080.21 1.33746e-05 0 1.33746e-05
6122.77 1.31862e-05 0 1.31862e-05
6165.63 1.30005e-05 0 1.30005e-05
6208.79 1.28172e-05 0 1.28172e-05
6252.25 1.26367e-05 0 1.26367e-05
6296.02 1.24587e-05 0 1.24587e-05
6340.09 1.22832e-05 0 1.22832e-05
6384.47 1.21103e-05 0 1.21103e-05
6429.16 1.19397e-05 0 1.19397e-05
6474.17 1.17715e-05 0 1.17715e-05
6519.48 1.16057e-05 0 1.16057e-05
6565.12 1.14423e-05 0 1.14423e-05
6611.08 1.12811e-05 0 1.12811e-05
6657.35 1.11222e-05 0 1.11222e-05
6703.96 1.09656e-05 0 1.09656e-05
6750.88 1.08112e-05 0 1.08112e-05
6798.14 1.06589e-05 0 1.06589e-05
6845.73 1.05088e-05 0 1.05088e-05
6893.65 1.03608e-05 0 1.03608e-05
6941.9 1.02147e-05 0 1.02147e-05
6990.5 1.00708e-05 0 1.00708e-05
7039.43 9.92898e-06 0 9.92898e-06
7088.71 9.78914e-06 0 9.78914e-06
7138.33 9.65128e-06 0 9.65128e-06
7188.29 9.51535e-06 0 9.51535e-06
7238.61 9.38134e-06 0 9.38134e-06
7289.28 9.24922e-06 0 9.24922e-06
7340.31 9.11895e-06 0 9.11895e-06
7391.69 8.99052e-06 0 8.99052e-06
7443.43 8.8639e-06 0 8.8639e-06
7495.54 8.73906e-06 0 8.73906e-06
7548 8.61598e-06 0 8.61598e-06
7600.84 8.49464e-06 0 8.49464e-06
7654.05 8.375e-06 0 8.375e-06
7707.62 8.25705e-06 0 8.25705e-06
7761.58 8.14075e-06 0 8.14075e-06
7815.91 8.02597e-06 0 8.02597e-06
7870.62 7.91294e-06 0 7.91294e-06
7925.71 7.8015e-06 0 7.8015e-06
7981.19 7.69162e-06 0 7.69162e-06
8037.06 7.5833e-06 0 7.5833e-06
8093.32 7.4765e-06 0 7.4765e-06
8149.98 7.3712e-06 0 7.3712e-06
8207.03 7.26739e-06 0 7.26739e-06
8264.47 7.16504e-06 0 7.16504e-06
8322.33 7.06413e-06 0 7.06413e-06
8380.58 6.96464e-06 0 6.96464e-06
8439.25 6.86655e-06 0 6.86655e-06
8498.32 6.76985e-06 0 6.76985e-06
8557.81 6.6745e-06 0 6.6745e-06
8617.71 6.5805e-06 0 6.5805e-06
8678.04 6.48782e-06 0 6.48782e-06
8738.78 6.39634e-06 0 6.39634e-06
8799.96 6.30626e-06 0 6.30626e-06
8861.56 6.21745e-06 0 6.21745e-06
8923.59 6.12989e-06 0 6.12989e-06
8986.05 6.04356e-06 0 6.04356e-06
9048.95 5.95845e-06 0 5.95845e-06
9112.3 5.87453e-06 0 5.87453e-06
9176.08 5.7918e-06 0 5.7918e-06
9240.32 5.71023e-06 0 5.71023e-06
9305 5.62981e-06 0 5.62981e-06
9370.13 5.55052e-06 0 5.55052e-06
9435.72 5.47235e-06 0 5.47235e-06
9501.77 5.39528e-06 0 5.39528e-06
9568.29 5.3193e-06 0 5.3193e-06
9635.26 5.24438e-06 0 5.24438e-06
9702.71 5.17052e-06 0 5.17052e-06
9770.63 5.0977e-06 0 5.0977e-06
9839.02 5.02583e-06 0 5.02583e-06
9907.9 4.95505e-06 0 4.95505e-06
9977.25 4.88527e-06 0 4.88527e-06
10047.1 4.81647e-06 0 4.81647e-06
10117.4 4.74863e-06 0 4.74863e-06
10188.2 4.68176e-06 0 4.68176e-06
10259.6 4.61582e-06 0 4.61582e-06
10331.4 4.55082e-06 0 4.55082e-06
10403.7 4.48673e-06 0 4.48673e-06
10476.5 4.42354e-06 0 4.42354e-06
10549.9 4.36124e-06 0 4.36124e-06
10623.7 4.29982e-06 0 4.29982e-06
10698.1 4.23926e-06 0 4.23926e-06
10773 4.17956e-06 0 4.17956e-06
10848.4 4.1207e-06 0 4.1207e-06
10924.3 4.06266e-06 0 4.06266e-06
11000.8 4.00538e-06 0 4.00538e-06
11077.8 3.94897e-06 0 3.94897e-06
11155.3 3.89336e-06 0 3.89336e-06
11233.4 3.83853e-06 0 3.83853e-06
11312.1 3.78447e-06 0 3.78447e-06
11391.2 3.73117e-06 0 3.73117e-06
11471 3.67862e-06 0 3.67862e-06
11551.3 3.62682e-06 0 3.62682e-06
11632.1 3.57574e-06 0 3.57574e-06
11713.6 3.52538e-06 0 3.52538e-06
11795.6 3.47573e-06 0 3.47573e-06
11878.1 3.42678e-06 0 3.42678e-06
11961.3 3.37852e-06 0 3.37852e-06
12045 3.33094e-06 0 3.33094e-06
12129.3 3.28403e-06 0 3.28403e-06
12214.2 3.23778e-06 0 3.23778e-06
12299.7 3.19218e-06 0 3.19218e-06
12385.8 3.14717e-06 0 3.14717e-06
12472.5 3.10285e-06 0 3.10285e-06
12559.8 3.05915e-06 0 3.05915e-06
12647.7 3.01607e-06 0 3.01607e-06
12736.3 2.97359e-06 0 2.97359e-06
12825.4 2.93171e-06 0 2.93171e-06
12915.2 2.89043e-06 0 2.89043e-06
13005.6 2.84972e-06 0 2.84972e-06
13096.7 2.80959e-06 0 2.80959e-06
13188.3 2.77002e-06 0 2.77002e-06
13280.6 2.73101e-06 0 2.73101e-06
13373.6 2.69254e-06 0 2.69254e-06
13467.2 2.65462e-06 0 2.65462e-06
13561.5 2.61724e-06 0 2.61724e-06
13656.4 2.58038e-06 0 2.58038e-06
13752 2.54404e-06 0 2.54404e-06
13848.3 2.50816e-06 0 2.50816e-06
13945.2 2.47284e-06 0 2.47284e-06
14042.8 2.43802e-06 0 2.43802e-06
14141.1 2.40368e-06 0 2.40368e-06
14240.1 2.36983e-06 0 2.36983e-06
14339.8 2.33646e-06 0 2.33646e-06
14440.2 2.30355e-06 0 2.30355e-06
14541.3 2.27111e-06 0 2.27111e-06
14643.1 2.23912e-06 0 2.23912e-06
14745.6 2.20759e-06 0 2.20759e-06
14848.8 2.1765e-06 0 2.1765e-06
14952.7 2.14585e-06 0 2.14585e-06
15057.4 2.11562e-06 0 2.11562e-06
15162.8 2.08583e-06 0 2.08583e-06
15268.9 2.05645e-06 0 2.05645e-06
15375.8 2.02749e-06 0 2.02749e-06
15483.4 1.99893e-06 0 1.99893e-06
15591.8 1.97075e-06 0 1.97075e-06
15701 1.943e-06 0 1.943e-06
15810.9 1.91563e-06 0 1.91563e-06
15921.6 1.88865e-06 0 1.88865e-06
16033 1.86205e-06 0 1.86205e-06
16145.2 1.83583e-06 0 1.83583e-06
16258.3 1.80998e-06 0 1.80998e-06
16372.1 1.78448e-06 0 1.78448e-06
16486.7 1.75935e-06 0 1.75935e-06
16602.1 1.73457e-06 0 1.73457e-06
16718.3 1.71014e-06 0 1.71014e-06
16835.3 1.68606e-06 0 1.68606e-06
16953.2 1.66231e-06 0 1.66231e-06
17071.8 1.6389e-06 0 1.6389e-06
17191.3 1.61582e-06 0 1.61582e-06
17311.7 1.59306e-06 0 1.59306e-06
17432.9 1.5706e-06 0 1.5706e-06
17554.9 1.54848e-06 0 1.54848e-06
17677.8 1.52667e-06 0 1.52667e-06
17801.5 1.50517e-06 0 1.50517e-06
17926.1 1.48397e-06 0 1.48397e-06
18051.6 1.46307e-06 0 1.46307e-06
18178 1.44247e-06 0 1.44247e-06
18305.2 1.42215e-06 0 1.42215e-06
18433.4 1.40212e-06 0 1.40212e-06
18562.4 1.38237e-06 0 1.38237e-06
18692.3 1.36291e-06 0 1.36291e-06
18823.2 1.34371e-06 0 1.34371e-06
18954.9 1.32478e-06 0 1.32478e-06
19087.6 1.30613e-06 0 1.30613e-06
19221.2 1.28773e-06 0 1.28773e-06
19355.8 1.26959e-06 0 1.26959e-06
19491.3 1.25171e-06 0 1.25171e-06
19627.7 1.23406e-06 0 1.23406e-06
19765.1 1.21668e-06 0 1.21668e-06
19903.5 1.19955e-06 0 1.19955e-06
20042.8 1.18265e-06 0 1.18265e-06
20183.1 1.166e-06 0 1.166e-06
20324.4 1.14957e-06 0 1.14957e-06
20466.6 1.13338e-06 0 1.13338e-06
20609.9 1.11742e-06 0 1.11742e-06
20754.2 1.10168e-06 0 1.10168e-06
20899.4 1.08617e-06 0 1.08617e-06
21045.7 1.07087e-06 0 1.07087e-06
21193.1 1.05579e-06 0 1.05579e-06
21341.4 1.04091e-06 0 1.04091e-06
21490.8 1.02625e-06 0 1.02625e-06
21641.2 1.0118e-06 0 1.0118e-06
21792.7 9.97548e-07 0 9.97548e-07
21945.3 9.83482e-07 0 9.83482e-07
22098.9 9.6963e-07 0 9.6963e-07
22253.6 9.55974e-07 0 9.55974e-07
22409.4 9.4251e-07 0 9.4251e-07
22566.2 9.29235e-07 0 9.29235e-07
22724.2 9.16147e-07 0 9.16147e-07
22883.3 9.03244e-07 0 9.03244e-07
23043.4 8.90522e-07 0 8.90522e-07
23204.8 8.77979e-07 0 8.77979e-07
23367.2 8.65613e-07 0 8.65613e-07
23530.8 8.53421e-07 0 8.53421e-07
23695.5 8.414e-07 0 8.414e-07
23861.3 8.29549e-07 0 8.29549e-07
24028.4 8.17865e-07 0 8.17865e-07
24196.6 8.06345e-07 0 8.06345e-07
24365.9 7.94988e-07 0 7.94988e-07
24536.5 7.8379e-07 0 7.8379e-07
24708.3 7.72738e-07 0 7.72738e-07
24881.2 7.61854e-07 0 7.61854e-07
25055.4 7.51123e-07 0 7.51123e-07
25230.8 7.40544e-07 0 7.40544e-07
25407.4 7.30113e-07 0 7.30113e-07
25585.2 7.19829e-07 0 7.19829e-07
25764.3 7.09691e-07 0 7.09691e-07
25944.7 6.99694e-07 0 6.99694e-07
26126.3 6.89839e-07 0 6.89839e-07
26309.2 6.80122e-07 0 6.80122e-07
26493.3 6.70542e-07 0 6.70542e-07
26678.8 6.61097e-07 0 6.61097e-07
26865.6 6.51785e-07 0 6.51785e-07
27053.6 6.42605e-07 0 6.42605e-07
27243 6.33553e-07 0 6.33553e-07
27433.7 6.24629e-07 0 6.24629e-07
27625.7 6.1582e-07 0 6.1582e-07
27819.1 6.07146e-07 0 6.07146e-07
28013.8 5.98594e-07 0 5.98594e-07
28209.9 5.90163e-07 0 5.90163e-07
28407.4 5.8185e-07 0 5.8185e-07
28606.3 5.73654e-07 0 5.73654e-07
28806.5 5.65574e-07 0 5.65574e-07
29008.1 5.57607e-07 0 5.57607e-07
29211.2 5.49753e-07 0 5.49753e-07
29415.7 5.42009e-07 0 5.42009e-07
29621.6 5.34374e-07 0 5.34374e-07
29828.9 5.26847e-07 0 5.26847e-07
30037.7 5.19425e-07 0 5.19425e-07
30248 5.12109e-07 0 5.12109e-07
30459.7 5.04895e-07 0 5.04895e-07
30673 4.97783e-07 0 4.97783e-07
30887.7 4.9077e-07 0 4.9077e-07
31103.9 4.83849e-07 0 4.83849e-07
31321.6 4.77034e-07 0 4.77034e-07
31540.9 4.70314e-07 0 4.70314e-07
31761.7 4.63689e-07 0 4.63689e-07
31984 4.57157e-07 0 4.57157e-07
32207.9 4.50718e-07 0 4.50718e-07
32433.3 4.44369e-07 0 4.44369e-07
32660.4 4.38109e-07 0 4.38109e-07
32889 4.31937e-07 0 4.31937e-07
33119.2 4.25853e-07 0 4.25853e-07
33351 4.19854e-07 0 4.19854e-07
33584.5 4.13939e-07 0 4.13939e-07
33819.6 4.08108e-07 0 4.08108e-07
34056.3 4.02359e-07 0 4.02359e-07
34294.7 3.96691e-07 0 3.96691e-07
34534.8 3.91102e-07 0 3.91102e-07
34776.5 3.85586e-07 0 3.85586e-07
35020 3.80155e-07 0 3.80155e-07
35265.1 3.74799e-07 0 3.74799e-07
35512 3.69519e-07 0 3.69519e-07
35760.5 3.64314e-07 0 3.64314e-07
36010.9 3.59182e-07 0 3.59182e-07
36262.9 3.54122e-07 0 3.54122e-07
36516.8 3.49133e-07 0 3.49133e-07
36772.4 3.44214e-07 0 3.44214e-07
37029.8 3.39365e-07 0 3.39365e-07
37289 3.34584e-07 0 3.34584e-07
37550 3.29871e-07 0 3.29871e-07
37812.9 3.25223e-07 0 3.25223e-07
38077.6 3.20642e-07 0 3.20642e-07
38344.1 3.16124e-07 0 3.16124e-07
38612.5 3.11671e-07 0 3.11671e-07
38882.8 3.0728e-07 0 3.0728e-07
39155 3.02946e-07 0 3.02946e-07
39429.1 2.98678e-07 0 2.98678e-07
39705.1 2.9447e-07 0 2.9447e-07
39983 2.90321e-07 0 2.90321e-07
40262.9 2.86231e-07 0 2.86231e-07
40544.7 2.82199e-07 0 2.82199e-07
40828.6 2.78223e-07 0 2.78223e-07
41114.4 2.74303e-07 0 2.74303e-07
41402.2 2.70438e-07 0 2.70438e-07
41692 2.66628e-07 0 2.66628e-07
41983.8 2.62872e-07 0 2.62872e-07
42277.7 2.59168e-07 0 2.59168e-07
42573.6 2.55516e-07 0 2.55516e-07
42871.7 2.51916e-07 0 2.51916e-07
43171.8 2.48367e-07 0 2.48367e-07
43474 2.44868e-07 0 2.44868e-07
43778.3 2.41414e-07 0 2.41414e-07
44084.7 2.38012e-07 0 2.38012e-07
44393.3 2.34659e-07 0 2.34659e-07
44704.1 2.31353e-07 0 2.31353e-07
45017 2.28093e-07 0 2.28093e-07
45332.1 2.24879e-07 0 2.24879e-07
45649.5 2.21711e-07 0 2.21711e-07
45969 2.18587e-07 0 2.18587e-07
46290.8 2.15507e-07 0 2.15507e-07
46614.8 2.1247e-07 0 2.1247e-07
46941.1 2.09477e-07 0 2.09477e-07
47269.7 2.06525e-07 0 2.06525e-07
47600.6 2.03615e-07 0 2.03615e-07
47933.8 2.00746e-07 0 2.00746e-07
48269.3 1.97917e-07 0 1.97917e-07
48607.2 1.95128e-07 0 1.95128e-07
48947.5 1.92379e-07 0 1.92379e-07
49290.1 1.89665e-07 0 1.89665e-07
49635.1 1.86993e-07 0 1.86993e-07
49982.6 1.84358e-07 0 1.84358e-07
50332.5 1.8176e-07 0 1.8176e-07
50684.8 1.79199e-07 0 1.79199e-07
51039.6 1.76674e-07 0 1.76674e-07
51396.9 1.74184e-07 0 1.74184e-07
51756.6 1.7173e-07 0 1.7173e-07
52118.9 1.6931e-07 0 1.6931e-07
52483.8 1.66924e-07 0 1.66924e-07
52851.1 1.64572e-07 0 1.64572e-07
53221.1 1.62252e-07 0 1.62252e-07
53593.7 1.59966e-07 0 1.59966e-07
53968.8 1.57712e-07 0 1.57712e-07
54346.6 1.55489e-07 0 1.55489e-07
54727 1.53298e-07 0 1.53298e-07
55110.1 1.51137e-07 0 1.51137e-07
55495.9 1.49005e-07 0 1.49005e-07
55884.3 1.46905e-07 0 1.46905e-07
56275.5 1.44835e-07 0 1.44835e-07
56669.5 1.42794e-07 0 1.42794e-07
57066.2 1.40782e-07 0 1.40782e-07
57465.6 1.38798e-07 0 1.38798e-07
57867.9 1.36842e-07 0 1.36842e-07
58273 1.34913e-07 0 1.34913e-07
58680.9 1.33012e-07 0 1.33012e-07
59091.6 1.31137e-07 0 1.31137e-07
59505.3 1.29289e-07 0 1.29289e-07
59921.8 1.27467e-07 0 1.27467e-07
60341.3 1.2567e-07 0 1.2567e-07
60763.6 1.23899e-07 0 1.23899e-07
61189 1.22153e-07 0 1.22153e-07
61617.3 1.20431e-07 0 1.20431e-07
62048.6 1.18732e-07 0 1.18732e-07
62483 1.17059e-07 0 1.17059e-07
62920.4 1.15409e-07 0 1.15409e-07
63360.8 1.13782e-07 0 1.13782e-07
63804.3 1.12178e-07 0 1.12178e-07
64251 1.10597e-07 0 1.10597e-07
64700.7 1.09038e-07 0 1.09038e-07
65153.6 1.07502e-07 0 1.07502e-07
65609.7 1.05986e-07 0 1.05986e-07
66069 1.04492e-07 0 1.04492e-07
66531.4 1.0302e-07 0 1.0302e-07
66997.2 1.01567e-07 0 1.01567e-07
67466.1 1.00136e-07 0 1.00136e-07
67938.4 9.87243e-08 0 9.87243e-08
68414 9.73326e-08 0 9.73326e-08
68892.9 9.59606e-08 0 9.59606e-08
69375.1 9.46079e-08 0 9.46079e-08
69860.8 9.32728e-08 0 9.32728e-08
70349.8 9.1958e-08 0 9.1958e-08
70842.2 9.06618e-08 0 9.06618e-08
71338.1 8.93838e-08 0 8.93838e-08
71837.5 8.81238e-08 0 8.81238e-08
72340.4 8.68815e-08 0 8.68815e-08
72846.7 8.56567e-08 0 8.56567e-08
73356.7 8.44492e-08 0 8.44492e-08
73870.2 8.32587e-08 0 8.32587e-08
74387.2 8.2085e-08 0 8.2085e-08
74908 8.09278e-08 0 8.09278e-08
75432.3 7.97869e-08 0 7.97869e-08
75960.3 7.8662e-08 0 7.8662e-08
76492.1 7.7553e-08 0 7.7553e-08
77027.5 7.64597e-08 0 7.64597e-08
77566.7 7.53817e-08 0 7.53817e-08
78109.7 7.43177e-08 0 7.43177e-08
78656.4 7.327e-08 0 7.327e-08
79207 7.2237e-08 0 7.2237e-08
79761.5 7.12185e-08 0 7.12185e-08
80319.8 7.02144e-08 0 7.02144e-08
80882 6.92245e-08 0 6.92245e-08
81448.2 6.82485e-08 0 6.82485e-08
82018.4 6.72862e-08 0 6.72862e-08
82592.5 6.63375e-08 0 6.63375e-08
83170.6 6.54021e-08 0 6.54021e-08
83752.8 6.44799e-08 0 6.44799e-08
84339.1 6.35708e-08 0 6.35708e-08
84929.5 6.26744e-08 0 6.26744e-08
85524 6.17906e-08 0 6.17906e-08
86122.6 6.09193e-08 0 6.09193e-08
86725.5 6.00603e-08 0 6.00603e-08
87332.6 5.92134e-08 0 5.92134e-08
87943.9 5.83774e-08 0 5.83774e-08
88559.5 5.75543e-08 0 5.75543e-08
89179.4 5.67427e-08 0 5.67427e-08
89803.7 5.59425e-08 0 5.59425e-08
90432.3 5.51536e-08 0 5.51536e-08
91065.3 5.43759e-08 0 5.43759e-08
91702.8 5.3609e-08 0 5.3609e-08
92344.7 5.2853e-08 0 5.2853e-08
92991.1 5.21077e-08 0 5.21077e-08
93642.1 5.13728e-08 0 5.13728e-08
94297.6 5.06483e-08 0 5.06483e-08
94957.7 4.9934e-08 0 4.9934e-08
95622.4 4.92297e-08 0 4.92297e-08
96291.7 4.85354e-08 0 4.85354e-08
96965.8 4.78509e-08 0 4.78509e-08
97644.5 4.7176e-08 0 4.7176e-08
98328 4.65098e-08 0 4.65098e-08
99016.3 4.58539e-08 0 4.58539e-08
99709.4 4.52071e-08 0 4.52071e-08
100407 4.45695e-08 0 4.45695e-08
101110 4.39409e-08 0 4.39409e-08
101818 4.33211e-08 0 4.33211e-08
102531 4.271e-08 0 4.271e-08
103248 4.21076e-08 0 4.21076e-08
103971 4.15136e-08 0 4.15136e-08
104699 4.0928e-08 0 4.0928e-08
105432 4.03507e-08 0 4.03507e-08
106170 3.97815e-08 0 3.97815e-08
106913 3.92203e-08 0 3.92203e-08
107662 3.8667e-08 0 3.8667e-08
108415 3.81215e-08 0 3.81215e-08
109174 3.75837e-08 0 3.75837e-08
109938 3.70535e-08 0 3.70535e-08
110708 3.65302e-08 0 3.65302e-08
111483 3.60148e-08 0 3.60148e-08
112263 3.55067e-08 0 3.55067e-08
113049 3.50058e-08 0 3.50058e-08
113840 3.45119e-08 0 3.45119e-08
114637 3.4025e-08 0 3.4025e-08
115440 3.35449e-08 0 3.35449e-08
116248 3.30716e-08 0 3.30716e-08
117061 3.2605e-08 0 3.2605e-08
117881 3.2145e-08 0 3.2145e-08
118706 3.16914e-08 0 3.16914e-08
119537 3.12442e-08 0 3.12442e-08
120374 3.08033e-08 0 3.08033e-08
121216 3.03687e-08 0 3.03687e-08
122065 2.99401e-08 0 2.99401e-08
122919 2.95176e-08 0 2.95176e-08
123780 2.91006e-08 0 2.91006e-08
124646 2.86899e-08 0 2.86899e-08
125519 2.82851e-08 0 2.82851e-08
126397 2.78859e-08 0 2.78859e-08
127282 2.74924e-08 0 2.74924e-08
128173 2.71044e-08 0 2.71044e-08
129070 2.67218e-08 0 2.67218e-08
129974 2.63447e-08 0 2.63447e-08
130884 2.59729e-08 0 2.59729e-08
131800 2.56063e-08 0 2.56063e-08
132722 2.52449e-08 0 2.52449e-08
133652 2.48886e-08 0 2.48886e-08
134587 2.45373e-08 0 2.45373e-08
135529 2.41909e-08 0 2.41909e-08
136478 2.38494e-08 0 2.38494e-08
137433 2.35128e-08 0 2.35128e-08
138395 2.31809e-08 0 2.31809e-08
139364 2.28533e-08 0 2.28533e-08
140340 2.25307e-08 0 2.25307e-08
141322 2.22126e-08 0 2.22126e-08
142311 2.1899e-08 0 2.1899e-08
143307 2.15899e-08 0 2.15899e-08
144311 2.12851e-08 0 2.12851e-08
145321 2.09846e-08 0 2.09846e-08
146338 2.06883e-08 0 2.06883e-08
147362 2.03962e-08 0 2.03962e-08
148394 2.01082e-08 0 2.01082e-08
149433 1.98243e-08 0 1.98243e-08
150479 1.95444e-08 0 1.95444e-08
151532 1.92684e-08 0 1.92684e-08
152593 1.89963e-08 0 1.89963e-08
153661 1.87281e-08 0 1.87281e-08
154737 1.84636e-08 0 1.84636e-08
155820 1.82029e-08 0 1.82029e-08
156910 1.79455e-08 0 1.79455e-08
158009 1.76921e-08 0 1.76921e-08
159115 1.74422e-08 0 1.74422e-08
160229 1.71959e-08 0 1.71959e-08
161350 1.69531e-08 0 1.69531e-08
162480 1.67136e-08 0 1.67136e-08
163617 1.64776e-08 0 1.64776e-08
164762 1.62448e-08 0 1.62448e-08
165916 1.60154e-08 0 1.60154e-08
167077 1.57892e-08 0 1.57892e-08
168247 1.55661e-08 0 1.55661e-08
169424 1.53462e-08 0 1.53462e-08
170610 1.51294e-08 0 1.51294e-08
171805 1.49157e-08 0 1.49157e-08
173007 1.4705e-08 0 1.4705e-08
174218 1.44973e-08 0 1.44973e-08
175438 1.42922e-08 0 1.42922e-08
176666 1.40903e-08 0 1.40903e-08
177903 1.38912e-08 0 1.38912e-08
179148 1.36949e-08 0 1.36949e-08
180402 1.35014e-08 0 1.35014e-08
181665 1.33107e-08 0 1.33107e-08
182936 1.31226e-08 0 1.31226e-08
184217 1.29372e-08 0 1.29372e-08
185507 1.27544e-08 0 1.27544e-08
186805 1.25741e-08 0 1.25741e-08
188113 1.23964e-08 0 1.23964e-08
189429 1.22212e-08 0 1.22212e-08
190755 1.20485e-08 0 1.20485e-08
192091 1.18782e-08 0 1.18782e-08
193435 1.17103e-08 0 1.17103e-08
194789 1.15448e-08 0 1.15448e-08
196153 1.13816e-08 0 1.13816e-08
197526 1.12206e-08 0 1.12206e-08
198909 1.1062e-08 0 1.1062e-08
200301 1.09056e-08 0 1.09056e-08
201703 1.07514e-08 0 1.07514e-08
203115 1.05994e-08 0 1.05994e-08
204537 1.04496e-08 0 1.04496e-08
205969 1.03019e-08 0 1.03019e-08
207410 1.01562e-08 0 1.01562e-08
208862 1.00126e-08 0 1.00126e-08
210324 9.87104e-09 0 9.87104e-09
211797 9.73147e-09 0 9.73147e-09
213279 9.59386e-09 0 9.59386e-09
214772 9.4582e-09 0 9.4582e-09
216276 9.32444e-09 0 9.32444e-09
217790 9.19258e-09 0 9.19258e-09
219314 9.06257e-09 0 9.06257e-09
220849 8.9344e-09 0 8.9344e-09
222395 8.80789e-09 0 8.80789e-09
223952 8.68332e-09 0 8.68332e-09
225520 8.5605e-09 0 8.5605e-09
227098 8.43941e-09 0 8.43941e-09
228688 8.32004e-09 0 8.32004e-09
230289 8.20234e-09 0 8.20234e-09
231901 8.08631e-09 0 8.08631e-09
233524 7.97191e-09 0 7.97191e-09
235159 7.85913e-09 0 7.85913e-09
236805 7.74794e-09 0 7.74794e-09
238462 7.63831e-09 0 7.63831e-09
240132 7.53024e-09 0 7.53024e-09
241813 7.42368e-09 0 7.42368e-09
243505 7.31863e-09 0 7.31863e-09
245210 7.21507e-09 0 7.21507e-09
246926 7.11296e-09 0 7.11296e-09
248655 7.01218e-09 0 7.01218e-09
250395 6.91294e-09 0 6.91294e-09
252148 6.8151e-09 0 6.8151e-09
253913 6.71864e-09 0 6.71864e-09
255691 6.62354e-09 0 6.62354e-09
257480 6.52979e-09 0 6.52979e-09
259283 6.43736e-09 0 6.43736e-09
261098 6.34623e-09 0 6.34623e-09
262925 6.25638e-09 0 6.25638e-09
264766 6.16781e-09 0 6.16781e-09
266619 6.08048e-09 0 6.08048e-09
268486 5.99439e-09 0 5.99439e-09
270365 5.90951e-09 0 5.90951e-09
272258 5.82583e-09 0 5.82583e-09
274163 5.74333e-09 0 5.74333e-09
276083 5.662e-09 0 5.662e-09
278015 5.58181e-09 0 5.58181e-09
279961 5.50266e-09 0 5.50266e-09
281921 5.42473e-09 0 5.42473e-09
283894 5.3479e-09 0 5.3479e-09
285882 5.27215e-09 0 5.27215e-09
287883 5.19747e-09 0 5.19747e-09
289898 5.12384e-09 0 5.12384e-09
291927 5.05125e-09 0 5.05125e-09
293971 4.97969e-09 0 4.97969e-09
296029 4.90914e-09 0 4.90914e-09
298101 4.83958e-09 0 4.83958e-09
300188 4.771e-09 0 4.771e-09
302289 4.7034e-09 0 4.7034e-09
304405 4.63675e-09 0 4.63675e-09
306536 4.57103e-09 0 4.57103e-09
308681 4.50625e-09 0 4.50625e-09
310842 4.44238e-09 0 4.44238e-09
313018 4.37942e-09 0 4.37942e-09
315209 4.31727e-09 0 4.31727e-09
317416 4.25607e-09 0 4.25607e-09
319638 4.19574e-09 0 4.19574e-09
321875 4.13626e-09 0 4.13626e-09
324128 4.07762e-09 0 4.07762e-09
326397 4.0198e-09 0 4.0198e-09
328682 3.96281e-09 0 3.96281e-09
330983 3.90662e-09 0 3.90662e-09
333300 3.85122e-09 0 3.85122e-09
335633 3.7966e-09 0 3.7966e-09
337982 3.74276e-09 0 3.74276e-09
340348 3.68967e-09 0 3.68967e-09
342730 3.63734e-09 0 3.63734e-09
345129 3.58575e-09 0 3.58575e-09
347545 3.53488e-09 0 3.53488e-09
349978 3.48473e-09 0 3.48473e-09
352428 3.43524e-09 0 3.43524e-09
354895 3.3865e-09 0 3.3865e-09
357379 3.33845e-09 0 3.33845e-09
359881 3.29108e-09 0 3.29108e-09
362400 3.24438e-09 0 3.24438e-09
364937 3.19834e-09 0 3.19834e-09
367491 3.15295e-09 0 3.15295e-09
370064 3.1082e-09 0 3.1082e-09
372654 3.06409e-09 0 3.06409e-09
375263 3.0206e-09 0 3.0206e-09
377890 2.97772e-09 0 2.97772e-09
380535 2.93545e-09 0 2.93545e-09
383199 2.89377e-09 0 2.89377e-09
385881 2.85269e-09 0 2.85269e-09
388582 2.81218e-09 0 2.81218e-09
391302 2.77225e-09 0 2.77225e-09
394041 2.73288e-09 0 2.73288e-09
396800 2.69402e-09 0 2.69402e-09
399577 2.65576e-09 0 2.65576e-09
402374 2.61805e-09 0 2.61805e-09
405191 2.58086e-09 0 2.58086e-09
408027 2.5442e-09 0 2.5442e-09
410884 2.50806e-09 0 2.50806e-09
413760 2.47243e-09 0 2.47243e-09
416656 2.4373e-09 0 2.4373e-09
419573 2.40267e-09 0 2.40267e-09
422510 2.36853e-09 0 2.36853e-09
425467 2.33487e-09 0 2.33487e-09
428446 2.30169e-09 0 2.30169e-09
431445 2.26898e-09 0 2.26898e-09
434465 2.23673e-09 0 2.23673e-09
437506 2.20494e-09 0 2.20494e-09
440569 2.17359e-09 0 2.17359e-09
443653 2.14269e-09 0 2.14269e-09
446758 2.11219e-09 0 2.11219e-09
449885 2.08216e-09 0 2.08216e-09
453035 2.05256e-09 0 2.05256e-09
456206 2.02337e-09 0 2.02337e-09
459399 1.9946e-09 0 1.9946e-09
462615 1.96623e-09 0 1.96623e-09
465853 1.93827e-09 0 1.93827e-09
469114 1.9107e-09 0 1.9107e-09
472398 1.88352e-09 0 1.88352e-09
475705 1.85673e-09 0 1.85673e-09
479035 1.83031e-09 0 1.83031e-09
482388 1.80427e-09 0 1.80427e-09
485765 1.7786e-09 0 1.7786e-09
489165 1.75329e-09 0 1.75329e-09
492589 1.72834e-09 0 1.72834e-09
496037 1.70374e-09 0 1.70374e-09
499510 1.67949e-09 0 1.67949e-09
503006 1.65556e-09 0 1.65556e-09
506527 1.63199e-09 0 1.63199e-09
510073 1.60876e-09 0 1.60876e-09
513644 1.58586e-09 0 1.58586e-09
517239 1.56328e-09 0 1.56328e-09
520860 1.54102e-09 0 1.54102e-09
524506 1.51907e-09 0 1.51907e-09
528177 1.49744e-09 0 1.49744e-09
531875 1.47611e-09 0 1.47611e-09
535598 1.45509e-09 0 1.45509e-09
539347 1.43436e-09 0 1.43436e-09
543122 1.41393e-09 0 1.41393e-09
546924 1.39379e-09 0 1.39379e-09
550753 1.37393e-09 0 1.37393e-09
554608 1.35435e-09 0 1.35435e-09
558490 1.33505e-09 0 1.33505e-09
562400 1.31603e-09 0 1.31603e-09
566336 1.29725e-09 0 1.29725e-09
570301 1.27876e-09 0 1.27876e-09
574293 1.26053e-09 0 1.26053e-09
578313 1.24256e-09 0 1.24256e-09
582361 1.22485e-09 0 1.22485e-09
586438 1.20738e-09 0 1.20738e-09
590543 1.19017e-09 0 1.19017e-09
594676 1.1732e-09 0 1.1732e-09
598839 1.15647e-09 0 1.15647e-09
603031 1.13997e-09 0 1.13997e-09
607252 1.12371e-09 0 1.12371e-09
611503 1.10768e-09 0 1.10768e-09
615784 1.09188e-09 0 1.09188e-09
620094 1.0763e-09 0 1.0763e-09
624435 1.06095e-09 0 1.06095e-09
628806 1.04581e-09 0 1.04581e-09
633207 1.03088e-09 0 1.03088e-09
637640 1.01616e-09 0 1.01616e-09
642103 1.00166e-09 0 1.00166e-09
646598 9.8736e-10 0 9.8736e-10
